#Time(ms)	 Value 	 Validity 	 avgValue 	 Diff 	 Outliers 	 invalidReason	 SD 
200	 -1.00 	0 	0.00 	1.00 	1 	0	 0.00	 0.00 
300	 139.69 	0 	69.84 	69.84 	1 	69.84	 14.07	 97.78 
400	 137.46 	1 	103.65 	33.81 	0 	-3	 12.89	 125.56 
500	 117.44 	1 	110.55 	6.89 	0 	-3	 13.60	 119.88 
600	 117.98 	1 	114.26 	3.72 	0 	-3	 12.29	 118.55 
700	 137.46 	1 	125.86 	11.60 	0 	-3	 13.01	 131.79 
800	 142.36 	1 	134.11 	8.25 	0 	-3	 12.20	 139.19 
900	 179.64 	1 	156.88 	22.76 	0 	-3	 14.71	 167.50 
1000	 142.89 	1 	149.88 	6.99 	0 	-3	 16.91	 150.27 
1100	 120.73 	1 	135.31 	14.58 	0 	-3	 17.44	 129.59 
1200	 139.69 	1 	137.50 	2.19 	0 	-3	 17.59	 136.66 
1300	 144.58 	1 	141.04 	3.54 	0 	-3	 16.32	 142.20 
1400	 135.15 	1 	138.09 	2.94 	0 	-3	 15.63	 137.27 
1500	 114.06 	1 	126.08 	12.02 	0 	-3	 16.18	 121.02 
1600	 138.00 	1 	132.04 	5.96 	0 	-3	 16.95	 132.91 
1700	 143.87 	1 	137.95 	5.92 	0 	-3	 15.84	 140.58 
1800	 115.57 	1 	126.76 	11.19 	0 	-3	 17.09	 123.07 
1900	 138.98 	1 	132.87 	6.11 	0 	-3	 17.72	 134.21 
2000	 138.62 	1 	135.75 	2.87 	0 	-3	 15.99	 137.30 
2100	 138.62 	1 	135.75 	2.87 	1 	-3	 15.99	 137.30 
2200	 177.06 	1 	156.40 	20.66 	0 	-3	 18.23	 165.13 
2300	 138.09 	1 	147.25 	9.16 	0 	-3	 20.31	 146.20 
2400	 140.04 	1 	143.64 	3.60 	0 	-3	 18.47	 141.89 
2500	 137.64 	1 	140.64 	3.00 	0 	-3	 16.86	 138.91 
2600	 141.47 	1 	141.06 	0.41 	0 	-3	 15.56	 140.70 
2700	 136.40 	1 	138.73 	2.33 	0 	-3	 14.51	 137.69 
2800	 97.42 	1 	118.07 	20.65 	0 	-3	 16.96	 109.50 
2900	 137.29 	1 	127.68 	9.61 	0 	-3	 19.25	 128.95 
3000	 141.65 	1 	134.67 	6.98 	0 	-3	 17.76	 137.84 
3100	 136.66 	1 	135.66 	1.00 	0 	-3	 16.48	 137.01 
3200	 136.13 	1 	135.90 	0.23 	0 	-3	 14.89	 136.40 
3300	 133.73 	1 	134.81 	1.08 	0 	-3	 13.64	 134.53 
3400	 138.00 	1 	136.41 	1.59 	0 	-3	 12.70	 136.96 
3500	 134.08 	1 	135.24 	1.16 	0 	-3	 11.82	 134.94 
3600	 137.64 	1 	136.44 	1.20 	0 	-3	 11.00	 136.83 
3700	 141.82 	1 	139.13 	2.69 	0 	-3	 10.32	 140.32 
3800	 142.36 	1 	140.75 	1.61 	0 	-3	 9.34	 141.75 
3900	 -1.00 	0 	140.75 	141.75 	0 	0	 9.34	 141.75 
4000	 -1.00 	0 	140.75 	141.75 	0 	0	 9.34	 141.75 
4100	 -1.00 	0 	140.75 	141.75 	0 	0	 9.34	 141.75 
4200	 -1.00 	0 	140.75 	141.75 	1 	0	 9.34	 141.75 
4300	 131.23 	1 	135.99 	4.76 	1 	-3	 21.63	 134.39 
4400	 127.59 	1 	131.79 	4.20 	0 	-3	 19.83	 129.63 
4500	 128.57 	1 	130.18 	1.61 	0 	-3	 17.94	 128.89 
4600	 127.94 	1 	129.06 	1.12 	0 	-3	 16.21	 128.22 
4700	 126.43 	1 	127.74 	1.31 	0 	-3	 14.74	 126.97 
4800	 126.43 	1 	127.74 	1.31 	1 	-3	 14.74	 126.97 
4900	 122.69 	1 	125.22 	2.53 	0 	-3	 13.64	 123.97 
5000	 121.89 	1 	123.55 	1.66 	0 	-3	 12.36	 122.52 
5100	 120.29 	1 	121.92 	1.63 	0 	-3	 11.28	 120.96 
5200	 119.93 	1 	120.93 	1.00 	0 	-3	 10.19	 120.24 
5300	 118.60 	1 	119.76 	1.16 	0 	-3	 9.30	 119.09 
5400	 115.75 	1 	117.76 	2.01 	0 	-3	 8.66	 116.75 
5500	 115.31 	1 	116.53 	1.22 	0 	-3	 7.84	 115.74 
5600	 116.55 	1 	116.54 	0.01 	0 	-3	 7.18	 116.31 
5700	 124.29 	1 	120.42 	3.87 	0 	-3	 7.23	 121.90 
5800	 124.29 	1 	120.42 	3.87 	1 	-3	 7.23	 121.90 
5900	 117.44 	1 	118.93 	1.49 	0 	-3	 7.19	 118.78 
6000	 122.25 	1 	120.59 	1.66 	0 	-3	 6.96	 121.21 
6100	 144.05 	1 	132.32 	11.73 	0 	-3	 8.44	 137.20 
6200	 122.16 	1 	127.24 	5.08 	0 	-3	 9.79	 126.67 
6300	 121.89 	1 	124.56 	2.67 	0 	-3	 8.83	 123.32 
6400	 121.27 	1 	122.92 	1.65 	0 	-3	 8.01	 121.89 
6500	 122.78 	1 	122.85 	0.07 	0 	-3	 7.36	 122.51 
6600	 124.56 	1 	123.70 	0.86 	0 	-3	 6.80	 123.95 
6700	 130.34 	1 	127.02 	3.32 	0 	-3	 6.70	 128.42 
6800	 130.34 	1 	128.68 	1.66 	0 	-3	 6.03	 129.76 
6900	 127.50 	1 	128.09 	0.59 	0 	-3	 5.71	 128.18 
7000	 146.72 	1 	137.41 	9.31 	0 	-3	 7.06	 141.16 
7100	 133.46 	1 	135.43 	1.97 	0 	-3	 7.68	 135.77 
7200	 143.60 	1 	139.52 	4.08 	0 	-3	 7.93	 141.25 
7300	 132.48 	1 	136.00 	3.52 	0 	-3	 8.25	 135.11 
7400	 139.15 	1 	137.57 	1.58 	0 	-3	 8.09	 137.94 
7500	 140.22 	1 	138.90 	1.32 	0 	-3	 7.39	 139.54 
7600	 141.29 	1 	140.09 	1.20 	0 	-3	 6.76	 140.76 
7700	 113.17 	1 	126.63 	13.46 	0 	-3	 8.89	 121.45 
7800	 126.52 	1 	126.58 	0.06 	0 	-3	 9.34	 125.00 
7900	 139.33 	1 	132.95 	6.38 	0 	-3	 9.69	 135.03 
8000	 143.87 	1 	138.41 	5.46 	0 	-3	 9.17	 141.22 
8100	 164.07 	1 	151.24 	12.83 	0 	-3	 10.27	 157.21 
8200	 170.03 	1 	160.64 	9.39 	0 	-3	 9.84	 166.19 
8300	 210.52 	1 	185.58 	24.94 	0 	-3	 12.91	 197.22 
8400	 211.41 	1 	198.49 	12.92 	0 	-3	 11.71	 207.15 
8500	 165.23 	1 	181.86 	16.63 	0 	-3	 15.15	 177.81 
8600	 165.85 	1 	173.86 	8.01 	0 	-3	 13.70	 169.44 
8700	 170.03 	1 	171.94 	1.91 	0 	-3	 12.75	 169.85 
8800	 210.34 	1 	191.14 	19.20 	0 	-3	 15.50	 198.19 
8900	 167.72 	1 	179.43 	11.71 	0 	-3	 18.22	 176.86 
9000	 167.72 	1 	173.58 	5.86 	0 	-3	 16.39	 170.46 
9100	 164.96 	1 	169.27 	4.31 	0 	-3	 15.03	 166.61 
9200	 163.63 	1 	166.45 	2.82 	0 	-3	 13.66	 164.52 
9300	 166.92 	1 	166.68 	0.24 	0 	-3	 12.62	 166.20 
9400	 170.75 	1 	168.72 	2.03 	0 	-3	 11.74	 169.39 
9500	 166.03 	1 	167.37 	1.34 	0 	-3	 11.04	 167.04 
9600	 152.86 	1 	160.12 	7.26 	0 	-3	 11.25	 157.11 
9700	 146.90 	1 	153.51 	6.61 	0 	-3	 10.73	 149.96 
9800	 157.49 	1 	155.50 	1.99 	0 	-3	 10.71	 155.23 
9900	 154.64 	1 	155.07 	0.43 	0 	-3	 9.93	 154.82 
10000	 148.94 	1 	152.00 	3.06 	0 	-3	 9.50	 150.70 
10100	 150.81 	1 	151.41 	0.60 	0 	-3	 8.74	 150.78 
10200	 139.42 	1 	145.41 	5.99 	0 	-3	 9.00	 142.83 
10300	 -1.00 	0 	145.41 	146.41 	0 	0	 9.00	 142.83 
10400	 -1.00 	0 	145.41 	146.41 	0 	0	 9.00	 142.83 
10500	 -1.00 	0 	145.41 	146.41 	1 	0	 9.00	 142.83 
10600	 210.34 	1 	177.88 	32.46 	1 	-3	 29.24	 190.09 
10700	 192.46 	1 	185.17 	7.29 	0 	-3	 28.10	 191.75 
10800	 192.46 	1 	185.17 	7.29 	1 	-3	 28.10	 191.75 
10900	 70.99 	0 	128.08 	57.09 	1 	57.09	 37.44	 107.22 
11000	 53.46 	0 	90.77 	37.31 	0 	37.31	 35.45	 69.59 
11100	 48.30 	0 	69.53 	21.23 	0 	21.23	 32.42	 54.69 
11200	 44.74 	1 	57.14 	12.40 	0 	-3	 29.53	 47.72 
11300	 43.67 	1 	50.40 	6.73 	0 	-3	 26.69	 44.89 
11400	 43.94 	1 	47.17 	3.23 	0 	-3	 24.05	 44.22 
11500	 43.94 	1 	45.56 	1.62 	0 	-3	 21.64	 44.03 
11600	 43.94 	1 	45.56 	1.62 	1 	-3	 21.64	 44.03 
11700	 46.07 	1 	45.81 	0.26 	0 	-3	 19.69	 45.46 
11800	 49.81 	1 	47.81 	2.00 	0 	-3	 18.09	 48.50 
11900	 51.15 	1 	49.48 	1.67 	0 	-3	 16.42	 50.36 
12000	 50.34 	1 	49.91 	0.43 	0 	-3	 14.86	 50.34 
12100	 41.89 	1 	45.90 	4.01 	0 	-3	 14.22	 44.43 
12200	 52.30 	1 	49.10 	3.20 	0 	-3	 13.84	 49.94 
12300	 50.88 	1 	49.99 	0.89 	0 	-3	 12.60	 50.60 
12400	 50.88 	1 	50.44 	0.44 	0 	-3	 11.34	 50.80 
12500	 52.21 	1 	51.32 	0.89 	0 	-3	 10.34	 51.79 
12600	 50.88 	1 	51.10 	0.22 	0 	-3	 9.43	 51.15 
12700	 50.88 	1 	50.99 	0.11 	0 	-3	 8.49	 50.96 
12800	 50.34 	1 	50.67 	0.33 	0 	-3	 7.70	 50.53 
12900	 50.88 	1 	50.77 	0.11 	0 	-3	 6.98	 50.77 
13000	 52.21 	1 	51.49 	0.72 	0 	-3	 6.42	 51.78 
13100	 50.97 	1 	51.23 	0.26 	0 	-3	 5.90	 51.21 
13200	 50.26 	1 	50.75 	0.49 	0 	-3	 5.38	 50.55 
13300	 50.88 	1 	50.81 	0.07 	0 	-3	 4.90	 50.78 
13400	 52.30 	1 	51.56 	0.74 	0 	-3	 4.55	 51.84 
13500	 52.30 	1 	51.93 	0.37 	0 	-3	 4.10	 52.16 
13600	 50.79 	1 	51.36 	0.57 	0 	-3	 3.84	 51.20 
13700	 50.88 	1 	51.12 	0.24 	0 	-3	 3.47	 50.98 
13800	 50.88 	1 	51.00 	0.12 	0 	-3	 3.12	 50.91 
13900	 50.88 	1 	50.94 	0.06 	0 	-3	 2.81	 50.89 
14000	 50.79 	1 	50.86 	0.07 	0 	-3	 2.54	 50.82 
14100	 48.92 	1 	49.89 	0.97 	0 	-3	 2.47	 49.49 
14200	 50.61 	1 	50.25 	0.36 	0 	-3	 2.39	 50.27 
14300	 50.88 	1 	50.57 	0.31 	0 	-3	 2.18	 50.70 
14400	 51.32 	1 	50.94 	0.38 	0 	-3	 2.00	 51.13 
14500	 50.88 	1 	50.91 	0.03 	0 	-3	 1.85	 50.96 
14600	 50.79 	1 	50.85 	0.06 	0 	-3	 1.67	 50.84 
14700	 49.72 	1 	50.29 	0.57 	0 	-3	 1.61	 50.06 
14800	 49.72 	1 	50.00 	0.28 	0 	-3	 1.45	 49.82 
14900	 50.88 	1 	50.44 	0.44 	0 	-3	 1.42	 50.56 
15000	 50.88 	1 	50.66 	0.22 	0 	-3	 1.28	 50.78 
15100	 50.88 	1 	50.77 	0.11 	0 	-3	 1.15	 50.85 
