#Time(ms)	  xPos 	 yPos 	 zPos 	 xVal 	 yVal 	 zVal 	 State 	 oRoll 	 oPitch 	 oYaw 	 oThrottle 	 spX 	 spY 	 spZ 
200	 0.00	 0.00	 0.00	 0	 0	 0	 hover	 1500	 1500	 1500	 1000	 0.00	 0.00	 0.00
300	 0.00	 0.00	 0.00	 0	 0	 0	 hover	 1500	 1500	 1500	 1000	 0.00	 0.00	 0.00
400	 0.00	 0.00	 0.00	 1	 1	 0	 hover	 1500	 1500	 1500	 1000	 0.00	 0.00	 0.00
500	 -7.43	 -4.86	 0.00	 1	 1	 1	 hover	 1509	 1485	 1500	 1000	 0.00	 0.00	 0.00
600	 -10.50	 -2.35	 1.04	 1	 1	 1	 hover	 1504	 1478	 1500	 1012	 0.00	 0.00	 0.00
700	 -5.22	 -1.43	 1.52	 1	 1	 1	 hover	 1502	 1489	 1500	 1020	 0.00	 0.00	 0.00
800	 -2.12	 -1.50	 1.44	 1	 1	 1	 hover	 1503	 1495	 1500	 1022	 0.00	 0.00	 0.00
900	 6.27	 -0.33	 0.99	 1	 1	 1	 hover	 1500	 1512	 1500	 1019	 0.00	 0.00	 0.00
1000	 -1.61	 -1.02	 0.74	 1	 1	 1	 hover	 1502	 1496	 1500	 1018	 0.00	 0.00	 0.00
1100	 -8.97	 -1.11	 0.10	 1	 1	 1	 hover	 1502	 1482	 1500	 1012	 0.00	 0.00	 0.00
1200	 -22.60	 -1.79	 0.50	 1	 1	 1	 hover	 1503	 1454	 1500	 1017	 0.00	 0.00	 0.00
1300	 -5.61	 -0.60	 0.86	 1	 1	 1	 hover	 1501	 1488	 1500	 1023	 0.00	 0.00	 0.00
1400	 -1.45	 -1.12	 -1.36	 1	 1	 1	 hover	 1502	 1497	 1500	 998	 0.00	 0.00	 0.00
1500	 -9.55	 -1.74	 0.96	 1	 1	 1	 hover	 1503	 1480	 1500	 1023	 0.00	 0.00	 0.00
1600	 -5.29	 -1.33	 1.68	 1	 1	 1	 hover	 1502	 1489	 1500	 1033	 0.00	 0.00	 0.00
1700	 -2.06	 -2.02	 1.58	 1	 1	 1	 hover	 1504	 1495	 1500	 1035	 0.00	 0.00	 0.00
1800	 -9.16	 -2.01	 1.06	 1	 1	 1	 hover	 1504	 1481	 1500	 1032	 0.00	 0.00	 0.00
1900	 -6.85	 -0.13	 1.78	 1	 1	 1	 hover	 1500	 1486	 1500	 1043	 0.00	 0.00	 0.00
2000	 -6.60	 -5.36	 1.22	 1	 1	 1	 hover	 1510	 1486	 1500	 1040	 0.00	 0.00	 0.00
2100	 -6.46	 -11.09	 0.95	 1	 1	 1	 hover	 1522	 1487	 1500	 1039	 0.00	 0.00	 0.00
2200	 -0.81	 -6.76	 -0.11	 1	 1	 1	 hover	 1513	 1498	 1500	 1028	 0.00	 0.00	 0.00
2300	 -6.28	 -5.52	 -0.11	 1	 1	 1	 hover	 1511	 1487	 1500	 1028	 0.00	 0.00	 0.00
2400	 -30.18	 -5.52	 -0.49	 1	 1	 1	 hover	 1511	 1439	 1500	 1023	 0.00	 0.00	 0.00
2500	 -6.74	 -4.12	 -1.08	 1	 1	 1	 hover	 1508	 1486	 1500	 1015	 0.00	 0.00	 0.00
2600	 2.19	 -4.81	 -1.84	 1	 1	 1	 hover	 1509	 1504	 1500	 1004	 0.00	 0.00	 0.00
2700	 -1.23	 -7.91	 -3.17	 1	 1	 1	 hover	 1515	 1497	 1500	 984	 0.00	 0.00	 0.00
2800	 -7.10	 -9.77	 35.16	 1	 1	 1	 hover	 1519	 1485	 1500	 1438	 0.00	 0.00	 0.00
2900	 -3.99	 -9.85	 45.24	 1	 1	 1	 hover	 1519	 1492	 1500	 1629	 0.00	 0.00	 0.00
3000	 -2.48	 -6.17	 40.54	 1	 1	 1	 hover	 1512	 1495	 1500	 1663	 0.00	 0.00	 0.00
3100	 15.61	 -8.15	 13.41	 1	 1	 1	 hover	 1516	 1531	 1500	 1419	 0.00	 0.00	 0.00
3200	 13.71	 -4.23	 24.01	 1	 1	 1	 hover	 1508	 1527	 1500	 1573	 0.00	 0.00	 0.00
3300	 3.84	 -3.88	 21.06	 1	 1	 1	 hover	 1507	 1507	 1500	 1585	 0.00	 0.00	 0.00
3400	 5.59	 -5.95	 18.00	 1	 1	 1	 hover	 1511	 1511	 1500	 1591	 0.00	 0.00	 0.00
3500	 2.03	 -5.73	 12.70	 1	 1	 1	 hover	 1511	 1504	 1500	 1563	 0.00	 0.00	 0.00
3600	 11.27	 -18.80	 6.91	 1	 1	 1	 hover	 1537	 1522	 1500	 1519	 0.00	 0.00	 0.00
3700	 14.77	 -20.75	 5.07	 1	 1	 1	 hover	 1541	 1529	 1500	 1511	 0.00	 0.00	 0.00
3800	 16.19	 -13.30	 1.63	 1	 1	 1	 hover	 1526	 1532	 1500	 1480	 0.00	 0.00	 0.00
3900	 16.19	 -11.71	 -1.22	 1	 1	 1	 hover	 1523	 1532	 1500	 1449	 0.00	 0.00	 0.00
4000	 19.11	 -20.40	 -5.44	 1	 1	 1	 hover	 1540	 1538	 1500	 1396	 0.00	 0.00	 0.00
4100	 19.04	 -23.05	 -6.17	 1	 1	 1	 hover	 1546	 1538	 1500	 1376	 0.00	 0.00	 0.00
4200	 9.05	 -9.97	 -7.98	 1	 1	 1	 hover	 1519	 1518	 1500	 1342	 0.00	 0.00	 0.00
4300	 13.39	 -7.91	 -9.79	 1	 1	 1	 hover	 1515	 1526	 1500	 1304	 0.00	 0.00	 0.00
4400	 5.39	 -10.91	 -10.51	 1	 1	 1	 hover	 1521	 1510	 1500	 1276	 0.00	 0.00	 0.00
4500	 10.65	 -9.71	 -11.39	 1	 1	 1	 hover	 1519	 1521	 1500	 1245	 0.00	 0.00	 0.00
4600	 8.88	 -0.89	 -9.88	 1	 1	 1	 hover	 1501	 1517	 1500	 1240	 0.00	 0.00	 0.00
4700	 3.82	 -3.73	 -7.76	 1	 1	 1	 hover	 1507	 1507	 1500	 1246	 0.00	 0.00	 0.00
4800	 3.82	 -17.33	 -3.72	 1	 1	 1	 hover	 1534	 1507	 1500	 1278	 0.00	 0.00	 0.00
4900	 7.76	 -20.95	 -1.41	 1	 1	 1	 hover	 1541	 1515	 1500	 1299	 0.00	 0.00	 0.00
5000	 4.51	 -10.76	 1.48	 1	 1	 1	 hover	 1521	 1509	 1500	 1331	 0.00	 0.00	 0.00
5100	 3.41	 -5.65	 13.69	 1	 1	 1	 hover	 1511	 1506	 1500	 1480	 0.00	 0.00	 0.00
5200	 2.99	 -1.59	 14.12	 1	 1	 1	 hover	 1503	 1505	 1500	 1513	 0.00	 0.00	 0.00
5300	 1.79	 -3.15	 15.00	 1	 1	 1	 hover	 1506	 1503	 1500	 1552	 0.00	 0.00	 0.00
5400	 -8.58	 -3.31	 15.00	 1	 1	 1	 hover	 1506	 1482	 1500	 1582	 0.00	 0.00	 0.00
5500	 -9.59	 -0.48	 18.16	 1	 1	 1	 hover	 1500	 1480	 1500	 1649	 0.00	 0.00	 0.00
5600	 -9.13	 -0.27	 19.70	 1	 1	 1	 hover	 1500	 1481	 1500	 1704	 0.00	 0.00	 0.00
5700	 -3.31	 -2.70	 19.99	 1	 1	 1	 hover	 1505	 1493	 1500	 1747	 0.00	 0.00	 0.00
5800	 -3.31	 -4.58	 17.83	 1	 1	 1	 hover	 1509	 1493	 1500	 1761	 0.00	 0.00	 0.00
5900	 -4.62	 -5.69	 20.31	 1	 1	 1	 hover	 1511	 1490	 1500	 1827	 0.00	 0.00	 0.00
6000	 -4.60	 -2.97	 19.88	 1	 1	 1	 hover	 1505	 1490	 1500	 1862	 0.00	 0.00	 0.00
6100	 5.60	 -6.01	 19.94	 1	 1	 1	 hover	 1512	 1511	 1500	 1902	 0.00	 0.00	 0.00
6200	 -3.39	 -5.54	 19.76	 1	 1	 1	 hover	 1511	 1493	 1500	 1940	 0.00	 0.00	 0.00
6300	 -6.70	 -2.80	 18.65	 1	 1	 1	 hover	 1505	 1486	 1500	 1966	 0.00	 0.00	 0.00
6400	 -7.77	 -7.71	 17.56	 1	 1	 1	 hover	 1515	 1484	 1500	 1991	 0.00	 0.00	 0.00
6500	 -4.75	 -6.02	 17.85	 1	 1	 1	 hover	 1512	 1490	 1500	 2029	 0.00	 0.00	 0.00
6600	 1.15	 -4.18	 18.05	 1	 1	 1	 hover	 1508	 1502	 1500	 2067	 0.00	 0.00	 0.00
6700	 0.90	 -5.34	 18.17	 1	 1	 1	 hover	 1510	 1501	 1500	 2105	 0.00	 0.00	 0.00
6800	 1.34	 -4.81	 19.57	 1	 1	 1	 hover	 1509	 1502	 1500	 2158	 0.00	 0.00	 0.00
6900	 -0.20	 -5.12	 17.32	 1	 1	 1	 hover	 1510	 1499	 1500	 2170	 0.00	 0.00	 0.00
7000	 11.83	 -3.70	 17.84	 1	 1	 1	 hover	 1507	 1523	 1500	 2211	 0.00	 0.00	 0.00
7100	 8.91	 -3.38	 21.87	 1	 1	 1	 hover	 1506	 1517	 1500	 2295	 0.00	 0.00	 0.00
7200	 10.71	 -0.99	 25.37	 1	 1	 1	 hover	 1501	 1521	 1500	 2381	 0.00	 0.00	 0.00
7300	 9.90	 0.32	 32.75	 1	 1	 1	 hover	 1499	 1519	 1500	 2520	 0.00	 0.00	 0.00
7400	 8.48	 1.90	 38.80	 1	 1	 1	 hover	 1496	 1516	 1500	 2658	 0.00	 0.00	 0.00
7500	 8.60	 -0.62	 43.60	 1	 1	 1	 hover	 1501	 1517	 1500	 2793	 0.00	 0.00	 0.00
7600	 10.35	 8.12	 51.02	 1	 1	 1	 hover	 1483	 1520	 1500	 2970	 0.00	 0.00	 0.00
7700	 6.84	 11.89	 53.56	 1	 1	 1	 hover	 1476	 1513	 1500	 3102	 0.00	 0.00	 0.00
7800	 3.16	 6.64	 60.27	 1	 1	 1	 hover	 1486	 1506	 1500	 3290	 0.00	 0.00	 0.00
7900	 12.39	 4.77	 66.45	 1	 1	 1	 hover	 1490	 1524	 1500	 3485	 0.00	 0.00	 0.00
8000	 13.04	 3.73	 37.23	 1	 1	 1	 hover	 1492	 1526	 1500	 3267	 0.00	 0.00	 0.00
8100	 20.53	 3.10	 37.23	 1	 1	 1	 hover	 1493	 1541	 1500	 3341	 0.00	 0.00	 0.00
8200	 24.73	 3.83	 37.25	 1	 1	 1	 hover	 1492	 1549	 1500	 3416	 0.00	 0.00	 0.00
8300	 34.66	 -7.47	 43.70	 1	 1	 1	 hover	 1514	 1569	 1500	 3568	 0.00	 0.00	 0.00
8400	 39.16	 7.47	 41.11	 1	 1	 1	 hover	 1485	 1578	 1500	 3624	 0.00	 0.00	 0.00
8500	 20.92	 10.57	 40.42	 1	 1	 1	 hover	 1478	 1541	 1500	 3698	 0.00	 0.00	 0.00
8600	 18.05	 11.87	 40.33	 1	 1	 1	 hover	 1476	 1536	 1500	 3778	 0.00	 0.00	 0.00
8700	 21.51	 13.83	 44.08	 1	 1	 1	 hover	 1472	 1543	 1500	 3903	 0.00	 0.00	 0.00
8800	 27.17	 13.49	 42.07	 1	 1	 1	 hover	 1473	 1554	 1500	 3967	 0.00	 0.00	 0.00
8900	 16.56	 12.60	 41.08	 1	 1	 1	 hover	 1474	 1533	 1500	 4040	 0.00	 0.00	 0.00
9000	 15.06	 11.24	 40.02	 1	 1	 1	 hover	 1477	 1530	 1500	 4109	 0.00	 0.00	 0.00
9100	 13.55	 11.12	 40.91	 1	 1	 1	 hover	 1477	 1527	 1500	 4200	 0.00	 0.00	 0.00
9200	 13.17	 11.46	 41.25	 1	 1	 1	 hover	 1477	 1526	 1500	 4286	 0.00	 0.00	 0.00
9300	 13.92	 10.98	 43.67	 1	 1	 1	 hover	 1478	 1527	 1500	 4397	 0.00	 0.00	 0.00
9400	 19.13	 11.07	 40.40	 1	 1	 1	 hover	 1477	 1538	 1500	 4445	 0.00	 0.00	 0.00
9500	 16.26	 10.65	 41.51	 1	 1	 1	 hover	 1478	 1532	 1500	 4540	 0.00	 0.00	 0.00
9600	 12.43	 11.19	 42.13	 1	 1	 1	 hover	 1477	 1524	 1500	 4630	 0.00	 0.00	 0.00
9700	 9.48	 11.55	 43.44	 1	 1	 1	 hover	 1476	 1518	 1500	 4730	 0.00	 0.00	 0.00
9800	 10.66	 11.33	 43.89	 1	 1	 1	 hover	 1477	 1521	 1500	 4822	 0.00	 0.00	 0.00
9900	 10.22	 12.81	 43.98	 1	 1	 1	 hover	 1474	 1520	 1500	 4911	 0.00	 0.00	 0.00
10000	 9.03	 11.35	 43.99	 1	 1	 1	 hover	 1477	 1518	 1500	 4999	 0.00	 0.00	 0.00
10100	 13.53	 10.83	 42.67	 1	 1	 1	 hover	 1478	 1527	 1500	 5071	 0.00	 0.00	 0.00
10200	 8.72	 10.75	 43.68	 1	 1	 1	 hover	 1478	 1517	 1500	 5169	 0.00	 0.00	 0.00
10300	 3.50	 11.17	 44.21	 1	 1	 1	 hover	 1477	 1506	 1500	 5263	 0.00	 0.00	 0.00
10400	 2.39	 11.25	 43.56	 1	 1	 1	 hover	 1477	 1504	 1500	 5343	 0.00	 0.00	 0.00
10500	 7.97	 11.45	 42.89	 1	 1	 1	 hover	 1477	 1515	 1500	 5422	 0.00	 0.00	 0.00
10600	 4.56	 11.52	 41.36	 1	 1	 1	 hover	 1476	 1509	 1500	 5490	 0.00	 0.00	 0.00
10700	 3.71	 11.46	 42.97	 1	 1	 1	 hover	 1477	 1507	 1500	 5592	 0.00	 0.00	 0.00
10800	 4.06	 9.56	 42.64	 1	 1	 1	 hover	 1480	 1508	 1500	 5674	 0.00	 0.00	 0.00
10900	 3.27	 9.31	 42.31	 1	 1	 1	 hover	 1481	 1506	 1500	 5755	 0.00	 0.00	 0.00
11000	 2.75	 9.21	 43.86	 1	 1	 1	 hover	 1481	 1505	 1500	 5858	 0.00	 0.00	 0.00
11100	 2.85	 9.20	 44.19	 1	 1	 1	 hover	 1481	 1505	 1500	 5950	 0.00	 0.00	 0.00
11200	 2.88	 9.60	 44.22	 1	 1	 1	 hover	 1480	 1505	 1500	 6039	 0.00	 0.00	 0.00
11300	 2.71	 10.25	 43.52	 1	 1	 1	 hover	 1479	 1505	 1500	 6119	 0.00	 0.00	 0.00
11400	 2.33	 9.72	 43.30	 1	 1	 1	 hover	 1480	 1504	 1500	 6203	 0.00	 0.00	 0.00
11500	 2.27	 10.02	 43.28	 1	 1	 1	 hover	 1479	 1504	 1500	 6290	 0.00	 0.00	 0.00
11600	 2.23	 9.87	 43.28	 1	 1	 1	 hover	 1480	 1504	 1500	 6376	 0.00	 0.00	 0.00
11700	 1.91	 10.80	 43.21	 1	 1	 1	 hover	 1478	 1503	 1500	 6462	 0.00	 0.00	 0.00
11800	 2.82	 10.99	 43.30	 1	 1	 1	 hover	 1478	 1505	 1500	 6549	 0.00	 0.00	 0.00
11900	 9.11	 11.01	 41.96	 1	 1	 1	 hover	 1477	 1518	 1500	 6620	 0.00	 0.00	 0.00
12000	 4.45	 11.46	 43.90	 1	 1	 1	 hover	 1477	 1508	 1500	 6727	 0.00	 0.00	 0.00
12100	 7.52	 11.53	 42.61	 1	 1	 1	 hover	 1476	 1515	 1500	 6799	 0.00	 0.00	 0.00
12200	 9.71	 11.47	 42.73	 1	 1	 1	 hover	 1477	 1519	 1500	 6886	 0.00	 0.00	 0.00
12300	 4.84	 10.82	 44.72	 1	 1	 1	 hover	 1478	 1509	 1500	 6995	 0.00	 0.00	 0.00
12400	 3.79	 11.49	 45.22	 1	 1	 1	 hover	 1477	 1507	 1500	 7091	 0.00	 0.00	 0.00
12500	 3.75	 13.82	 44.84	 1	 1	 1	 hover	 1472	 1507	 1500	 7177	 0.00	 0.00	 0.00
12600	 3.19	 15.36	 44.35	 1	 1	 1	 hover	 1469	 1506	 1500	 7260	 0.00	 0.00	 0.00
12700	 2.71	 14.70	 44.45	 1	 1	 1	 hover	 1470	 1505	 1500	 7350	 0.00	 0.00	 0.00
12800	 3.09	 13.98	 44.71	 1	 1	 1	 hover	 1472	 1506	 1500	 7442	 0.00	 0.00	 0.00
12900	 3.03	 13.17	 44.94	 1	 1	 1	 hover	 1473	 1506	 1500	 7535	 0.00	 0.00	 0.00
13000	 8.08	 13.43	 42.71	 1	 1	 1	 hover	 1473	 1516	 1500	 7598	 0.00	 0.00	 0.00
13100	 5.33	 13.68	 43.87	 1	 1	 1	 hover	 1472	 1510	 1500	 7697	 0.00	 0.00	 0.00
13200	 4.15	 13.22	 44.92	 1	 1	 1	 hover	 1473	 1508	 1500	 7797	 0.00	 0.00	 0.00
13300	 3.92	 12.87	 43.78	 1	 1	 1	 hover	 1474	 1507	 1500	 7874	 0.00	 0.00	 0.00
13400	 4.45	 9.35	 43.53	 1	 1	 1	 hover	 1481	 1508	 1500	 7958	 0.00	 0.00	 0.00
13500	 4.41	 8.67	 43.87	 1	 1	 1	 hover	 1482	 1508	 1500	 8049	 0.00	 0.00	 0.00
13600	 4.19	 8.70	 44.95	 1	 1	 1	 hover	 1482	 1508	 1500	 8150	 0.00	 0.00	 0.00
13700	 3.74	 8.76	 45.08	 1	 1	 1	 hover	 1482	 1507	 1500	 8241	 0.00	 0.00	 0.00
13800	 3.88	 8.52	 43.51	 1	 1	 1	 hover	 1482	 1507	 1500	 8313	 0.00	 0.00	 0.00
13900	 3.69	 7.25	 43.18	 1	 1	 1	 hover	 1485	 1507	 1500	 8396	 0.00	 0.00	 0.00
14000	 4.08	 6.70	 43.28	 1	 1	 1	 hover	 1486	 1508	 1500	 8483	 0.00	 0.00	 0.00
14100	 3.71	 5.63	 43.04	 1	 1	 1	 hover	 1488	 1507	 1500	 8567	 0.00	 0.00	 0.00
14200	 3.82	 5.14	 42.76	 1	 1	 1	 hover	 1489	 1507	 1500	 8650	 0.00	 0.00	 0.00
14300	 3.89	 5.04	 44.18	 1	 1	 1	 hover	 1489	 1507	 1500	 8752	 0.00	 0.00	 0.00
14400	 4.23	 4.91	 44.46	 1	 1	 1	 hover	 1490	 1508	 1500	 8844	 0.00	 0.00	 0.00
14500	 3.84	 5.09	 44.49	 1	 1	 1	 hover	 1489	 1507	 1500	 8933	 0.00	 0.00	 0.00
14600	 4.15	 4.91	 44.52	 1	 1	 1	 hover	 1490	 1508	 1500	 9023	 0.00	 0.00	 0.00
14700	 3.64	 4.65	 43.06	 1	 1	 1	 hover	 1490	 1507	 1500	 9094	 0.00	 0.00	 0.00
14800	 3.49	 4.62	 42.99	 1	 1	 1	 hover	 1490	 1506	 1500	 9179	 0.00	 0.00	 0.00
14900	 3.38	 4.49	 43.13	 1	 1	 1	 hover	 1491	 1506	 1500	 9267	 0.00	 0.00	 0.00
15000	 3.91	 4.20	 43.15	 1	 1	 1	 hover	 1491	 1507	 1500	 9354	 0.00	 0.00	 0.00
15100	 3.74	 4.14	 42.00	 1	 1	 1	 hover	 1491	 1507	 1500	 9426	 0.00	 0.00	 0.00
