#Time(ms)	 Value 	 Validity 	 avgValue 	 Diff 	 Outliers 	 invalidReason	 SD 
200	 -1.00 	0 	0.00 	1.00 	1 	0	 0.00	 0.00 
300	 142.89 	0 	71.44 	71.44 	1 	71.44	 14.39	 100.02 
400	 102.85 	1 	87.15 	15.70 	1 	-3	 16.95	 102.00 
500	 129.54 	1 	108.34 	21.20 	0 	-3	 17.93	 121.28 
600	 109.08 	1 	108.71 	0.37 	0 	-3	 18.18	 112.74 
700	 107.92 	1 	108.32 	0.40 	0 	-3	 16.48	 109.37 
800	 139.96 	1 	124.14 	15.82 	0 	-3	 18.03	 130.78 
900	 126.07 	1 	125.10 	0.97 	0 	-3	 17.62	 127.48 
1000	 108.10 	1 	116.60 	8.50 	0 	-3	 17.66	 113.92 
1100	 122.07 	1 	119.34 	2.73 	0 	-3	 17.29	 119.62 
1200	 126.52 	1 	122.93 	3.59 	0 	-3	 16.00	 124.45 
1300	 125.27 	1 	124.10 	1.17 	0 	-3	 14.53	 125.02 
1400	 126.43 	1 	125.26 	1.17 	0 	-3	 13.19	 126.01 
1500	 128.83 	1 	127.05 	1.78 	0 	-3	 12.11	 127.98 
1600	 128.83 	1 	127.05 	1.78 	1 	-3	 12.11	 127.98 
1700	 125.45 	1 	126.25 	0.80 	0 	-3	 11.24	 126.21 
1800	 79.27 	1 	102.76 	23.49 	0 	-3	 14.73	 93.35 
1900	 112.90 	1 	107.83 	5.07 	0 	-3	 16.62	 107.04 
2000	 112.90 	1 	107.83 	5.07 	1 	-3	 16.62	 107.04 
2100	 126.61 	1 	117.22 	9.39 	0 	-3	 16.33	 120.74 
2200	 81.40 	1 	99.31 	17.91 	0 	-3	 19.22	 93.20 
2300	 78.73 	1 	89.02 	10.29 	0 	-3	 17.56	 83.07 
2400	 79.35 	1 	84.18 	4.83 	0 	-3	 15.87	 80.47 
2500	 79.35 	1 	84.18 	4.83 	1 	-3	 15.87	 80.47 
2600	 128.12 	1 	106.15 	21.97 	1 	-3	 19.16	 113.82 
2700	 117.71 	1 	111.93 	5.78 	0 	-3	 18.28	 116.54 
2800	 128.03 	1 	119.98 	8.05 	0 	-3	 17.49	 124.58 
2900	 128.03 	1 	124.01 	4.02 	0 	-3	 15.74	 127.00 
3000	 87.36 	1 	105.68 	18.32 	0 	-3	 18.23	 99.25 
3100	 87.36 	1 	105.68 	18.32 	1 	-3	 18.23	 99.25 
3200	 83.80 	1 	94.74 	10.94 	0 	-3	 16.77	 88.44 
3300	 118.60 	1 	106.67 	11.93 	0 	-3	 18.57	 109.55 
3400	 105.43 	1 	106.05 	0.62 	0 	-3	 18.03	 106.67 
3500	 82.91 	1 	94.48 	11.57 	0 	-3	 18.48	 90.04 
3600	 82.91 	1 	94.48 	11.57 	1 	-3	 18.48	 90.04 
3700	 111.57 	1 	103.03 	8.54 	0 	-3	 19.50	 105.11 
3800	 81.40 	1 	92.21 	10.81 	0 	-3	 20.56	 88.51 
3900	 85.41 	1 	88.81 	3.40 	0 	-3	 18.91	 86.34 
4000	 119.31 	1 	104.06 	15.25 	0 	-3	 20.41	 109.42 
4100	 119.31 	1 	104.06 	15.25 	1 	-3	 20.41	 109.42 
4200	 113.17 	1 	108.62 	4.55 	0 	-3	 18.98	 112.04 
4300	 114.51 	1 	111.56 	2.95 	0 	-3	 17.22	 113.77 
4400	 73.21 	1 	92.39 	19.18 	0 	-3	 19.62	 85.38 
4500	 73.21 	1 	92.39 	19.18 	1 	-3	 19.62	 85.38 
4600	 107.74 	1 	100.06 	7.68 	0 	-3	 21.12	 101.03 
4700	 107.74 	1 	100.06 	7.68 	1 	-3	 21.12	 101.03 
4800	 75.71 	1 	87.89 	12.18 	0 	-3	 22.21	 83.31 
4900	 108.99 	1 	98.44 	10.55 	0 	-3	 23.31	 101.28 
5000	 108.99 	1 	98.44 	10.55 	1 	-3	 23.31	 101.28 
5100	 116.64 	1 	107.54 	9.10 	0 	-3	 21.75	 112.03 
5200	 119.13 	1 	113.33 	5.80 	0 	-3	 19.82	 117.00 
5300	 125.36 	1 	119.35 	6.01 	0 	-3	 18.46	 122.85 
5400	 138.53 	1 	128.94 	9.59 	0 	-3	 17.93	 133.83 
5500	 138.53 	1 	128.94 	9.59 	1 	-3	 17.93	 133.83 
5600	 71.52 	0 	100.23 	28.71 	1 	28.71	 22.84	 90.21 
5700	 69.48 	1 	84.85 	15.37 	0 	-3	 20.76	 75.70 
5800	 69.48 	1 	84.85 	15.37 	1 	-3	 20.76	 75.70 
5900	 72.15 	1 	78.50 	6.35 	0 	-3	 18.95	 73.21 
6000	 72.15 	1 	78.50 	6.35 	1 	-3	 18.95	 73.21 
6100	 165.67 	0 	122.09 	43.58 	1 	43.58	 26.41	 137.93 
6200	 88.08 	1 	105.08 	17.00 	1 	-3	 31.53	 103.04 
6300	 90.39 	1 	97.74 	7.35 	0 	-3	 28.61	 94.18 
6400	 77.31 	1 	87.52 	10.21 	0 	-3	 27.05	 82.37 
6500	 77.31 	1 	87.52 	10.21 	1 	-3	 27.05	 82.37 
6600	 180.18 	0 	133.85 	46.33 	1 	46.33	 34.63	 150.84 
6700	 127.50 	1 	130.68 	3.18 	0 	-3	 36.44	 134.50 
6800	 93.33 	1 	112.00 	18.67 	0 	-3	 36.21	 105.68 
6900	 93.33 	1 	112.00 	18.67 	1 	-3	 36.21	 105.68 
7000	 159.80 	1 	135.90 	23.90 	1 	-3	 39.24	 143.56 
7100	 159.80 	1 	147.85 	11.95 	0 	-3	 35.31	 154.93 
7200	 451.00 	0 	147.85 	303.15 	0 	0	 35.31	 154.93 
7300	 451.00 	0 	147.85 	303.15 	1 	0	 35.31	 154.93 
7400	 150.19 	1 	149.02 	1.17 	1 	-3	 61.86	 151.61 
7500	 99.29 	1 	124.16 	24.87 	0 	-3	 60.77	 114.99 
7600	 117.53 	1 	120.84 	3.31 	0 	-3	 56.51	 116.77 
7700	 151.88 	1 	136.36 	15.52 	0 	-3	 54.30	 141.35 
7800	 151.88 	1 	136.36 	15.52 	1 	-3	 54.30	 141.35 
7900	 94.22 	1 	115.29 	21.07 	1 	-3	 54.63	 108.36 
8000	 165.76 	1 	140.53 	25.23 	1 	-3	 56.32	 148.54 
8100	 99.11 	1 	119.82 	20.71 	1 	-3	 57.36	 113.94 
8200	 141.38 	1 	130.60 	10.78 	0 	-3	 55.85	 133.15 
8300	 142.54 	1 	136.57 	5.97 	0 	-3	 50.38	 139.72 
8400	 179.11 	1 	157.84 	21.27 	0 	-3	 49.00	 167.29 
8500	 174.04 	1 	165.94 	8.10 	0 	-3	 44.61	 172.02 
8600	 189.25 	1 	177.59 	11.66 	0 	-3	 41.67	 184.08 
8700	 197.26 	1 	187.43 	9.83 	0 	-3	 38.30	 193.31 
8800	 151.35 	1 	169.39 	18.04 	0 	-3	 39.06	 163.94 
8900	 151.35 	1 	169.39 	18.04 	1 	-3	 39.06	 163.94 
9000	 135.77 	1 	152.58 	16.81 	0 	-3	 36.71	 144.22 
9100	 135.77 	1 	152.58 	16.81 	1 	-3	 36.71	 144.22 
9200	 234.99 	1 	193.78 	41.21 	1 	-3	 42.96	 207.76 
9300	 107.47 	0 	150.63 	43.16 	1 	43.16	 51.42	 137.56 
9400	 232.41 	1 	191.52 	40.89 	1 	-3	 58.77	 203.95 
9500	 146.81 	1 	169.16 	22.35 	1 	-3	 61.45	 163.95 
9600	 163.80 	1 	166.48 	2.68 	0 	-3	 57.01	 163.85 
9700	 205.45 	1 	185.97 	19.48 	0 	-3	 55.47	 192.97 
9800	 147.88 	1 	166.92 	19.04 	0 	-3	 55.68	 161.41 
9900	 147.88 	1 	166.92 	19.04 	1 	-3	 55.68	 161.41 
10000	 34.59 	0 	100.76 	66.17 	1 	66.17	 61.44	 72.63 
10100	 118.51 	1 	109.63 	8.88 	1 	-3	 63.69	 104.75 
10200	 249.77 	0 	179.70 	70.07 	1 	70.07	 70.45	 206.26 
10300	 24.63 	0 	102.17 	77.54 	1 	77.54	 85.92	 79.12 
10400	 113.08 	1 	107.62 	5.46 	1 	-3	 86.17	 102.89 
10500	 112.46 	1 	110.04 	2.42 	0 	-3	 77.62	 109.59 
10600	 112.46 	1 	110.04 	2.42 	1 	-3	 77.62	 109.59 
10700	 142.63 	1 	126.34 	16.29 	0 	-3	 72.87	 132.72 
10800	 152.59 	1 	139.46 	13.13 	0 	-3	 66.58	 146.63 
10900	 149.12 	1 	144.29 	4.83 	0 	-3	 60.27	 148.37 
11000	 149.12 	1 	144.29 	4.83 	1 	-3	 60.27	 148.37 
11100	 97.69 	1 	120.99 	23.30 	0 	-3	 59.38	 112.89 
11200	 97.69 	1 	120.99 	23.30 	1 	-3	 59.38	 112.89 
11300	 115.75 	1 	118.37 	2.62 	0 	-3	 55.25	 114.89 
11400	 69.03 	1 	93.70 	24.67 	0 	-3	 54.40	 82.79 
11500	 69.03 	1 	93.70 	24.67 	1 	-3	 54.40	 82.79 
11600	 132.12 	1 	112.91 	19.21 	1 	-3	 55.27	 117.32 
11700	 132.12 	1 	122.52 	9.60 	0 	-3	 49.74	 127.68 
11800	 103.47 	1 	112.99 	9.52 	0 	-3	 47.63	 110.73 
11900	 124.92 	1 	118.96 	5.96 	0 	-3	 45.01	 120.66 
12000	 124.92 	1 	118.96 	5.96 	1 	-3	 45.01	 120.66 
12100	 164.87 	1 	141.91 	22.96 	0 	-3	 44.51	 151.61 
12200	 164.87 	1 	141.91 	22.96 	1 	-3	 44.51	 151.61 
12300	 29.25 	0 	85.58 	56.33 	1 	56.33	 53.62	 65.96 
12400	 105.78 	1 	95.68 	10.10 	1 	-3	 55.91	 93.83 
12500	 134.79 	1 	115.24 	19.55 	0 	-3	 53.22	 122.50 
12600	 105.34 	1 	110.29 	4.95 	0 	-3	 50.84	 110.49 
12700	 108.72 	1 	109.50 	0.78 	0 	-3	 46.10	 109.25 
12800	 108.72 	1 	109.50 	0.78 	1 	-3	 46.10	 109.25 
12900	 111.30 	1 	110.40 	0.90 	0 	-3	 41.74	 110.69 
13000	 111.30 	1 	110.40 	0.90 	1 	-3	 41.74	 110.69 
13100	 129.90 	1 	120.15 	9.75 	0 	-3	 39.43	 124.14 
13200	 109.97 	1 	115.06 	5.09 	0 	-3	 37.48	 114.22 
13300	 109.97 	1 	115.06 	5.09 	1 	-3	 37.48	 114.22 
13400	 9.59 	0 	62.33 	52.74 	1 	52.74	 43.77	 40.98 
13500	 180.27 	0 	121.30 	58.97 	1 	58.97	 56.46	 138.48 
13600	 47.76 	0 	84.53 	36.77 	1 	36.77	 64.07	 74.98 
13700	 144.05 	1 	114.29 	29.76 	1 	-3	 67.29	 123.33 
13800	 140.58 	1 	127.43 	13.15 	0 	-3	 60.91	 135.40 
13900	 170.66 	1 	149.05 	21.61 	0 	-3	 57.82	 160.08 
14000	 170.66 	1 	149.05 	21.61 	1 	-3	 57.82	 160.08 
14100	 120.20 	1 	134.62 	14.42 	0 	-3	 57.09	 132.16 
14200	 120.20 	1 	134.62 	14.42 	1 	-3	 57.09	 132.16 
14300	 45.45 	0 	90.04 	44.59 	1 	44.59	 58.85	 71.46 
14400	 101.25 	1 	95.64 	5.61 	1 	-3	 58.55	 92.31 
14500	 188.19 	1 	141.92 	46.27 	1 	-3	 61.39	 159.43 
14600	 188.19 	1 	165.05 	23.14 	0 	-3	 55.25	 179.56 
14700	 151.43 	1 	158.24 	6.81 	0 	-3	 53.40	 159.87 
14800	 142.27 	1 	150.26 	7.99 	0 	-3	 48.98	 147.55 
14900	 117.89 	1 	134.07 	16.18 	0 	-3	 46.52	 126.79 
15000	 125.90 	1 	129.99 	4.09 	0 	-3	 42.67	 126.17 
15100	 125.90 	1 	129.99 	4.09 	1 	-3	 42.67	 126.17 
