#Time(ms)	 Value 	 Validity 	 avgValue 	 Diff 	 Outliers 	 invalidReason	 SD 
200	 -1.00 	0 	0.00 	1.00 	1 	0	 0.00	 0.00 
300	 7.27 	0 	3.63 	3.63 	1 	3.63	 0.83	 5.09 
400	 7.27 	1 	5.45 	1.82 	0 	-3	 0.74	 6.62 
500	 7.27 	1 	5.45 	1.82 	1 	-3	 0.74	 6.62 
600	 8.43 	1 	6.94 	1.49 	0 	-3	 0.79	 7.89 
700	 8.43 	1 	6.94 	1.49 	1 	-3	 0.79	 7.89 
800	 13.15 	1 	10.05 	3.10 	1 	-3	 1.18	 11.57 
900	 13.24 	1 	11.64 	1.60 	0 	-3	 1.07	 12.74 
1000	 13.24 	1 	11.64 	1.60 	1 	-3	 1.07	 12.74 
1100	 23.29 	1 	17.47 	5.82 	1 	-3	 1.97	 20.12 
1200	 155.71 	0 	86.59 	69.12 	1 	69.12	 15.01	 115.03 
1300	 28.81 	0 	57.70 	28.89 	1 	28.89	 26.20	 54.68 
1400	 34.51 	1 	46.10 	11.59 	0 	-3	 24.15	 40.56 
1500	 37.00 	1 	41.55 	4.55 	0 	-3	 21.99	 38.07 
1600	 40.91 	1 	41.23 	0.32 	0 	-3	 20.18	 40.06 
1700	 44.47 	1 	42.85 	1.62 	0 	-3	 18.52	 43.15 
1800	 46.96 	1 	44.91 	2.05 	0 	-3	 16.91	 45.82 
1900	 47.94 	1 	46.42 	1.52 	0 	-3	 15.32	 47.30 
2000	 48.30 	1 	47.36 	0.94 	0 	-3	 13.82	 48.00 
2100	 50.61 	1 	48.99 	1.62 	0 	-3	 12.67	 49.83 
2200	 51.06 	1 	50.02 	1.04 	0 	-3	 11.45	 50.69 
2300	 49.01 	1 	49.52 	0.51 	0 	-3	 10.51	 49.51 
2400	 47.76 	1 	48.64 	0.88 	0 	-3	 9.58	 48.29 
2500	 50.88 	1 	49.76 	1.12 	0 	-3	 8.94	 50.10 
2600	 54.35 	1 	52.05 	2.30 	0 	-3	 8.39	 53.08 
2700	 49.99 	1 	51.02 	1.03 	0 	-3	 7.99	 50.92 
2800	 53.64 	1 	52.33 	1.31 	0 	-3	 7.55	 52.82 
2900	 53.55 	1 	52.94 	0.61 	0 	-3	 6.81	 53.33 
3000	 54.17 	1 	53.56 	0.61 	0 	-3	 6.19	 53.92 
3100	 56.13 	1 	54.84 	1.29 	0 	-3	 5.77	 55.47 
3200	 58.26 	1 	56.55 	1.71 	0 	-3	 5.40	 57.42 
3300	 62.80 	1 	59.68 	3.12 	0 	-3	 5.32	 61.19 
3400	 59.15 	1 	59.41 	0.26 	0 	-3	 5.15	 59.76 
3500	 64.14 	1 	61.78 	2.36 	0 	-3	 5.13	 62.83 
3600	 63.43 	1 	62.60 	0.83 	0 	-3	 4.69	 63.25 
3700	 64.67 	1 	63.64 	1.03 	0 	-3	 4.35	 64.24 
3800	 64.14 	1 	63.89 	0.25 	0 	-3	 3.96	 64.17 
3900	 62.71 	1 	63.30 	0.59 	0 	-3	 3.71	 63.15 
4000	 63.34 	1 	63.32 	0.02 	0 	-3	 3.40	 63.28 
4100	 64.94 	1 	64.13 	0.81 	0 	-3	 3.22	 64.44 
4200	 63.34 	1 	63.73 	0.39 	0 	-3	 3.06	 63.67 
4300	 62.09 	1 	62.91 	0.82 	0 	-3	 2.88	 62.56 
4400	 62.09 	1 	62.50 	0.41 	0 	-3	 2.59	 62.23 
4500	 -1.00 	0 	62.50 	63.50 	0 	0	 2.59	 62.23 
4600	 -1.00 	0 	62.50 	63.50 	1 	0	 2.59	 62.23 
4700	 62.27 	1 	62.39 	0.12 	1 	-3	 8.66	 62.26 
4800	 56.93 	1 	59.66 	2.73 	0 	-3	 8.33	 58.53 
4900	 57.02 	1 	58.34 	1.32 	0 	-3	 7.50	 57.47 
5000	 58.53 	1 	58.43 	0.10 	0 	-3	 6.90	 58.21 
5100	 56.93 	1 	57.68 	0.75 	0 	-3	 6.37	 57.31 
5200	 59.87 	1 	58.78 	1.09 	0 	-3	 6.03	 59.10 
5300	 58.71 	1 	58.74 	0.03 	0 	-3	 5.54	 58.83 
5400	 59.33 	1 	59.04 	0.29 	0 	-3	 5.05	 59.18 
5500	 57.20 	1 	58.12 	0.92 	0 	-3	 4.76	 57.79 
5600	 57.55 	1 	57.83 	0.28 	0 	-3	 4.32	 57.62 
5700	 60.76 	1 	59.30 	1.46 	0 	-3	 4.21	 59.82 
5800	 52.93 	1 	56.11 	3.18 	0 	-3	 4.57	 55.00 
5900	 49.81 	1 	52.96 	3.15 	0 	-3	 4.42	 51.37 
6000	 48.83 	1 	50.90 	2.07 	0 	-3	 4.08	 49.59 
6100	 45.27 	1 	48.08 	2.81 	0 	-3	 4.03	 46.57 
6200	 41.45 	1 	44.77 	3.32 	0 	-3	 4.01	 42.98 
6300	 36.55 	1 	40.66 	4.11 	0 	-3	 4.10	 38.48 
6400	 40.56 	1 	40.61 	0.05 	0 	-3	 4.09	 39.94 
6500	 30.23 	1 	35.42 	5.19 	0 	-3	 4.71	 33.14 
6600	 29.79 	1 	32.60 	2.81 	0 	-3	 4.28	 30.80 
6700	 28.19 	1 	30.40 	2.21 	0 	-3	 4.02	 28.97 
6800	 30.77 	1 	30.58 	0.19 	0 	-3	 3.87	 30.23 
6900	 29.43 	1 	30.01 	0.58 	0 	-3	 3.62	 29.67 
7000	 32.81 	1 	31.41 	1.40 	0 	-3	 3.60	 31.87 
7100	 31.30 	1 	31.35 	0.05 	0 	-3	 3.39	 31.47 
7200	 33.35 	1 	32.35 	1.00 	0 	-3	 3.25	 32.79 
7300	 33.97 	1 	33.16 	0.81 	0 	-3	 2.99	 33.61 
7400	 35.31 	1 	34.24 	1.07 	0 	-3	 2.82	 34.80 
7500	 32.73 	1 	33.48 	0.75 	0 	-3	 2.80	 33.35 
7600	 29.79 	1 	31.64 	1.85 	0 	-3	 2.81	 30.86 
7700	 28.72 	1 	30.18 	1.46 	0 	-3	 2.64	 29.36 
7800	 19.56 	1 	24.87 	5.31 	0 	-3	 3.29	 22.50 
7900	 16.17 	1 	20.52 	4.35 	0 	-3	 3.30	 18.07 
8000	 9.86 	0 	15.19 	5.33 	0 	5.33	 3.60	 12.32 
8100	 9.50 	1 	12.34 	2.84 	0 	-3	 3.28	 10.35 
8200	 11.10 	1 	11.72 	0.62 	0 	-3	 3.11	 10.87 
8300	 13.24 	1 	12.48 	0.76 	0 	-3	 3.01	 12.53 
8400	 12.35 	1 	12.42 	0.07 	0 	-3	 2.80	 12.40 
8500	 11.72 	1 	12.07 	0.35 	0 	-3	 2.58	 11.93 
8600	 -1.00 	0 	12.07 	13.07 	0 	0	 2.58	 11.93 
8700	 -1.00 	0 	12.07 	13.07 	1 	0	 2.58	 11.93 
8800	 6.30 	0 	9.18 	2.88 	1 	2.88	 3.06	 7.99 
8900	 6.21 	1 	7.70 	1.49 	0 	-3	 2.76	 6.74 
9000	 7.99 	1 	7.84 	0.15 	0 	-3	 2.66	 7.62 
9100	 7.10 	1 	7.47 	0.37 	0 	-3	 2.48	 7.25 
9200	 6.56 	1 	7.02 	0.46 	0 	-3	 2.29	 6.77 
9300	 6.56 	1 	6.79 	0.23 	0 	-3	 2.06	 6.62 
9400	 6.74 	1 	6.76 	0.02 	0 	-3	 1.87	 6.70 
9500	 6.56 	1 	6.66 	0.10 	0 	-3	 1.70	 6.60 
9600	 6.56 	1 	6.61 	0.05 	0 	-3	 1.53	 6.57 
9700	 6.56 	1 	6.59 	0.03 	0 	-3	 1.38	 6.56 
9800	 8.79 	1 	7.69 	1.10 	0 	-3	 1.46	 8.12 
9900	 7.19 	1 	7.44 	0.25 	0 	-3	 1.48	 7.47 
10000	 8.08 	1 	7.76 	0.32 	0 	-3	 1.42	 7.90 
10100	 8.79 	1 	8.27 	0.52 	0 	-3	 1.35	 8.52 
10200	 6.47 	1 	7.37 	0.90 	0 	-3	 1.45	 7.09 
10300	 8.16 	1 	7.77 	0.39 	0 	-3	 1.47	 7.84 
10400	 6.56 	1 	7.16 	0.60 	0 	-3	 1.48	 6.94 
10500	 7.90 	1 	7.53 	0.37 	0 	-3	 1.47	 7.61 
10600	 6.47 	1 	7.00 	0.53 	0 	-3	 1.46	 6.81 
10700	 6.47 	1 	6.74 	0.27 	0 	-3	 1.32	 6.57 
10800	 6.56 	1 	6.65 	0.09 	0 	-3	 1.20	 6.56 
10900	 8.25 	1 	7.45 	0.80 	0 	-3	 1.25	 7.74 
11000	 8.25 	1 	7.85 	0.40 	0 	-3	 1.12	 8.10 
11100	 6.47 	1 	7.16 	0.69 	0 	-3	 1.19	 6.96 
11200	 6.56 	1 	6.86 	0.30 	0 	-3	 1.08	 6.68 
11300	 6.47 	1 	6.66 	0.19 	0 	-3	 0.98	 6.53 
11400	 6.56 	1 	6.61 	0.05 	0 	-3	 0.89	 6.55 
11500	 6.47 	1 	6.54 	0.07 	0 	-3	 0.81	 6.49 
11600	 6.47 	1 	6.51 	0.04 	0 	-3	 0.73	 6.48 
11700	 6.56 	1 	6.53 	0.03 	0 	-3	 0.66	 6.54 
11800	 6.47 	1 	6.50 	0.03 	0 	-3	 0.61	 6.49 
11900	 6.56 	1 	6.53 	0.03 	0 	-3	 0.56	 6.54 
12000	 6.47 	1 	6.50 	0.03 	0 	-3	 0.51	 6.49 
12100	 8.79 	1 	7.65 	1.14 	0 	-3	 0.69	 8.10 
12200	 6.47 	1 	7.06 	0.59 	0 	-3	 0.85	 6.96 
12300	 6.56 	1 	6.81 	0.25 	0 	-3	 0.78	 6.68 
12400	 6.47 	1 	6.64 	0.17 	0 	-3	 0.71	 6.53 
12500	 6.47 	1 	6.55 	0.08 	0 	-3	 0.64	 6.49 
12600	 6.47 	1 	6.51 	0.04 	0 	-3	 0.57	 6.48 
12700	 6.47 	1 	6.49 	0.02 	0 	-3	 0.52	 6.47 
12800	 6.47 	1 	6.48 	0.01 	0 	-3	 0.46	 6.47 
12900	 7.90 	1 	7.19 	0.71 	0 	-3	 0.56	 7.47 
13000	 8.88 	1 	8.04 	0.84 	0 	-3	 0.60	 8.46 
13100	 6.56 	1 	7.30 	0.74 	0 	-3	 0.77	 7.13 
13200	 6.56 	1 	6.93 	0.37 	0 	-3	 0.70	 6.73 
13300	 6.56 	1 	6.74 	0.18 	0 	-3	 0.63	 6.61 
13400	 6.47 	1 	6.61 	0.14 	0 	-3	 0.57	 6.51 
13500	 6.38 	1 	6.49 	0.11 	0 	-3	 0.53	 6.42 
13600	 6.47 	1 	6.48 	0.01 	0 	-3	 0.48	 6.45 
13700	 6.38 	1 	6.43 	0.05 	0 	-3	 0.44	 6.40 
13800	 6.38 	1 	6.41 	0.03 	0 	-3	 0.40	 6.39 
13900	 6.38 	1 	6.39 	0.01 	0 	-3	 0.36	 6.38 
14000	 6.38 	1 	6.39 	0.01 	0 	-3	 0.32	 6.38 
14100	 6.38 	1 	6.38 	0.00 	0 	-3	 0.29	 6.38 
14200	 6.38 	1 	6.38 	0.00 	0 	-3	 0.26	 6.38 
14300	 6.38 	1 	6.38 	0.00 	0 	-3	 0.24	 6.38 
14400	 8.08 	1 	7.23 	0.85 	0 	-3	 0.38	 7.57 
14500	 6.38 	1 	6.81 	0.43 	0 	-3	 0.51	 6.74 
14600	 6.47 	1 	6.64 	0.17 	0 	-3	 0.47	 6.55 
14700	 8.08 	1 	7.36 	0.72 	0 	-3	 0.59	 7.62 
14800	 7.72 	1 	7.54 	0.18 	0 	-3	 0.56	 7.69 
14900	 6.38 	1 	6.96 	0.58 	0 	-3	 0.64	 6.77 
15000	 6.38 	1 	6.67 	0.29 	0 	-3	 0.58	 6.50 
15100	 6.38 	1 	6.52 	0.14 	0 	-3	 0.52	 6.42 
