#Time(ms)	 Value 	 Validity 	 avgValue 	 Diff 	 Outliers 	 invalidReason	 SD 
200	 -1.00 	0 	0.00 	1.00 	1 	0	 0.00	 0.00 
300	 112.55 	0 	56.27 	56.27 	1 	56.27	 11.36	 78.78 
400	 112.10 	1 	84.19 	27.91 	0 	-3	 10.26	 102.11 
500	 106.05 	1 	95.12 	10.93 	0 	-3	 9.84	 104.87 
600	 114.77 	1 	104.94 	9.83 	0 	-3	 9.73	 111.80 
700	 114.51 	1 	109.73 	4.78 	0 	-3	 8.78	 113.70 
800	 117.35 	1 	113.54 	3.81 	0 	-3	 8.19	 116.25 
900	 121.09 	1 	117.31 	3.78 	0 	-3	 7.74	 119.64 
1000	 114.24 	1 	115.78 	1.54 	0 	-3	 7.65	 115.86 
1100	 118.06 	1 	116.92 	1.14 	0 	-3	 7.27	 117.40 
1200	 115.57 	1 	116.24 	0.67 	0 	-3	 6.79	 116.12 
1300	 117.71 	1 	116.98 	0.73 	0 	-3	 6.33	 117.23 
1400	 113.79 	1 	115.38 	1.59 	0 	-3	 6.09	 114.82 
1500	 115.31 	1 	115.35 	0.04 	0 	-3	 5.63	 115.16 
1600	 112.64 	1 	113.99 	1.35 	0 	-3	 5.33	 113.40 
1700	 111.30 	1 	112.65 	1.35 	0 	-3	 4.93	 111.93 
1800	 110.06 	1 	111.35 	1.29 	0 	-3	 4.57	 110.62 
1900	 144.58 	1 	127.97 	16.61 	0 	-3	 7.56	 134.39 
2000	 106.50 	1 	117.23 	10.73 	0 	-3	 10.61	 114.87 
2100	 105.34 	1 	111.29 	5.95 	0 	-3	 9.67	 108.20 
2200	 103.74 	1 	107.51 	3.77 	0 	-3	 8.86	 105.08 
2300	 108.81 	1 	108.16 	0.65 	0 	-3	 8.48	 107.69 
2400	 113.35 	1 	110.76 	2.59 	0 	-3	 8.09	 111.65 
2500	 102.58 	1 	106.67 	4.09 	0 	-3	 8.36	 105.30 
2600	 110.06 	1 	108.36 	1.70 	0 	-3	 8.27	 108.63 
2700	 97.78 	1 	103.07 	5.29 	0 	-3	 8.67	 101.04 
2800	 116.28 	1 	109.68 	6.60 	0 	-3	 9.65	 111.71 
2900	 109.08 	1 	109.38 	0.30 	0 	-3	 9.41	 109.87 
3000	 110.32 	1 	109.85 	0.47 	0 	-3	 8.59	 110.18 
3100	 111.84 	1 	110.84 	1.00 	0 	-3	 7.88	 111.34 
3200	 114.77 	1 	112.81 	1.96 	0 	-3	 7.39	 113.74 
3300	 115.31 	1 	114.06 	1.25 	0 	-3	 6.70	 114.84 
3400	 122.60 	1 	118.33 	4.27 	0 	-3	 6.76	 120.27 
3500	 117.35 	1 	117.84 	0.49 	0 	-3	 6.61	 118.23 
3600	 123.94 	1 	120.89 	3.05 	0 	-3	 6.61	 122.23 
3700	 121.54 	1 	121.21 	0.33 	0 	-3	 6.19	 121.75 
3800	 132.75 	1 	126.98 	5.77 	0 	-3	 6.69	 129.45 
3900	 117.35 	1 	122.17 	4.82 	0 	-3	 7.56	 120.98 
4000	 121.00 	1 	121.58 	0.58 	0 	-3	 7.17	 120.99 
4100	 129.81 	1 	125.70 	4.11 	0 	-3	 7.33	 127.17 
4200	 144.40 	1 	135.05 	9.35 	0 	-3	 8.06	 139.23 
4300	 121.89 	1 	128.47 	6.58 	0 	-3	 9.50	 127.09 
4400	 118.87 	1 	123.67 	4.80 	0 	-3	 8.86	 121.34 
4500	 110.59 	1 	117.13 	6.54 	0 	-3	 8.80	 113.81 
4600	 109.61 	1 	113.37 	3.76 	0 	-3	 8.02	 110.87 
4700	 110.23 	1 	111.80 	1.57 	0 	-3	 7.28	 110.42 
4800	 110.23 	1 	111.01 	0.78 	0 	-3	 6.55	 110.29 
4900	 109.08 	1 	110.05 	0.97 	0 	-3	 6.01	 109.44 
5000	 111.39 	1 	110.72 	0.67 	0 	-3	 5.64	 110.81 
5100	 110.86 	1 	110.79 	0.07 	0 	-3	 5.13	 110.84 
5200	 112.19 	1 	111.49 	0.70 	0 	-3	 4.75	 111.79 
5300	 114.95 	1 	113.22 	1.73 	0 	-3	 4.55	 114.00 
5400	 115.93 	1 	114.57 	1.36 	0 	-3	 4.19	 115.35 
5500	 123.94 	1 	119.26 	4.68 	0 	-3	 4.57	 121.36 
5600	 121.80 	1 	120.53 	1.27 	0 	-3	 4.33	 121.67 
5700	 118.06 	1 	119.29 	1.23 	0 	-3	 4.27	 119.14 
5800	 120.20 	1 	119.75 	0.45 	0 	-3	 4.06	 119.88 
5900	 121.62 	1 	120.68 	0.94 	0 	-3	 3.79	 121.10 
6000	 124.92 	1 	122.80 	2.12 	0 	-3	 3.75	 123.77 
6100	 128.30 	1 	125.55 	2.75 	0 	-3	 3.71	 126.94 
6200	 123.31 	1 	124.43 	1.12 	0 	-3	 3.84	 124.40 
6300	 116.11 	1 	120.27 	4.16 	0 	-3	 4.17	 118.60 
6400	 124.83 	1 	122.55 	2.28 	0 	-3	 4.63	 122.96 
6500	 122.25 	1 	122.40 	0.15 	0 	-3	 4.42	 122.46 
6600	 120.29 	1 	121.35 	1.06 	0 	-3	 4.18	 120.94 
6700	 125.36 	1 	123.35 	2.01 	0 	-3	 4.27	 124.03 
6800	 121.98 	1 	122.67 	0.69 	0 	-3	 4.18	 122.60 
6900	 119.49 	1 	121.08 	1.59 	0 	-3	 4.01	 120.42 
7000	 122.78 	1 	121.93 	0.85 	0 	-3	 3.94	 122.07 
7100	 119.58 	1 	120.75 	1.17 	0 	-3	 3.86	 120.33 
7200	 119.13 	1 	119.94 	0.81 	0 	-3	 3.52	 119.49 
7300	 119.76 	1 	119.85 	0.09 	0 	-3	 3.23	 119.68 
7400	 119.31 	1 	119.58 	0.27 	0 	-3	 2.95	 119.42 
7500	 116.28 	1 	117.93 	1.65 	0 	-3	 2.96	 117.22 
7600	 117.80 	1 	117.87 	0.07 	0 	-3	 2.82	 117.63 
7700	 119.13 	1 	118.50 	0.63 	0 	-3	 2.67	 118.68 
7800	 101.69 	1 	110.09 	8.40 	0 	-3	 4.15	 106.79 
7900	 120.02 	1 	115.06 	4.96 	0 	-3	 5.56	 116.05 
8000	 127.14 	1 	121.10 	6.04 	0 	-3	 5.72	 123.81 
8100	 121.98 	1 	121.54 	0.44 	0 	-3	 5.66	 122.53 
8200	 120.11 	1 	120.82 	0.71 	0 	-3	 5.28	 120.84 
8300	 121.71 	1 	121.27 	0.44 	0 	-3	 4.92	 121.45 
8400	 121.62 	1 	121.44 	0.18 	0 	-3	 4.43	 121.57 
8500	 126.43 	1 	123.94 	2.49 	0 	-3	 4.47	 124.97 
8600	 123.31 	1 	123.62 	0.31 	0 	-3	 4.34	 123.81 
8700	 127.94 	1 	125.78 	2.16 	0 	-3	 4.37	 126.70 
8800	 128.12 	1 	126.95 	1.17 	0 	-3	 3.95	 127.69 
8900	 124.20 	1 	125.58 	1.38 	0 	-3	 3.94	 125.25 
9000	 125.72 	1 	125.65 	0.07 	0 	-3	 3.70	 125.58 
9100	 131.95 	1 	128.80 	3.15 	0 	-3	 3.95	 130.04 
9200	 124.74 	1 	126.77 	2.03 	0 	-3	 4.28	 126.33 
9300	 137.55 	1 	132.16 	5.39 	0 	-3	 5.13	 134.18 
9400	 125.09 	1 	128.62 	3.53 	0 	-3	 5.87	 127.82 
9500	 127.05 	1 	127.84 	0.79 	0 	-3	 5.48	 127.28 
9600	 124.92 	1 	126.38 	1.46 	0 	-3	 5.14	 125.63 
9700	 127.05 	1 	126.71 	0.34 	0 	-3	 4.84	 126.62 
9800	 124.56 	1 	125.64 	1.08 	0 	-3	 4.60	 125.18 
9900	 125.36 	1 	125.50 	0.14 	0 	-3	 4.22	 125.31 
10000	 125.54 	1 	125.52 	0.02 	0 	-3	 3.82	 125.47 
10100	 126.87 	1 	126.19 	0.68 	0 	-3	 3.57	 126.45 
10200	 126.52 	1 	126.36 	0.16 	0 	-3	 3.25	 126.50 
10300	 123.58 	1 	124.97 	1.39 	0 	-3	 3.22	 124.46 
10400	 125.98 	1 	125.47 	0.51 	0 	-3	 3.14	 125.52 
10500	 125.09 	1 	125.28 	0.19 	0 	-3	 2.91	 125.22 
10600	 125.98 	1 	125.63 	0.35 	0 	-3	 2.71	 125.75 
10700	 124.92 	1 	125.28 	0.36 	0 	-3	 2.54	 125.17 
10800	 125.01 	1 	125.14 	0.13 	0 	-3	 2.30	 125.06 
10900	 124.65 	1 	124.90 	0.25 	0 	-3	 2.11	 124.77 
11000	 125.18 	1 	125.04 	0.14 	0 	-3	 1.95	 125.06 
11100	 125.98 	1 	125.51 	0.47 	0 	-3	 1.83	 125.70 
11200	 125.90 	1 	125.70 	0.20 	0 	-3	 1.66	 125.84 
11300	 126.52 	1 	126.11 	0.41 	0 	-3	 1.55	 126.32 
11400	 126.52 	1 	126.32 	0.20 	0 	-3	 1.40	 126.46 
11500	 126.52 	1 	126.42 	0.10 	0 	-3	 1.26	 126.50 
11600	 126.79 	1 	126.60 	0.19 	0 	-3	 1.16	 126.70 
11700	 125.98 	1 	126.29 	0.31 	0 	-3	 1.12	 126.20 
11800	 125.98 	1 	126.14 	0.16 	0 	-3	 1.01	 126.05 
11900	 125.98 	1 	126.06 	0.08 	0 	-3	 0.91	 126.00 
12000	 127.14 	1 	126.60 	0.54 	0 	-3	 0.94	 126.80 
12100	 124.03 	1 	125.31 	1.28 	0 	-3	 1.15	 124.86 
12200	 127.32 	1 	126.32 	1.00 	0 	-3	 1.37	 126.58 
12300	 125.98 	1 	126.15 	0.17 	0 	-3	 1.36	 126.16 
12400	 127.14 	1 	126.64 	0.50 	0 	-3	 1.34	 126.85 
12500	 123.67 	1 	125.16 	1.49 	0 	-3	 1.56	 124.62 
12600	 127.14 	1 	126.15 	0.99 	0 	-3	 1.75	 126.38 
12700	 127.14 	1 	126.64 	0.50 	0 	-3	 1.57	 126.91 
12800	 127.14 	1 	126.89 	0.25 	0 	-3	 1.42	 127.07 
12900	 125.09 	1 	125.99 	0.90 	0 	-3	 1.48	 125.68 
13000	 125.09 	1 	125.54 	0.45 	0 	-3	 1.33	 125.27 
13100	 124.83 	1 	125.19 	0.36 	0 	-3	 1.22	 124.96 
13200	 126.16 	1 	125.67 	0.49 	0 	-3	 1.23	 125.80 
13300	 124.83 	1 	125.25 	0.42 	0 	-3	 1.24	 125.12 
13400	 126.52 	1 	125.89 	0.63 	0 	-3	 1.29	 126.10 
13500	 125.09 	1 	125.49 	0.40 	0 	-3	 1.30	 125.39 
13600	 125.45 	1 	125.47 	0.02 	0 	-3	 1.21	 125.43 
13700	 125.90 	1 	125.68 	0.22 	0 	-3	 1.13	 125.76 
13800	 125.90 	1 	125.79 	0.11 	0 	-3	 1.02	 125.86 
13900	 125.45 	1 	125.62 	0.17 	0 	-3	 0.96	 125.57 
14000	 126.52 	1 	126.07 	0.45 	0 	-3	 0.97	 126.24 
14100	 126.52 	1 	126.30 	0.22 	0 	-3	 0.88	 126.43 
14200	 126.52 	1 	126.41 	0.11 	0 	-3	 0.79	 126.49 
14300	 125.09 	1 	125.75 	0.66 	0 	-3	 0.85	 125.51 
14400	 125.98 	1 	125.86 	0.12 	0 	-3	 0.86	 125.84 
14500	 126.52 	1 	126.19 	0.33 	0 	-3	 0.82	 126.32 
14600	 125.90 	1 	126.05 	0.15 	0 	-3	 0.80	 126.02 
14700	 126.25 	1 	126.15 	0.10 	0 	-3	 0.76	 126.18 
14800	 125.98 	1 	126.06 	0.08 	0 	-3	 0.71	 126.04 
14900	 126.52 	1 	126.29 	0.23 	0 	-3	 0.69	 126.38 
15000	 126.43 	1 	126.36 	0.07 	0 	-3	 0.63	 126.41 
15100	 126.52 	1 	126.44 	0.08 	0 	-3	 0.58	 126.49 
