#Time(ms)	 Value 	 Validity 	 avgValue 	 Diff 	 Outliers 	 invalidReason	 SD 
200	 -1.00 	0 	0.00 	1.00 	1 	0	 0.00	 0.00 
300	 34.77 	0 	17.39 	17.39 	1 	17.39	 3.58	 24.34 
400	 114.06 	0 	65.72 	48.34 	1 	48.34	 11.15	 87.14 
500	 18.22 	0 	41.97 	23.75 	1 	23.75	 19.62	 38.90 
600	 112.90 	0 	77.44 	35.46 	1 	35.46	 27.12	 90.70 
700	 14.75 	0 	46.09 	31.34 	1 	31.34	 34.23	 37.53 
800	 158.11 	0 	102.10 	56.01 	1 	56.01	 45.14	 121.94 
900	 207.50 	1 	154.80 	52.70 	1 	-3	 45.56	 181.83 
1000	 24.54 	0 	89.67 	65.13 	1 	65.13	 59.30	 71.73 
1100	 108.10 	1 	98.89 	9.21 	1 	-3	 61.73	 97.19 
1200	 39.58 	0 	69.23 	29.65 	1 	29.65	 62.41	 56.86 
1300	 39.31 	0 	54.27 	14.96 	0 	14.96	 56.19	 44.58 
1400	 39.31 	0 	54.27 	14.96 	1 	14.96	 56.19	 44.58 
1500	 27.83 	0 	41.05 	13.22 	0 	13.22	 51.72	 32.85 
1600	 27.83 	0 	41.05 	13.22 	1 	13.22	 51.72	 32.85 
1700	 2.74 	0 	21.90 	19.16 	1 	19.16	 49.06	 11.77 
1800	 127.59 	0 	74.74 	52.85 	1 	52.85	 56.64	 92.85 
1900	 109.25 	1 	92.00 	17.25 	0 	-3	 52.81	 104.33 
2000	 112.64 	1 	102.32 	10.32 	0 	-3	 47.87	 110.15 
2100	 122.96 	1 	112.64 	10.32 	0 	-3	 44.11	 119.12 
2200	 131.86 	1 	122.25 	9.61 	0 	-3	 40.59	 128.04 
2300	 131.86 	1 	122.25 	9.61 	1 	-3	 40.59	 128.04 
2400	 109.70 	1 	115.97 	6.27 	0 	-3	 38.75	 115.20 
2500	 109.70 	1 	115.97 	6.27 	1 	-3	 38.75	 115.20 
2600	 14.75 	0 	65.36 	50.61 	1 	50.61	 44.37	 44.89 
2700	 152.86 	0 	109.11 	43.75 	1 	43.75	 53.74	 120.47 
2800	 176.26 	1 	142.69 	33.57 	0 	-3	 50.71	 159.52 
2900	 176.26 	1 	142.69 	33.57 	1 	-3	 50.71	 159.52 
3000	 35.04 	0 	88.86 	53.82 	1 	53.82	 59.76	 72.38 
3100	 183.38 	0 	136.12 	47.26 	1 	47.26	 68.62	 150.08 
3200	 87.90 	1 	112.01 	24.11 	1 	-3	 71.30	 106.55 
3300	 87.90 	1 	99.96 	12.06 	0 	-3	 64.17	 93.50 
3400	 451.00 	0 	99.96 	351.04 	0 	0	 64.17	 93.50 
3500	 451.00 	0 	99.96 	351.04 	1 	0	 64.17	 93.50 
3600	 98.40 	1 	99.18 	0.78 	1 	-3	 93.02	 96.93 
3700	 65.83 	1 	82.50 	16.67 	0 	-3	 86.97	 75.16 
3800	 65.83 	1 	82.50 	16.67 	1 	-3	 86.97	 75.16 
3900	 31.75 	0 	57.13 	25.38 	1 	25.38	 81.68	 44.77 
4000	 451.00 	0 	57.13 	393.87 	1 	0	 81.68	 44.77 
4100	 139.69 	0 	98.41 	41.28 	1 	41.28	 104.65	 111.21 
4200	 146.27 	1 	122.34 	23.93 	0 	-3	 94.84	 135.75 
4300	 146.27 	1 	122.34 	23.93 	1 	-3	 94.84	 135.75 
4400	 48.83 	0 	85.58 	36.75 	1 	36.75	 95.10	 74.91 
4500	 36.28 	0 	60.93 	24.65 	0 	24.65	 86.84	 47.87 
4600	 36.28 	0 	60.93 	24.65 	1 	24.65	 86.84	 47.87 
4700	 116.73 	1 	88.83 	27.90 	1 	-3	 86.20	 96.07 
4800	 140.93 	1 	114.88 	26.05 	0 	-3	 80.00	 127.47 
4900	 140.93 	1 	114.88 	26.05 	1 	-3	 80.00	 127.47 
5000	 153.93 	1 	134.41 	19.52 	0 	-3	 73.30	 145.99 
5100	 153.93 	1 	134.41 	19.52 	1 	-3	 73.30	 145.99 
5200	 79.62 	1 	107.01 	27.39 	1 	-3	 73.40	 99.53 
5300	 58.09 	0 	82.55 	24.46 	0 	24.46	 68.22	 70.52 
5400	 58.09 	0 	82.55 	24.46 	1 	24.46	 68.22	 70.52 
5500	 137.55 	1 	110.05 	27.50 	1 	-3	 69.34	 117.44 
5600	 45.98 	0 	78.02 	32.04 	1 	32.04	 71.56	 67.42 
5700	 178.84 	0 	128.43 	50.41 	1 	50.41	 77.69	 145.41 
5800	 139.87 	1 	134.15 	5.72 	0 	-3	 73.82	 141.53 
5900	 139.87 	1 	134.15 	5.72 	1 	-3	 73.82	 141.53 
6000	 162.29 	1 	148.22 	14.07 	0 	-3	 68.68	 156.06 
6100	 162.29 	1 	148.22 	14.07 	1 	-3	 68.68	 156.06 
6200	 82.02 	0 	115.12 	33.10 	1 	33.10	 69.84	 104.23 
6300	 192.19 	1 	153.65 	38.54 	1 	-3	 73.87	 165.80 
6400	 108.63 	1 	131.14 	22.51 	1 	-3	 74.84	 125.78 
6500	 36.28 	0 	83.71 	47.43 	1 	47.43	 74.59	 63.13 
6600	 63.60 	1 	73.66 	10.06 	0 	-3	 69.87	 63.46 
6700	 63.60 	1 	73.66 	10.06 	1 	-3	 69.87	 63.46 
6800	 149.30 	0 	111.48 	37.82 	1 	37.82	 71.45	 123.55 
6900	 173.24 	1 	142.36 	30.88 	0 	-3	 66.70	 158.33 
7000	 173.24 	1 	142.36 	30.88 	1 	-3	 66.70	 158.33 
7100	 56.13 	0 	99.24 	43.11 	1 	43.11	 71.74	 86.79 
7200	 52.39 	0 	75.82 	23.43 	0 	23.43	 64.94	 62.71 
7300	 68.50 	1 	72.16 	3.66 	0 	-3	 60.06	 66.76 
7400	 66.10 	1 	69.13 	3.03 	0 	-3	 54.29	 66.30 
7500	 66.10 	1 	69.13 	3.03 	1 	-3	 54.29	 66.30 
7600	 127.41 	1 	98.27 	29.14 	1 	-3	 54.99	 109.08 
7700	 62.71 	1 	80.49 	17.78 	1 	-3	 55.96	 76.62 
7800	 60.49 	1 	70.49 	10.00 	0 	-3	 50.59	 65.33 
7900	 60.49 	1 	70.49 	10.00 	1 	-3	 50.59	 65.33 
8000	 28.72 	0 	49.60 	20.88 	1 	20.88	 48.71	 39.70 
8100	 18.22 	0 	33.91 	15.69 	0 	15.69	 44.89	 24.66 
8200	 18.22 	0 	33.91 	15.69 	1 	15.69	 44.89	 24.66 
8300	 118.33 	0 	76.12 	42.21 	1 	42.21	 50.41	 90.23 
8400	 145.38 	1 	110.75 	34.63 	0 	-3	 48.07	 128.84 
8500	 155.26 	1 	133.01 	22.25 	0 	-3	 44.25	 147.33 
8600	 155.26 	1 	133.01 	22.25 	1 	-3	 44.25	 147.33 
8700	 48.39 	0 	90.70 	42.31 	1 	42.31	 50.52	 78.07 
8800	 179.29 	1 	134.99 	44.30 	1 	-3	 58.55	 148.92 
8900	 100.00 	1 	117.50 	17.50 	1 	-3	 60.63	 114.68 
9000	 29.08 	0 	73.29 	44.21 	1 	44.21	 61.66	 54.76 
9100	 127.85 	1 	100.57 	27.28 	1 	-3	 65.37	 105.92 
9200	 118.95 	1 	109.76 	9.19 	0 	-3	 59.72	 115.04 
9300	 118.95 	1 	109.76 	9.19 	1 	-3	 59.72	 115.04 
9400	 45.81 	0 	77.78 	31.97 	1 	31.97	 61.06	 66.58 
9500	 134.26 	1 	106.02 	28.24 	1 	-3	 63.80	 113.96 
9600	 30.86 	0 	68.44 	37.58 	1 	37.58	 67.76	 55.79 
9700	 17.86 	0 	43.15 	25.29 	0 	25.29	 62.29	 29.24 
9800	 17.86 	0 	43.15 	25.29 	1 	25.29	 62.29	 29.24 
9900	 105.70 	0 	74.43 	31.27 	1 	31.27	 64.84	 82.76 
10000	 56.04 	1 	65.23 	9.19 	1 	-3	 63.32	 64.06 
10100	 143.87 	0 	104.55 	39.32 	1 	39.32	 65.77	 119.93 
10200	 42.07 	0 	73.31 	31.24 	1 	31.24	 69.38	 65.43 
10300	 127.05 	1 	100.18 	26.87 	1 	-3	 70.94	 108.56 
10400	 153.57 	1 	126.88 	26.69 	0 	-3	 66.49	 140.07 
10500	 126.43 	1 	126.65 	0.22 	0 	-3	 62.56	 130.52 
10600	 115.22 	1 	120.94 	5.72 	0 	-3	 57.42	 119.81 
10700	 137.29 	1 	129.11 	8.18 	0 	-3	 53.89	 132.05 
10800	 134.26 	1 	131.69 	2.57 	0 	-3	 48.80	 133.60 
10900	 178.13 	1 	154.91 	23.22 	0 	-3	 48.31	 164.77 
11000	 178.13 	1 	154.91 	23.22 	1 	-3	 48.31	 164.77 
11100	 126.70 	1 	140.80 	14.10 	0 	-3	 48.62	 138.12 
11200	 119.58 	1 	130.19 	10.61 	0 	-3	 44.47	 125.14 
11300	 116.20 	1 	123.20 	7.00 	0 	-3	 40.36	 118.88 
11400	 116.20 	1 	123.20 	7.00 	1 	-3	 40.36	 118.88 
11500	 14.30 	0 	68.75 	54.45 	1 	54.45	 46.52	 45.67 
11600	 53.90 	1 	61.32 	7.42 	1 	-3	 45.82	 51.43 
11700	 103.20 	1 	82.26 	20.94 	1 	-3	 46.17	 87.67 
11800	 68.41 	1 	75.34 	6.93 	1 	-3	 45.03	 74.19 
11900	 56.13 	1 	65.73 	9.60 	0 	-3	 41.76	 61.55 
12000	 56.13 	1 	65.73 	9.60 	1 	-3	 41.76	 61.55 
12100	 47.41 	1 	56.57 	9.16 	0 	-3	 38.45	 51.65 
12200	 47.41 	1 	56.57 	9.16 	1 	-3	 38.45	 51.65 
12300	 79.62 	1 	68.10 	11.52 	1 	-3	 37.83	 71.23 
12400	 151.88 	0 	109.99 	41.89 	1 	41.89	 41.27	 127.68 
12500	 139.60 	1 	124.79 	14.81 	0 	-3	 38.37	 136.03 
12600	 139.60 	1 	124.79 	14.81 	1 	-3	 38.37	 136.03 
12700	 131.50 	1 	128.15 	3.35 	0 	-3	 35.35	 132.86 
12800	 131.50 	1 	128.15 	3.35 	1 	-3	 35.35	 132.86 
12900	 126.79 	1 	127.47 	0.68 	0 	-3	 32.28	 128.61 
13000	 126.79 	1 	127.47 	0.68 	1 	-3	 32.28	 128.61 
13100	 127.23 	1 	127.35 	0.12 	0 	-3	 29.10	 127.64 
13200	 124.47 	1 	125.91 	1.44 	0 	-3	 26.46	 125.42 
13300	 112.46 	1 	119.18 	6.72 	0 	-3	 25.02	 116.35 
13400	 112.46 	1 	119.18 	6.72 	1 	-3	 25.02	 116.35 
13500	 22.05 	0 	70.62 	48.57 	1 	48.57	 31.56	 50.34 
13600	 105.61 	1 	88.11 	17.50 	1 	-3	 36.76	 89.03 
13700	 90.21 	1 	89.16 	1.05 	0 	-3	 34.62	 89.86 
13800	 90.21 	1 	89.16 	1.05 	1 	-3	 34.62	 89.86 
13900	 10.57 	0 	49.87 	39.30 	1 	39.30	 39.12	 34.36 
14000	 20.27 	0 	35.07 	14.80 	0 	14.80	 36.18	 24.50 
14100	 20.27 	0 	35.07 	14.80 	1 	14.80	 36.18	 24.50 
14200	 16.17 	0 	25.62 	9.45 	0 	9.45	 32.97	 18.67 
14300	 16.17 	0 	25.62 	9.45 	1 	9.45	 32.97	 18.67 
14400	 21.60 	1 	23.61 	2.01 	0 	-3	 30.22	 20.72 
14500	 14.75 	1 	19.18 	4.43 	0 	-3	 27.88	 16.54 
14600	 14.75 	1 	19.18 	4.43 	1 	-3	 27.88	 16.54 
14700	 139.96 	0 	79.57 	60.39 	1 	60.39	 37.62	 102.93 
14800	 137.02 	1 	108.29 	28.73 	0 	-3	 34.15	 126.79 
14900	 137.02 	1 	108.29 	28.73 	1 	-3	 34.15	 126.79 
15000	 144.85 	1 	126.57 	18.28 	0 	-3	 31.52	 139.43 
15100	 143.25 	1 	134.91 	8.34 	0 	-3	 28.52	 142.10 
