#Time(ms)	 Roll 	 Pitch 	 Yaw 	 gX 	 Gy 	 gZ 
200	 4.57	 15.55	 -150.02	 -74.00	 10.00	 169.00
300	 4.58	 15.55	 -150.09	 -55.00	 -37.00	 66.00
400	 4.58	 15.55	 -150.09	 -55.00	 -37.00	 66.00
500	 4.92	 14.83	 -152.03	 -319.00	 27.00	 14.00
600	 4.92	 14.81	 -152.09	 -29.00	 51.00	 97.00
700	 4.92	 14.81	 -152.09	 -29.00	 51.00	 97.00
800	 5.15	 14.22	 -153.56	 38.00	 -74.00	 130.00
900	 5.17	 14.21	 -153.62	 -50.00	 104.00	 53.00
1000	 5.17	 14.21	 -153.62	 -50.00	 104.00	 53.00
1100	 5.37	 13.62	 -155.12	 3.00	 -89.00	 89.00
1200	 5.40	 13.61	 -155.16	 -99.00	 -4.00	 -60.00
1300	 5.40	 13.61	 -155.16	 -99.00	 -4.00	 -60.00
1400	 5.54	 12.95	 -155.52	 41.00	 168.00	 -65.00
1500	 5.49	 12.92	 -155.50	 145.00	 167.00	 -63.00
1600	 5.49	 12.92	 -155.50	 145.00	 167.00	 -63.00
1700	 3.50	 12.87	 -154.96	 116.00	 -87.00	 172.00
1800	 3.48	 12.93	 -154.95	 -25.00	 -13.00	 174.00
1900	 3.48	 12.93	 -154.95	 -25.00	 -13.00	 174.00
2000	 2.65	 12.59	 -157.57	 48.00	 -162.00	 186.00
2100	 2.65	 12.58	 -157.71	 30.00	 -143.00	 199.00
2200	 2.65	 12.58	 -157.71	 30.00	 -143.00	 199.00
2300	 1.84	 12.23	 -160.93	 -142.00	 143.00	 94.00
2400	 1.81	 12.22	 -161.04	 -149.00	 110.00	 152.00
2500	 1.81	 12.22	 -161.04	 -149.00	 110.00	 152.00
2600	 2.96	 12.11	 -163.97	 11.00	 -245.00	 150.00
2700	 3.00	 12.19	 -164.08	 119.00	 -139.00	 220.00
2800	 3.00	 12.19	 -164.08	 119.00	 -139.00	 220.00
2900	 1.01	 11.06	 -167.17	 -140.00	 159.00	 201.00
3000	 0.97	 11.00	 -167.30	 2.00	 -162.00	 304.00
3100	 0.97	 11.00	 -167.30	 2.00	 -162.00	 304.00
3200	 0.59	 11.58	 -171.56	 -345.00	 182.00	 206.00
3300	 0.63	 11.53	 -171.74	 -335.00	 -2.00	 264.00
3400	 0.63	 11.53	 -171.74	 -335.00	 -2.00	 264.00
3500	 5.11	 10.69	 -177.27	 -539.00	 160.00	 96.00
3600	 5.35	 10.54	 -177.40	 -196.00	 249.00	 170.00
3700	 5.35	 10.54	 -177.40	 -196.00	 249.00	 170.00
3800	 7.96	 11.96	 178.70	 186.00	 231.00	 237.00
3900	 7.77	 12.04	 178.57	 358.00	 -28.00	 252.00
4000	 7.77	 12.04	 178.57	 358.00	 -28.00	 252.00
4100	 1.47	 12.92	 175.36	 -173.00	 -129.00	 34.00
4200	 1.37	 12.90	 175.28	 136.00	 -151.00	 -199.00
4300	 1.37	 12.90	 175.28	 136.00	 -151.00	 -199.00
4400	 1.62	 11.09	 176.78	 -307.00	 -298.00	 -354.00
4500	 1.67	 10.98	 176.99	 -76.00	 -57.00	 -266.00
4600	 1.67	 10.98	 176.99	 -76.00	 -57.00	 -266.00
4700	 4.12	 8.80	 -177.70	 -19.00	 189.00	 -218.00
4800	 4.11	 8.89	 -177.56	 -94.00	 217.00	 -285.00
4900	 4.11	 8.89	 -177.56	 -94.00	 217.00	 -285.00
5000	 4.42	 9.78	 -173.70	 144.00	 -44.00	 -67.00
5100	 4.42	 9.77	 -173.63	 210.00	 208.00	 -6.00
5200	 4.42	 9.77	 -173.63	 210.00	 208.00	 -6.00
5300	 0.61	 9.82	 -172.84	 219.00	 134.00	 -56.00
5400	 0.31	 9.82	 -172.84	 -292.00	 10.00	 42.00
5500	 0.31	 9.82	 -172.84	 -292.00	 10.00	 42.00
5600	 1.09	 10.43	 -173.04	 -389.00	 12.00	 -145.00
5700	 1.30	 10.48	 -173.05	 137.00	 -364.00	 40.00
5800	 1.30	 10.48	 -173.05	 137.00	 -364.00	 40.00
5900	 3.20	 8.22	 -173.13	 8.00	 -299.00	 -183.00
6000	 3.18	 8.19	 -173.14	 114.00	 267.00	 -283.00
6100	 3.18	 8.19	 -173.14	 114.00	 267.00	 -283.00
6200	 2.47	 8.03	 -170.06	 -376.00	 391.00	 256.00
6300	 2.65	 7.99	 -170.06	 -162.00	 704.00	 424.00
6400	 2.65	 7.99	 -170.06	 -162.00	 704.00	 424.00
6500	 4.15	 14.64	 -177.01	 313.00	 -80.00	 650.00
6600	 3.94	 14.66	 -177.34	 315.00	 -295.00	 590.00
6700	 3.94	 14.66	 -177.34	 315.00	 -295.00	 590.00
6800	 -3.31	 12.97	 174.55	 -257.00	 -2.00	 271.00
6900	 -3.32	 12.85	 174.30	 -301.00	 -485.00	 373.00
7000	 -3.32	 12.85	 174.30	 -301.00	 -485.00	 373.00
7100	 0.99	 9.58	 168.51	 -733.00	 0.00	 197.00
7200	 1.20	 9.39	 168.34	 -667.00	 226.00	 56.00
7300	 1.20	 9.39	 168.34	 -667.00	 226.00	 56.00
7400	 8.61	 9.54	 164.42	 21.00	 185.00	 142.00
7500	 8.52	 9.66	 164.32	 151.00	 186.00	 162.00
7600	 8.52	 9.66	 164.32	 151.00	 186.00	 162.00
7700	 4.83	 11.58	 161.46	 2.00	 137.00	 129.00
7800	 4.72	 11.58	 161.40	 -78.00	 108.00	 -96.00
7900	 4.72	 11.58	 161.40	 -78.00	 108.00	 -96.00
8000	 3.74	 10.91	 160.44	 49.00	 -435.00	 168.00
8100	 3.60	 10.68	 160.42	 -280.00	 -155.00	 35.00
8200	 3.60	 10.68	 160.42	 -280.00	 -155.00	 35.00
8300	 3.82	 6.08	 158.54	 85.00	 76.00	 134.00
8400	 3.89	 6.01	 158.48	 37.00	 96.00	 81.00
8500	 3.89	 6.01	 158.48	 37.00	 96.00	 81.00
8600	 2.69	 8.34	 156.92	 64.00	 363.00	 -54.00
8700	 2.62	 8.45	 156.90	 200.00	 428.00	 -101.00
8800	 2.62	 8.45	 156.90	 200.00	 428.00	 -101.00
8900	 1.46	 15.39	 157.96	 -29.00	 143.00	 -56.00
9000	 1.48	 15.62	 158.03	 147.00	 -197.00	 -19.00
9100	 1.48	 15.62	 158.03	 147.00	 -197.00	 -19.00
9200	 0.69	 15.31	 159.46	 414.00	 -307.00	 189.00
9300	 0.46	 15.13	 159.46	 -25.00	 -562.00	 347.00
9400	 0.46	 15.13	 159.46	 -25.00	 -562.00	 347.00
9500	 -1.91	 9.95	 156.21	 -253.00	 396.00	 344.00
9600	 -1.81	 9.91	 155.97	 -520.00	 241.00	 325.00
9700	 -1.81	 9.91	 155.97	 -520.00	 241.00	 325.00
9800	 2.42	 12.16	 148.17	 -300.00	 70.00	 185.00
9900	 2.49	 12.19	 147.98	 -351.00	 -25.00	 -6.00
10000	 2.49	 12.19	 147.98	 -351.00	 -25.00	 -6.00
10100	 6.72	 11.60	 146.23	 -216.00	 -880.00	 -107.00
10200	 6.99	 11.38	 146.33	 24.00	 -339.00	 -186.00
10300	 6.99	 11.38	 146.33	 24.00	 -339.00	 -186.00
10400	 7.91	 5.05	 148.76	 302.00	 234.00	 -64.00
10500	 7.77	 5.05	 148.80	 196.00	 107.00	 -39.00
10600	 7.77	 5.05	 148.80	 196.00	 107.00	 -39.00
10700	 3.30	 7.75	 149.66	 339.00	 189.00	 -35.00
10800	 3.12	 7.70	 149.73	 311.00	 339.00	 33.00
10900	 3.12	 7.70	 149.73	 311.00	 339.00	 33.00
11000	 0.05	 11.82	 149.21	 -441.00	 617.00	 90.00
11100	 0.35	 12.16	 149.11	 -194.00	 68.00	 101.00
11200	 0.35	 12.16	 149.11	 -194.00	 68.00	 101.00
11300	 4.04	 16.29	 146.11	 -93.00	 -266.00	 -46.00
11400	 3.98	 16.10	 146.11	 313.00	 -436.00	 170.00
11500	 3.98	 16.10	 146.11	 313.00	 -436.00	 170.00
11600	 2.33	 10.94	 145.84	 -335.00	 -565.00	 -45.00
11700	 2.24	 10.73	 145.83	 -325.00	 -399.00	 -187.00
11800	 2.24	 10.73	 145.83	 -325.00	 -399.00	 -187.00
11900	 6.09	 3.05	 146.30	 241.00	 229.00	 -46.00
12000	 6.02	 2.92	 146.33	 -20.00	 468.00	 -143.00
12100	 6.02	 2.92	 146.33	 -20.00	 468.00	 -143.00
12200	 2.57	 9.56	 147.62	 450.00	 309.00	 174.00
12300	 2.29	 9.85	 147.61	 298.00	 -617.00	 316.00
12400	 2.29	 9.85	 147.61	 298.00	 -617.00	 316.00
12500	 -3.05	 7.79	 144.33	 -836.00	 280.00	 269.00
12600	 -2.85	 7.77	 144.16	 -1138.00	 644.00	 51.00
12700	 -2.85	 7.77	 144.16	 -1138.00	 644.00	 51.00
12800	 11.52	 15.49	 139.34	 -51.00	 109.00	 156.00
12900	 11.76	 15.69	 139.21	 44.00	 -324.00	 174.00
13000	 11.76	 15.69	 139.21	 44.00	 -324.00	 174.00
13100	 10.40	 14.50	 136.10	 382.00	 -400.00	 358.00
13200	 10.07	 14.40	 135.96	 459.00	 -323.00	 519.00
13300	 10.07	 14.40	 135.96	 459.00	 -323.00	 519.00
13400	 0.94	 10.17	 129.39	 241.00	 -15.00	 750.00
13500	 0.62	 9.95	 129.02	 -50.00	 506.00	 533.00
13600	 0.62	 9.95	 129.02	 -50.00	 506.00	 533.00
13700	 -2.12	 10.94	 117.51	 239.00	 407.00	 519.00
13800	 -2.09	 10.94	 117.14	 -247.00	 302.00	 468.00
13900	 -2.09	 10.94	 117.14	 -247.00	 302.00	 468.00
14000	 -0.77	 12.65	 108.05	 -465.00	 -714.00	 206.00
14100	 -0.43	 12.29	 107.88	 65.00	 -120.00	 199.00
14200	 -0.43	 12.29	 107.88	 65.00	 -120.00	 199.00
14300	 3.13	 8.56	 104.58	 -126.00	 -407.00	 -1.00
14400	 3.24	 8.59	 104.53	 -238.00	 191.00	 7.00
14500	 3.24	 8.59	 104.53	 -238.00	 191.00	 7.00
14600	 5.90	 9.42	 104.51	 -197.00	 437.00	 55.00
14700	 6.04	 9.68	 104.44	 -73.00	 351.00	 77.00
14800	 6.04	 9.68	 104.44	 -73.00	 351.00	 77.00
14900	 7.50	 15.92	 103.44	 460.00	 -1699.00	 262.00
15000	 7.36	 15.88	 103.44	 113.00	 -1665.00	 169.00
15100	 7.36	 15.88	 103.44	 113.00	 -1665.00	 169.00
