#Time(ms)	 Value 	 Validity 	 avgValue 	 Diff 	 Outliers 	 invalidReason	 SD 
200	 -1.00 	0 	0.00 	1.00 	1 	0	 0.00	 0.00 
300	 93.95 	0 	46.98 	46.98 	1 	46.98	 9.50	 65.77 
400	 93.95 	1 	70.46 	23.49 	0 	-3	 8.55	 85.49 
500	 93.95 	1 	82.21 	11.74 	0 	-3	 7.69	 91.41 
600	 93.95 	1 	88.08 	5.87 	0 	-3	 6.92	 93.19 
700	 93.95 	1 	91.01 	2.94 	0 	-3	 6.23	 93.72 
800	 93.86 	1 	92.44 	1.42 	0 	-3	 5.62	 93.82 
900	 92.79 	1 	92.61 	0.18 	0 	-3	 5.16	 93.10 
1000	 92.79 	1 	92.70 	0.09 	0 	-3	 4.65	 92.88 
1100	 95.91 	1 	94.31 	1.60 	0 	-3	 4.49	 95.00 
1200	 95.91 	1 	95.11 	0.80 	0 	-3	 4.04	 95.64 
1300	 95.91 	1 	95.51 	0.40 	0 	-3	 3.64	 95.83 
1400	 93.41 	1 	94.46 	1.05 	0 	-3	 3.53	 94.14 
1500	 93.41 	1 	93.93 	0.52 	0 	-3	 3.17	 93.63 
1600	 92.97 	1 	93.45 	0.48 	0 	-3	 2.90	 93.17 
1700	 92.97 	1 	93.21 	0.24 	0 	-3	 2.61	 93.03 
1800	 93.77 	1 	93.49 	0.28 	0 	-3	 2.43	 93.55 
1900	 109.79 	1 	101.64 	8.15 	0 	-3	 3.79	 104.92 
2000	 93.24 	1 	97.44 	4.20 	0 	-3	 5.06	 96.74 
2100	 93.06 	1 	95.25 	2.19 	0 	-3	 4.58	 94.16 
2200	 93.50 	1 	94.38 	0.88 	0 	-3	 4.16	 93.70 
2300	 93.50 	1 	93.94 	0.44 	0 	-3	 3.75	 93.56 
2400	 91.55 	1 	92.74 	1.19 	0 	-3	 3.57	 92.15 
2500	 91.55 	1 	92.15 	0.60 	0 	-3	 3.21	 91.73 
2600	 91.55 	1 	91.85 	0.30 	0 	-3	 2.89	 91.60 
2700	 91.90 	1 	91.87 	0.03 	0 	-3	 2.63	 91.81 
2800	 91.01 	1 	91.44 	0.43 	0 	-3	 2.46	 91.25 
2900	 91.01 	1 	91.23 	0.22 	0 	-3	 2.21	 91.08 
3000	 91.01 	1 	91.12 	0.11 	0 	-3	 1.99	 91.03 
3100	 90.12 	1 	90.62 	0.50 	0 	-3	 1.88	 90.39 
3200	 90.12 	1 	90.62 	0.50 	1 	-3	 1.88	 90.39 
3300	 89.50 	1 	90.06 	0.56 	0 	-3	 1.76	 89.77 
3400	 88.79 	1 	89.42 	0.63 	0 	-3	 1.65	 89.08 
3500	 87.99 	1 	88.71 	0.72 	0 	-3	 1.57	 88.32 
3600	 87.99 	1 	88.35 	0.36 	0 	-3	 1.41	 88.09 
3700	 87.99 	1 	88.17 	0.18 	0 	-3	 1.27	 88.02 
3800	 87.99 	1 	88.08 	0.09 	0 	-3	 1.14	 88.00 
3900	 89.32 	1 	88.70 	0.62 	0 	-3	 1.16	 88.92 
4000	 89.68 	1 	89.19 	0.49 	0 	-3	 1.08	 89.45 
4100	 88.79 	1 	88.99 	0.20 	0 	-3	 1.06	 88.99 
4200	 88.16 	1 	88.57 	0.41 	0 	-3	 1.02	 88.41 
4300	 88.16 	1 	88.37 	0.21 	0 	-3	 0.92	 88.23 
4400	 88.16 	1 	88.26 	0.10 	0 	-3	 0.82	 88.18 
4500	 88.16 	1 	88.21 	0.05 	0 	-3	 0.74	 88.17 
4600	 77.84 	1 	83.03 	5.19 	0 	-3	 1.70	 80.94 
4700	 77.22 	1 	80.12 	2.90 	0 	-3	 1.59	 78.34 
4800	 74.99 	1 	77.56 	2.57 	0 	-3	 1.66	 75.99 
4900	 74.99 	1 	76.27 	1.28 	0 	-3	 1.49	 75.29 
5000	 72.41 	1 	74.34 	1.93 	0 	-3	 1.60	 73.27 
5100	 72.41 	1 	73.38 	0.97 	0 	-3	 1.44	 72.67 
5200	 72.41 	1 	72.89 	0.48 	0 	-3	 1.30	 72.49 
5300	 72.41 	1 	72.65 	0.24 	0 	-3	 1.17	 72.43 
5400	 69.92 	1 	71.29 	1.37 	0 	-3	 1.30	 70.67 
5500	 68.94 	1 	70.11 	1.17 	0 	-3	 1.27	 69.46 
5600	 68.94 	1 	69.53 	0.59 	0 	-3	 1.14	 69.10 
5700	 69.30 	1 	69.41 	0.11 	0 	-3	 1.06	 69.24 
5800	 68.77 	1 	69.09 	0.32 	0 	-3	 1.01	 68.91 
5900	 68.77 	1 	68.93 	0.16 	0 	-3	 0.91	 68.81 
6000	 70.63 	1 	69.78 	0.85 	0 	-3	 1.00	 70.08 
6100	 70.63 	1 	70.21 	0.42 	0 	-3	 0.90	 70.47 
6200	 70.63 	1 	70.42 	0.21 	0 	-3	 0.81	 70.58 
6300	 77.84 	1 	74.13 	3.71 	0 	-3	 1.45	 75.66 
6400	 80.60 	1 	77.36 	3.24 	0 	-3	 1.58	 79.12 
6500	 80.60 	1 	78.98 	1.62 	0 	-3	 1.42	 80.16 
6600	 80.60 	1 	79.79 	0.81 	0 	-3	 1.28	 80.47 
6700	 85.05 	1 	82.42 	2.63 	0 	-3	 1.60	 83.68 
6800	 84.78 	1 	83.60 	1.18 	0 	-3	 1.47	 84.45 
6900	 85.67 	1 	84.64 	1.03 	0 	-3	 1.41	 85.30 
7000	 85.67 	1 	85.15 	0.52 	0 	-3	 1.27	 85.56 
7100	 85.67 	1 	85.41 	0.26 	0 	-3	 1.14	 85.64 
7200	 85.67 	1 	85.54 	0.13 	0 	-3	 1.03	 85.66 
7300	 85.67 	1 	85.61 	0.06 	0 	-3	 0.92	 85.67 
7400	 85.67 	1 	85.64 	0.03 	0 	-3	 0.83	 85.67 
7500	 84.34 	1 	84.99 	0.65 	0 	-3	 0.88	 84.74 
7600	 85.32 	1 	85.15 	0.17 	0 	-3	 0.89	 85.15 
7700	 85.32 	1 	85.24 	0.08 	0 	-3	 0.80	 85.27 
7800	 85.32 	1 	85.28 	0.04 	0 	-3	 0.72	 85.30 
7900	 83.63 	1 	84.45 	0.82 	0 	-3	 0.82	 84.13 
8000	 83.63 	1 	84.04 	0.41 	0 	-3	 0.74	 83.78 
8100	 83.63 	1 	83.84 	0.21 	0 	-3	 0.66	 83.68 
8200	 81.40 	1 	82.62 	1.22 	0 	-3	 0.82	 82.08 
8300	 81.22 	1 	81.92 	0.70 	0 	-3	 0.76	 81.48 
8400	 82.74 	1 	82.33 	0.41 	0 	-3	 0.83	 82.36 
8500	 85.32 	1 	83.82 	1.50 	0 	-3	 1.01	 84.43 
8600	 85.32 	1 	84.57 	0.75 	0 	-3	 0.91	 85.05 
8700	 85.32 	1 	84.95 	0.37 	0 	-3	 0.82	 85.24 
8800	 95.19 	1 	90.07 	5.12 	0 	-3	 1.72	 92.21 
8900	 97.42 	1 	93.74 	3.68 	0 	-3	 1.77	 95.86 
9000	 97.42 	1 	95.58 	1.84 	0 	-3	 1.59	 96.95 
9100	 103.11 	1 	99.35 	3.76 	0 	-3	 2.00	 101.26 
9200	 104.09 	1 	101.72 	2.37 	0 	-3	 1.90	 103.24 
9300	 104.09 	1 	102.90 	1.19 	0 	-3	 1.71	 103.84 
9400	 104.09 	1 	103.50 	0.59 	0 	-3	 1.54	 104.01 
9500	 100.36 	1 	101.93 	1.57 	0 	-3	 1.76	 101.46 
9600	 100.36 	1 	101.14 	0.78 	0 	-3	 1.58	 100.69 
9700	 100.36 	1 	100.75 	0.39 	0 	-3	 1.43	 100.46 
9800	 97.86 	1 	99.31 	1.45 	0 	-3	 1.53	 98.64 
9900	 96.44 	1 	97.87 	1.43 	0 	-3	 1.52	 97.10 
10000	 96.44 	1 	97.16 	0.72 	0 	-3	 1.37	 96.64 
10100	 90.30 	1 	93.73 	3.43 	0 	-3	 1.85	 92.20 
10200	 90.30 	1 	92.01 	1.71 	0 	-3	 1.66	 90.87 
10300	 82.56 	1 	87.29 	4.73 	0 	-3	 2.27	 85.05 
10400	 81.76 	1 	84.52 	2.76 	0 	-3	 2.12	 82.75 
10500	 81.31 	1 	82.92 	1.61 	0 	-3	 1.96	 81.74 
10600	 81.76 	1 	82.34 	0.58 	0 	-3	 1.80	 81.75 
10700	 83.00 	1 	82.67 	0.33 	0 	-3	 1.75	 82.63 
10800	 84.78 	1 	83.72 	1.06 	0 	-3	 1.75	 84.13 
10900	 88.34 	1 	86.03 	2.31 	0 	-3	 1.93	 87.08 
11000	 88.34 	1 	87.19 	1.15 	0 	-3	 1.74	 87.96 
11100	 94.75 	1 	90.97 	3.78 	0 	-3	 2.21	 92.71 
11200	 96.53 	1 	93.75 	2.78 	0 	-3	 2.16	 95.39 
11300	 96.53 	1 	95.14 	1.39 	0 	-3	 1.95	 96.19 
11400	 96.53 	1 	95.83 	0.70 	0 	-3	 1.75	 96.43 
11500	 96.53 	1 	96.18 	0.35 	0 	-3	 1.58	 96.50 
11600	 96.53 	1 	96.36 	0.17 	0 	-3	 1.42	 96.52 
11700	 84.69 	1 	90.52 	5.83 	0 	-3	 2.46	 88.24 
11800	 84.69 	1 	87.61 	2.92 	0 	-3	 2.22	 85.75 
11900	 84.69 	1 	86.15 	1.46 	0 	-3	 1.99	 85.01 
12000	 78.91 	1 	82.53 	3.62 	0 	-3	 2.37	 80.74 
12100	 78.91 	1 	80.72 	1.81 	0 	-3	 2.14	 79.46 
12200	 81.58 	1 	81.15 	0.43 	0 	-3	 2.19	 80.94 
12300	 81.58 	1 	81.36 	0.22 	0 	-3	 1.97	 81.39 
12400	 86.21 	1 	83.79 	2.42 	0 	-3	 2.24	 84.76 
12500	 89.41 	1 	86.60 	2.81 	0 	-3	 2.33	 88.02 
12600	 89.41 	1 	88.00 	1.41 	0 	-3	 2.10	 88.99 
12700	 97.15 	1 	92.58 	4.57 	0 	-3	 2.66	 94.70 
12800	 97.15 	1 	94.86 	2.29 	0 	-3	 2.40	 96.42 
12900	 104.72 	1 	99.79 	4.93 	0 	-3	 2.91	 102.23 
13000	 104.72 	1 	102.26 	2.46 	0 	-3	 2.62	 103.97 
13100	 107.21 	1 	104.73 	2.48 	0 	-3	 2.61	 106.24 
13200	 108.01 	1 	106.37 	1.64 	0 	-3	 2.43	 107.48 
13300	 109.97 	1 	108.17 	1.80 	0 	-3	 2.38	 109.22 
13400	 109.97 	1 	109.07 	0.90 	0 	-3	 2.14	 109.75 
13500	 109.97 	1 	109.07 	0.90 	1 	-3	 2.14	 109.75 
13600	 111.66 	1 	110.37 	1.29 	0 	-3	 2.10	 111.09 
13700	 114.06 	1 	112.21 	1.85 	0 	-3	 2.13	 113.17 
13800	 114.06 	1 	112.21 	1.85 	1 	-3	 2.13	 113.17 
13900	 14.48 	0 	63.35 	48.87 	1 	48.87	 11.87	 44.09 
14000	 14.04 	0 	38.69 	24.65 	0 	24.65	 10.73	 23.05 
14100	 14.04 	0 	38.69 	24.65 	1 	24.65	 10.73	 23.05 
14200	 11.46 	0 	25.08 	13.62 	0 	13.62	 9.92	 14.94 
14300	 11.46 	0 	25.08 	13.62 	1 	13.62	 9.92	 14.94 
14400	 26.59 	1 	25.83 	0.76 	1 	-3	 10.44	 23.09 
14500	 34.06 	1 	29.95 	4.11 	0 	-3	 10.14	 30.77 
14600	 36.37 	1 	33.16 	3.21 	0 	-3	 9.36	 34.69 
14700	 36.37 	1 	33.16 	3.21 	1 	-3	 9.36	 34.69 
14800	 140.85 	0 	87.00 	53.85 	1 	53.85	 18.87	 109.00 
14900	 68.77 	1 	77.89 	9.12 	1 	-3	 24.19	 80.84 
15000	 150.72 	1 	114.30 	36.42 	1 	-3	 29.97	 129.76 
15100	 154.10 	1 	134.20 	19.90 	0 	-3	 27.31	 146.80 
