#Time(ms)	 Value 	 Validity 	 avgValue 	 Diff 	 Outliers 	 invalidReason	 SD 
200	 -1.00 	0 	0.00 	1.00 	1 	0	 0.00	 0.00 
300	 105.34 	0 	52.67 	52.67 	1 	52.67	 10.63	 73.74 
400	 252.08 	0 	152.38 	99.71 	1 	99.71	 24.24	 198.58 
500	 106.05 	1 	129.21 	23.16 	1 	-3	 36.42	 133.81 
600	 253.06 	1 	191.14 	61.92 	1 	-3	 47.48	 217.28 
700	 103.20 	0 	147.17 	43.97 	1 	43.97	 57.72	 137.43 
800	 253.06 	1 	200.11 	52.95 	1 	-3	 66.93	 218.37 
900	 253.06 	1 	226.59 	26.47 	0 	-3	 60.24	 242.65 
1000	 253.06 	1 	226.59 	26.47 	1 	-3	 60.24	 242.65 
1100	 107.30 	0 	166.94 	59.64 	1 	59.64	 68.79	 147.91 
1200	 253.24 	1 	210.09 	43.15 	1 	-3	 76.51	 221.64 
1300	 106.59 	0 	158.34 	51.75 	1 	51.75	 83.52	 141.10 
1400	 115.66 	1 	137.00 	21.34 	0 	-3	 76.08	 123.29 
1500	 163.89 	1 	150.45 	13.44 	0 	-3	 73.29	 151.71 
1600	 163.89 	1 	150.45 	13.44 	1 	-3	 73.29	 151.71 
1700	 114.77 	1 	132.61 	17.84 	0 	-3	 70.87	 125.85 
1800	 106.85 	1 	119.73 	12.88 	0 	-3	 64.58	 112.55 
1900	 106.85 	1 	119.73 	12.88 	1 	-3	 64.58	 112.55 
2000	 220.85 	1 	170.29 	50.56 	1 	-3	 69.52	 188.36 
2100	 107.83 	1 	139.06 	31.23 	1 	-3	 73.87	 131.99 
2200	 114.51 	1 	126.78 	12.27 	0 	-3	 67.15	 119.75 
2300	 107.30 	1 	117.04 	9.74 	0 	-3	 61.16	 111.04 
2400	 106.76 	1 	111.90 	5.14 	0 	-3	 55.10	 108.04 
2500	 104.63 	1 	108.27 	3.64 	0 	-3	 49.80	 105.65 
2600	 102.05 	1 	105.16 	3.11 	0 	-3	 45.08	 103.13 
2700	 113.62 	1 	109.39 	4.23 	0 	-3	 41.73	 110.47 
2800	 144.49 	1 	126.94 	17.55 	0 	-3	 40.64	 134.29 
2900	 144.49 	1 	126.94 	17.55 	1 	-3	 40.64	 134.29 
3000	 103.56 	1 	115.25 	11.69 	0 	-3	 40.67	 112.78 
3100	 108.54 	1 	111.89 	3.35 	0 	-3	 37.10	 109.81 
3200	 101.16 	1 	106.53 	5.37 	0 	-3	 34.13	 103.76 
3300	 120.82 	1 	113.67 	7.15 	0 	-3	 32.68	 115.70 
3400	 120.82 	1 	113.67 	7.15 	1 	-3	 32.68	 115.70 
3500	 205.98 	1 	159.83 	46.15 	1 	-3	 37.93	 178.90 
3600	 99.20 	1 	129.51 	30.31 	1 	-3	 44.81	 123.11 
3700	 108.01 	1 	118.76 	10.75 	0 	-3	 41.21	 112.54 
3800	 103.83 	1 	111.30 	7.47 	0 	-3	 37.51	 106.44 
3900	 101.33 	1 	106.31 	4.98 	0 	-3	 34.01	 102.86 
4000	 124.38 	1 	115.35 	9.03 	0 	-3	 32.91	 117.93 
4100	 103.56 	1 	109.45 	5.89 	0 	-3	 31.70	 107.87 
4200	 100.09 	1 	104.77 	4.68 	0 	-3	 28.88	 102.42 
4300	 100.62 	1 	102.70 	2.08 	0 	-3	 26.05	 101.16 
4400	 120.29 	1 	111.49 	8.80 	0 	-3	 25.41	 114.55 
4500	 156.95 	1 	134.22 	22.73 	0 	-3	 26.53	 144.23 
4600	 156.95 	1 	134.22 	22.73 	1 	-3	 26.53	 144.23 
4700	 132.12 	1 	133.17 	1.05 	0 	-3	 26.36	 135.75 
4800	 132.12 	1 	133.17 	1.05 	1 	-3	 26.36	 135.75 
4900	 113.70 	1 	123.44 	9.74 	0 	-3	 25.57	 120.32 
5000	 129.10 	1 	126.27 	2.83 	0 	-3	 24.55	 126.46 
5100	 129.10 	1 	126.27 	2.83 	1 	-3	 24.55	 126.46 
5200	 148.85 	1 	137.56 	11.29 	0 	-3	 24.07	 142.13 
5300	 157.22 	1 	147.39 	9.83 	0 	-3	 22.50	 152.69 
5400	 148.14 	1 	147.76 	0.38 	0 	-3	 21.16	 149.51 
5500	 160.51 	1 	154.14 	6.37 	0 	-3	 20.28	 157.21 
5600	 120.65 	1 	137.39 	16.74 	0 	-3	 22.24	 131.62 
5700	 135.33 	1 	136.36 	1.03 	0 	-3	 21.48	 134.22 
5800	 86.65 	1 	111.51 	24.86 	0 	-3	 24.20	 100.92 
5900	 118.24 	1 	114.87 	3.37 	0 	-3	 24.94	 113.04 
6000	 88.16 	1 	101.52 	13.36 	0 	-3	 25.45	 95.63 
6100	 121.89 	1 	111.70 	10.19 	0 	-3	 26.28	 114.01 
6200	 136.93 	1 	124.32 	12.61 	0 	-3	 25.16	 130.05 
6300	 136.93 	1 	124.32 	12.61 	1 	-3	 25.16	 130.05 
6400	 238.91 	1 	181.61 	57.30 	1 	-3	 32.84	 206.25 
6500	 244.69 	1 	213.15 	31.54 	0 	-3	 30.13	 233.16 
6600	 252.53 	1 	232.84 	19.69 	0 	-3	 27.90	 246.72 
6700	 181.60 	1 	207.22 	25.62 	0 	-3	 32.21	 201.14 
6800	 151.43 	1 	179.33 	27.90 	0 	-3	 32.00	 166.34 
6900	 112.01 	1 	145.67 	33.66 	0 	-3	 32.75	 128.31 
7000	 100.36 	1 	123.01 	22.65 	0 	-3	 30.64	 108.74 
7100	 139.07 	1 	131.04 	8.03 	0 	-3	 31.44	 129.97 
7200	 137.55 	1 	134.30 	3.25 	0 	-3	 28.45	 135.28 
7300	 123.94 	1 	129.12 	5.18 	0 	-3	 26.97	 127.34 
7400	 98.04 	1 	113.58 	15.54 	0 	-3	 26.86	 106.83 
7500	 95.82 	1 	104.70 	8.88 	0 	-3	 24.40	 99.12 
7600	 126.61 	1 	115.65 	10.96 	0 	-3	 25.04	 118.36 
7700	 152.86 	1 	134.26 	18.60 	0 	-3	 25.16	 142.51 
7800	 131.95 	1 	133.10 	1.15 	0 	-3	 24.73	 135.12 
7900	 181.16 	1 	157.13 	24.03 	0 	-3	 27.18	 167.35 
8000	 139.87 	1 	148.50 	8.63 	0 	-3	 28.59	 148.11 
8100	 164.16 	1 	156.33 	7.83 	0 	-3	 28.16	 159.35 
8200	 130.26 	1 	143.30 	13.04 	0 	-3	 28.73	 138.99 
8300	 120.47 	1 	131.88 	11.41 	0 	-3	 26.84	 126.02 
8400	 96.62 	1 	114.25 	17.63 	0 	-3	 26.54	 105.44 
8500	 100.80 	1 	107.53 	6.73 	0 	-3	 24.31	 102.19 
8600	 131.68 	1 	119.60 	12.08 	0 	-3	 24.96	 122.83 
8700	 138.44 	1 	129.02 	9.42 	0 	-3	 23.14	 133.76 
8800	 171.10 	1 	150.06 	21.04 	0 	-3	 24.09	 159.90 
8900	 180.62 	1 	165.34 	15.28 	0 	-3	 22.64	 174.40 
9000	 123.31 	1 	144.33 	21.02 	0 	-3	 26.10	 138.64 
9100	 116.20 	1 	130.26 	14.06 	0 	-3	 24.20	 122.93 
9200	 117.89 	1 	124.08 	6.19 	0 	-3	 21.95	 119.40 
9300	 114.24 	1 	119.16 	4.92 	0 	-3	 20.12	 115.79 
9400	 119.93 	1 	119.54 	0.39 	0 	-3	 18.68	 118.69 
9500	 114.15 	1 	116.85 	2.70 	0 	-3	 17.39	 115.51 
9600	 134.17 	1 	125.51 	8.66 	0 	-3	 17.65	 128.57 
9700	 111.21 	1 	118.36 	7.15 	0 	-3	 18.18	 116.42 
9800	 111.84 	1 	115.10 	3.26 	0 	-3	 16.43	 113.21 
9900	 113.17 	1 	114.13 	0.96 	0 	-3	 14.92	 113.18 
10000	 105.34 	1 	109.74 	4.40 	0 	-3	 14.21	 107.69 
10100	 106.59 	1 	108.16 	1.57 	0 	-3	 12.91	 106.92 
10200	 106.59 	1 	108.16 	1.57 	1 	-3	 12.91	 106.92 
10300	 154.64 	1 	131.40 	23.24 	1 	-3	 16.43	 140.32 
10400	 155.53 	1 	143.47 	12.06 	0 	-3	 14.87	 150.97 
10500	 123.67 	1 	133.57 	9.90 	0 	-3	 16.57	 131.86 
10600	 99.20 	1 	116.38 	17.18 	0 	-3	 17.36	 109.00 
10700	 95.02 	1 	105.70 	10.68 	0 	-3	 16.04	 99.21 
10800	 95.02 	1 	105.70 	10.68 	1 	-3	 16.04	 99.21 
10900	 136.13 	1 	120.92 	15.21 	0 	-3	 18.55	 125.06 
11000	 125.63 	1 	123.27 	2.36 	0 	-3	 17.75	 125.46 
11100	 159.27 	1 	141.27 	18.00 	0 	-3	 19.33	 149.13 
11200	 110.68 	1 	125.98 	15.30 	0 	-3	 22.26	 122.21 
11300	 137.20 	1 	131.59 	5.61 	0 	-3	 22.69	 132.70 
11400	 90.39 	1 	110.99 	20.60 	0 	-3	 25.10	 103.08 
11500	 105.70 	1 	108.34 	2.64 	0 	-3	 24.12	 104.92 
11600	 102.76 	1 	105.55 	2.79 	0 	-3	 22.00	 103.41 
11700	 125.18 	1 	115.37 	9.81 	0 	-3	 22.04	 118.65 
11800	 135.60 	1 	125.48 	10.12 	0 	-3	 20.88	 130.51 
11900	 135.60 	1 	125.48 	10.12 	1 	-3	 20.88	 130.51 
12000	 94.93 	1 	110.21 	15.28 	0 	-3	 22.86	 105.61 
12100	 94.04 	1 	102.12 	8.08 	0 	-3	 20.66	 97.51 
12200	 134.53 	1 	118.33 	16.20 	0 	-3	 22.65	 123.42 
12300	 159.44 	1 	138.88 	20.56 	0 	-3	 22.87	 148.64 
12400	 122.16 	1 	130.52 	8.36 	0 	-3	 24.31	 130.10 
12500	 107.92 	1 	119.22 	11.30 	0 	-3	 23.31	 114.57 
12600	 117.44 	1 	118.33 	0.89 	0 	-3	 21.93	 116.58 
12700	 116.82 	1 	117.58 	0.76 	0 	-3	 19.80	 116.75 
12800	 110.41 	1 	113.99 	3.58 	0 	-3	 18.46	 112.31 
12900	 109.43 	1 	111.71 	2.28 	0 	-3	 16.71	 110.29 
13000	 119.93 	1 	115.82 	4.11 	0 	-3	 16.09	 117.04 
13100	 121.09 	1 	118.46 	2.63 	0 	-3	 14.60	 119.87 
13200	 123.58 	1 	121.02 	2.56 	0 	-3	 13.39	 122.47 
13300	 144.67 	1 	132.84 	11.83 	0 	-3	 14.16	 138.01 
13400	 122.42 	1 	127.63 	5.21 	0 	-3	 14.97	 127.10 
13500	 123.05 	1 	125.34 	2.29 	0 	-3	 13.53	 124.26 
13600	 124.03 	1 	124.69 	0.66 	0 	-3	 12.28	 124.10 
13700	 128.48 	1 	126.58 	1.90 	0 	-3	 11.49	 127.17 
13800	 128.39 	1 	127.49 	0.90 	0 	-3	 10.35	 128.02 
13900	 119.13 	1 	123.31 	4.18 	0 	-3	 10.24	 121.80 
14000	 125.09 	1 	124.20 	0.89 	0 	-3	 9.82	 124.10 
14100	 130.88 	1 	127.54 	3.34 	0 	-3	 9.41	 128.85 
14200	 131.41 	1 	129.47 	1.94 	0 	-3	 8.52	 130.64 
14300	 116.37 	1 	122.92 	6.55 	0 	-3	 9.18	 120.65 
14400	 133.28 	1 	128.10 	5.18 	0 	-3	 9.95	 129.49 
14500	 142.63 	1 	135.37 	7.26 	0 	-3	 9.89	 138.69 
14600	 147.34 	1 	141.35 	5.99 	0 	-3	 9.37	 144.74 
14700	 147.07 	1 	144.21 	2.86 	0 	-3	 8.46	 146.37 
14800	 155.80 	1 	150.01 	5.79 	0 	-3	 8.49	 152.97 
14900	 155.80 	1 	150.01 	5.79 	1 	-3	 8.49	 152.97 
15000	 367.05 	0 	258.53 	108.52 	1 	108.52	 28.76	 302.83 
15100	 362.87 	1 	310.70 	52.17 	0 	-3	 26.31	 344.86 
