#Time(ms)	 Value 	 Validity 	 avgValue 	 Diff 	 Outliers 	 invalidReason 
200	 -1.00 	0 	0.00 	1.00 	0 	0 
300	 -1.00 	0 	0.00 	1.00 	1 	0 
400	 -1.00 	0 	0.00 	1.00 	2 	-2 
500	 -1.00 	0 	0.00 	1.00 	3 	-2 
600	 -1.00 	0 	0.00 	1.00 	4 	-2 
700	 -1.00 	0 	0.00 	1.00 	5 	-2 
800	 165.05 	0 	49.52 	115.54 	5 	-2 
900	 -1.00 	0 	49.52 	50.52 	5 	-2 
1000	 -1.00 	0 	49.52 	50.52 	5 	-2 
1100	 165.14 	0 	84.20 	80.94 	5 	-2 
1200	 164.61 	0 	108.32 	56.29 	0 	-2 
1300	 165.85 	0 	125.58 	40.27 	0 	-2 
1400	 165.14 	0 	137.45 	27.69 	0 	-2 
1500	 165.14 	0 	145.76 	19.38 	0 	-2 
1600	 164.52 	0 	151.39 	13.13 	0 	-2 
1700	 166.65 	0 	155.97 	10.68 	0 	-2 
1800	 165.58 	0 	158.85 	6.73 	0 	-2 
1900	 164.96 	0 	160.68 	4.28 	0 	-2 
2000	 163.98 	0 	161.67 	2.31 	0 	-2 
2100	 166.03 	0 	162.98 	3.05 	0 	-2 
2200	 166.74 	0 	164.11 	2.63 	0 	-2 
2300	 165.05 	0 	164.39 	0.66 	0 	-2 
2400	 165.58 	0 	164.75 	0.83 	0 	-2 
2500	 164.96 	0 	164.81 	0.15 	0 	-2 
2600	 166.12 	0 	165.20 	0.92 	0 	-2 
2700	 164.52 	0 	165.00 	0.48 	0 	-2 
2800	 165.14 	0 	165.04 	0.10 	0 	-2 
2900	 167.45 	0 	165.76 	1.69 	0 	-2 
3000	 165.67 	0 	165.74 	0.07 	0 	-2 
3100	 166.83 	0 	166.06 	0.77 	0 	-2 
3200	 165.67 	0 	165.95 	0.28 	0 	-2 
3300	 165.67 	0 	165.86 	0.19 	0 	-2 
3400	 165.67 	0 	165.86 	0.19 	1 	-2 
3500	 167.19 	0 	166.26 	0.93 	0 	-2 
3600	 165.05 	0 	165.90 	0.85 	0 	-2 
3700	 165.58 	1 	165.80 	0.22 	0 	-3 
3800	 165.05 	1 	165.58 	0.53 	0 	-3 
3900	 166.65 	0 	165.90 	0.75 	0 	-2 
4000	 162.83 	1 	164.98 	2.15 	0 	-3 
4100	 168.25 	1 	165.96 	2.29 	0 	-3 
4200	 164.52 	1 	165.53 	1.01 	0 	-3 
4300	 167.27 	0 	166.05 	1.22 	0 	-2 
4400	 167.90 	0 	166.61 	1.29 	0 	-2 
4500	 166.30 	0 	166.51 	0.21 	0 	-2 
4600	 166.30 	1 	166.45 	0.15 	0 	-3 
4700	 168.97 	0 	167.21 	1.76 	0 	-2 
4800	 165.14 	0 	166.59 	1.45 	0 	-2 
4900	 167.27 	0 	166.79 	0.48 	0 	-2 
5000	 166.56 	0 	166.72 	0.16 	0 	-2 
5100	 165.58 	0 	166.38 	0.80 	0 	-2 
5200	 166.65 	0 	166.46 	0.19 	0 	-2 
5300	 165.05 	0 	166.04 	0.99 	0 	-2 
5400	 165.50 	0 	165.88 	0.38 	0 	-2 
5500	 164.25 	0 	165.39 	1.14 	0 	-2 
5600	 164.34 	0 	165.07 	0.73 	0 	-2 
5700	 164.52 	0 	164.91 	0.39 	0 	-2 
5800	 166.21 	0 	165.30 	0.91 	0 	-2 
5900	 170.12 	0 	166.74 	3.38 	0 	-2 
6000	 163.98 	0 	165.92 	1.94 	0 	-2 
6100	 166.21 	0 	166.00 	0.21 	0 	-2 
6200	 165.67 	0 	165.90 	0.23 	0 	-2 
6300	 165.85 	0 	165.89 	0.04 	0 	-2 
6400	 166.21 	0 	165.98 	0.23 	0 	-2 
6500	 167.90 	0 	166.56 	1.34 	0 	-2 
6600	 164.07 	0 	165.81 	1.74 	0 	-2 
6700	 167.27 	0 	166.25 	1.02 	0 	-2 
6800	 166.65 	0 	166.37 	0.28 	0 	-2 
6900	 167.72 	0 	166.77 	0.95 	0 	-2 
7000	 164.43 	0 	166.07 	1.64 	0 	-2 
7100	 166.03 	0 	166.06 	0.03 	0 	-2 
7200	 164.96 	0 	165.73 	0.77 	0 	-2 
7300	 163.80 	0 	165.15 	1.35 	0 	-2 
7400	 165.50 	0 	165.26 	0.24 	0 	-2 
7500	 162.83 	0 	164.53 	1.70 	0 	-2 
7600	 167.27 	0 	165.35 	1.92 	0 	-2 
7700	 167.27 	0 	165.35 	1.92 	1 	-2 
7800	 167.27 	0 	165.93 	1.34 	0 	-2 
7900	 165.67 	0 	165.85 	0.18 	0 	-1 
8000	 165.67 	0 	165.80 	0.13 	0 	-2 
8100	 164.69 	0 	165.46 	0.77 	0 	-2 
8200	 165.14 	0 	165.37 	0.23 	0 	-2 
8300	 165.67 	0 	165.46 	0.21 	0 	-2 
8400	 167.81 	0 	166.16 	1.65 	0 	-2 
8500	 165.14 	0 	165.86 	0.72 	0 	-2 
8600	 166.12 	0 	165.94 	0.18 	0 	-2 
8700	 164.52 	0 	165.51 	0.99 	0 	-2 
8800	 165.05 	0 	165.37 	0.32 	0 	-2 
8900	 163.98 	1 	164.95 	0.97 	0 	-3 
9000	 164.96 	1 	164.96 	0.00 	0 	-3 
9100	 166.65 	0 	165.46 	1.19 	0 	-2 
9200	 166.65 	0 	165.46 	1.19 	1 	-2 
9300	 166.03 	0 	165.63 	0.40 	0 	-2 
9400	 165.67 	0 	165.64 	0.03 	0 	-2 
9500	 165.76 	0 	165.68 	0.08 	0 	-2 
9600	 164.61 	0 	165.36 	0.75 	0 	-2 
9700	 165.32 	0 	165.35 	0.03 	0 	-2 
9800	 168.16 	0 	166.19 	1.97 	0 	-2 
9900	 166.38 	0 	166.25 	0.13 	0 	-2 
10000	 165.76 	0 	166.10 	0.34 	0 	-2 
10100	 167.36 	0 	166.48 	0.88 	0 	-2 
