#Time(ms)	 xPos 	 yPos 	 zPos 	 xValid 	 yValid 	 zValid 	 validreasons x-y-z 
200	 0.00	 0.00	 0.00	 0	 1	 0	 -2	 -3	 -2
300	 0.00	 0.00	 0.00	 0	 1	 0	 -2	 -3	 -2
400	 0.00	 0.00	 0.00	 0	 0	 0	 -2	 -2	 -2
500	 0.00	 0.00	 0.00	 0	 0	 0	 -2	 -2	 -2
600	 0.00	 0.00	 0.00	 0	 0	 0	 -2	 -2	 -2
700	 0.00	 0.00	 0.00	 0	 0	 0	 -2	 -2	 -2
800	 0.00	 0.00	 0.00	 0	 0	 0	 -2	 -2	 -2
900	 0.00	 0.00	 0.00	 0	 0	 0	 -2	 -2	 -2
1000	 0.00	 0.00	 0.00	 0	 0	 0	 -2	 -2	 -2
1100	 0.00	 0.00	 0.00	 0	 0	 0	 -2	 -2	 -2
1200	 0.00	 0.00	 0.00	 0	 0	 0	 -2	 -2	 -2
1300	 0.00	 0.00	 0.00	 0	 0	 0	 -2	 -2	 -2
1400	 0.00	 0.00	 0.00	 0	 0	 0	 -2	 -2	 -2
1500	 0.00	 0.00	 0.00	 0	 0	 0	 -2	 -2	 -2
1600	 0.00	 0.00	 0.00	 0	 0	 0	 -2	 -2	 -2
1700	 0.00	 0.00	 0.00	 0	 0	 0	 -2	 -2	 -2
1800	 0.00	 0.00	 0.00	 0	 0	 0	 -2	 -2	 -2
1900	 0.00	 0.00	 0.00	 0	 0	 0	 -2	 -2	 -2
2000	 0.00	 0.00	 0.00	 0	 0	 0	 -2	 -2	 -2
2100	 0.00	 0.00	 0.00	 0	 0	 0	 -2	 -2	 -2
2200	 0.00	 0.00	 0.00	 0	 0	 0	 -2	 -2	 -2
2300	 0.00	 0.00	 0.00	 0	 0	 0	 -2	 -2	 -2
2400	 0.00	 0.00	 0.00	 0	 0	 0	 -2	 -2	 -2
2500	 0.00	 0.00	 0.00	 0	 0	 0	 -2	 -2	 -2
2600	 0.00	 0.00	 0.00	 0	 0	 0	 -2	 -2	 -2
2700	 0.00	 0.00	 0.00	 0	 0	 0	 -2	 -2	 -2
2800	 0.00	 0.00	 0.00	 0	 0	 0	 -2	 -2	 -2
2900	 0.00	 0.00	 0.00	 0	 0	 0	 -2	 -2	 -2
3000	 0.00	 0.00	 0.00	 0	 0	 0	 -2	 -2	 -2
3100	 0.00	 0.00	 0.00	 0	 0	 0	 -2	 -2	 -2
3200	 0.00	 0.00	 0.00	 0	 0	 0	 -2	 -2	 -2
3300	 0.00	 0.00	 0.00	 0	 0	 0	 -2	 -2	 -2
3400	 0.00	 0.00	 0.00	 0	 0	 0	 -2	 -2	 -2
3500	 0.00	 0.00	 0.00	 0	 0	 0	 -2	 -2	 -2
3600	 0.00	 0.00	 0.00	 0	 0	 0	 -2	 -2	 -2
3700	 -0.22	 0.00	 -0.31	 1	 0	 1	 -3	 2.41	 -3
3800	 0.00	 0.00	 -0.22	 1	 0	 1	 -3	 2.39	 -3
3900	 0.00	 0.00	 -0.22	 0	 0	 0	 -2	 -2	 -2
4000	 -2.14	 0.00	 0.55	 1	 0	 1	 -3	 2.46	 -3
4100	 -3.13	 -0.84	 0.72	 1	 1	 1	 -3	 -3	 -3
4200	 -2.69	 -0.14	 0.95	 1	 1	 1	 -3	 -3	 -3
4300	 -2.69	 -0.14	 0.95	 0	 0	 0	 -2	 -2	 -2
4400	 -2.69	 -0.14	 0.95	 0	 0	 0	 -2	 -2	 -2
4500	 -2.69	 -0.14	 0.95	 0	 0	 0	 -2	 -2	 -2
4600	 -2.84	 -0.14	 0.68	 1	 0	 1	 -3	 3.17	 -3
4700	 -2.84	 -0.14	 0.68	 0	 0	 0	 -2	 -2	 -2
4800	 -2.84	 -0.14	 0.68	 0	 0	 0	 -2	 -2	 -2
4900	 -2.84	 -0.14	 0.68	 0	 0	 0	 -2	 -2	 -2
5000	 -2.84	 -0.14	 0.68	 0	 0	 0	 -2	 -2	 -2
5100	 -2.84	 -0.14	 0.68	 0	 0	 0	 -2	 -2	 -2
5200	 -2.84	 -0.14	 0.68	 0	 0	 0	 -2	 -2	 -2
5300	 -2.84	 -0.14	 0.68	 0	 0	 0	 -2	 -2	 -2
5400	 -2.84	 -0.14	 0.68	 0	 0	 0	 -2	 -2	 -2
5500	 -2.84	 -0.14	 0.68	 0	 0	 0	 -2	 -2	 -2
5600	 -2.84	 -0.14	 0.68	 0	 0	 0	 -2	 -2	 -2
5700	 -2.84	 -0.14	 0.68	 0	 0	 0	 -2	 -2	 -2
5800	 -2.84	 -0.14	 0.68	 0	 0	 0	 -2	 -2	 -2
5900	 -2.84	 -0.14	 0.68	 0	 0	 0	 -2	 -2	 -2
6000	 -2.84	 -0.14	 0.68	 0	 0	 0	 -2	 -2	 -2
6100	 -2.84	 -0.14	 0.68	 0	 0	 0	 -2	 -2	 -2
6200	 -2.84	 -0.14	 0.68	 0	 0	 0	 -2	 -2	 -2
6300	 -2.84	 -0.14	 0.68	 0	 0	 0	 -2	 -2	 -2
6400	 -2.84	 -0.14	 0.68	 0	 0	 0	 -2	 -2	 -2
6500	 -2.84	 -0.14	 0.68	 0	 0	 0	 -2	 -2	 -2
6600	 -2.84	 -0.14	 0.68	 0	 0	 0	 -2	 -2	 -2
6700	 -2.84	 -0.14	 0.68	 0	 0	 0	 -2	 -2	 -2
6800	 -2.84	 -0.14	 0.68	 0	 0	 0	 -2	 -2	 -2
6900	 -2.84	 -0.14	 0.68	 0	 0	 0	 -2	 -2	 -2
7000	 -2.84	 -0.14	 0.68	 0	 0	 0	 -2	 -2	 -2
7100	 -2.84	 -0.14	 0.68	 0	 0	 0	 -2	 -2	 -2
7200	 -2.84	 -0.14	 0.68	 0	 0	 0	 -2	 -2	 -2
7300	 -2.84	 -0.14	 0.68	 0	 0	 0	 -2	 -2	 -2
7400	 -2.84	 -0.14	 0.68	 0	 0	 0	 -2	 -2	 -2
7500	 -2.84	 -0.14	 0.68	 0	 0	 0	 -2	 -2	 -2
7600	 -2.84	 -0.14	 0.68	 0	 0	 0	 -2	 -2	 -2
7700	 -2.84	 -0.14	 0.68	 0	 0	 0	 -2	 -2	 -2
7800	 -2.84	 -0.14	 0.68	 0	 0	 0	 -2	 -2	 -2
7900	 -2.84	 -0.14	 0.68	 0	 0	 0	 -2	 -2	 -2
8000	 -2.84	 -0.14	 0.68	 0	 0	 0	 -2	 -2	 -2
8100	 -2.84	 -0.14	 0.68	 0	 0	 0	 -2	 -2	 -2
8200	 -2.84	 -0.14	 0.68	 0	 0	 0	 -2	 -2	 -2
8300	 -2.84	 -0.14	 0.68	 0	 0	 0	 -2	 -2	 -2
8400	 -2.84	 -0.14	 0.68	 0	 0	 0	 -2	 -2	 -2
8500	 -2.84	 -0.14	 0.68	 0	 0	 0	 -2	 -2	 -2
8600	 -2.84	 -0.14	 0.68	 0	 0	 0	 -2	 -2	 -2
8700	 -2.84	 -0.14	 0.68	 0	 0	 0	 -2	 -2	 -2
8800	 -2.84	 -0.14	 0.68	 0	 0	 0	 -2	 -2	 -2
8900	 -3.82	 -0.14	 0.25	 1	 0	 1	 -3	 2.65	 -3
9000	 -3.82	 -0.14	 0.65	 0	 0	 1	 2.93	 2.41	 -3
9100	 -3.82	 -0.14	 0.65	 0	 0	 0	 -2	 -2	 -2
9200	 -3.82	 -0.14	 0.65	 0	 0	 0	 -2	 -2	 -2
9300	 -3.82	 -0.14	 0.65	 0	 0	 0	 -2	 -2	 -2
9400	 -3.82	 -0.14	 0.65	 0	 0	 0	 -2	 -2	 -2
9500	 -3.82	 -0.14	 0.65	 0	 0	 0	 -2	 -2	 -2
9600	 -3.82	 -0.14	 0.65	 0	 0	 0	 -2	 -2	 -2
9700	 -3.82	 -0.14	 0.65	 0	 0	 0	 -2	 -2	 -2
9800	 -3.82	 -0.14	 0.65	 0	 0	 0	 -2	 -2	 -2
9900	 -3.82	 -0.14	 0.65	 0	 0	 0	 -2	 -2	 -2
10000	 -3.82	 -0.14	 0.65	 0	 0	 0	 -2	 -2	 -2
10100	 -3.82	 -0.14	 0.65	 0	 0	 0	 -2	 -2	 -2
