#Time(ms)	 Value 	 Validity 	 avgValue 	 Diff 	 Outliers 	 invalidReason	 SD 
200	 -1.00 	0 	0.00 	1.00 	1 	0	 0.00	 0.00 
300	 176.35 	0 	88.17 	88.17 	1 	88.17	 17.73	 123.44 
400	 24.18 	0 	56.18 	32.00 	1 	32.00	 31.18	 53.96 
500	 23.83 	0 	40.00 	16.17 	0 	16.17	 28.10	 32.87 
600	 23.83 	0 	40.00 	16.17 	1 	16.17	 28.10	 32.87 
700	 27.21 	1 	33.61 	6.40 	0 	-3	 25.62	 28.91 
800	 27.21 	1 	33.61 	6.40 	1 	-3	 25.62	 28.91 
900	 74.99 	0 	54.30 	20.69 	1 	20.69	 27.84	 61.17 
1000	 9.32 	0 	31.81 	22.49 	1 	22.49	 31.62	 24.87 
1100	 158.55 	0 	95.18 	63.37 	1 	63.37	 43.38	 118.45 
1200	 67.96 	1 	81.57 	13.61 	1 	-3	 48.10	 83.11 
1300	 117.98 	1 	99.77 	18.21 	1 	-3	 48.30	 107.52 
1400	 33.62 	0 	66.70 	33.08 	1 	33.08	 51.90	 55.79 
1500	 135.06 	0 	100.88 	34.18 	1 	34.18	 56.86	 111.28 
1600	 96.62 	1 	98.75 	2.13 	0 	-3	 55.01	 101.02 
1700	 96.62 	1 	98.75 	2.13 	1 	-3	 55.01	 101.02 
1800	 8.88 	0 	53.81 	44.93 	1 	44.93	 58.29	 36.52 
1900	 116.46 	0 	85.14 	31.32 	1 	31.32	 63.22	 92.48 
2000	 52.93 	1 	69.03 	16.10 	1 	-3	 63.25	 64.79 
2100	 144.23 	0 	106.63 	37.60 	1 	37.60	 66.05	 120.40 
2200	 72.41 	1 	89.52 	17.11 	1 	-3	 66.63	 86.81 
2300	 125.36 	1 	107.44 	17.92 	1 	-3	 65.26	 113.79 
2400	 149.74 	1 	128.59 	21.15 	0 	-3	 61.17	 138.96 
2500	 139.87 	1 	134.23 	5.64 	0 	-3	 56.04	 139.60 
2600	 139.87 	1 	134.23 	5.64 	1 	-3	 56.04	 139.60 
2700	 147.34 	1 	140.79 	6.55 	0 	-3	 51.19	 145.02 
2800	 115.84 	1 	128.31 	12.47 	0 	-3	 49.22	 124.59 
2900	 115.84 	1 	128.31 	12.47 	1 	-3	 49.22	 124.59 
3000	 67.25 	0 	97.78 	30.53 	0 	30.53	 49.15	 84.45 
3100	 45.36 	0 	71.57 	26.21 	0 	26.21	 46.43	 57.09 
3200	 45.36 	0 	71.57 	26.21 	1 	26.21	 46.43	 57.09 
3300	 38.78 	0 	55.18 	16.40 	0 	16.40	 42.44	 44.27 
3400	 47.14 	1 	51.16 	4.02 	0 	-3	 39.03	 46.28 
3500	 47.14 	1 	51.16 	4.02 	1 	-3	 39.03	 46.28 
3600	 75.26 	1 	63.21 	12.05 	1 	-3	 37.94	 66.57 
3700	 181.51 	0 	122.36 	59.15 	1 	59.15	 44.77	 147.03 
3800	 69.12 	1 	95.74 	26.62 	1 	-3	 51.54	 92.49 
3900	 80.69 	1 	88.21 	7.52 	0 	-3	 47.54	 84.23 
4000	 80.69 	1 	88.21 	7.52 	1 	-3	 47.54	 84.23 
4100	 116.46 	1 	102.34 	14.12 	1 	-3	 46.36	 106.79 
4200	 154.99 	1 	128.66 	26.33 	0 	-3	 45.58	 140.53 
4300	 141.11 	1 	134.89 	6.22 	0 	-3	 42.41	 140.94 
4400	 141.11 	1 	134.89 	6.22 	1 	-3	 42.41	 140.94 
4500	 100.71 	1 	117.80 	17.09 	0 	-3	 42.21	 112.78 
4600	 100.71 	1 	117.80 	17.09 	1 	-3	 42.21	 112.78 
4700	 140.22 	1 	129.01 	11.21 	0 	-3	 41.94	 131.99 
4800	 140.22 	1 	129.01 	11.21 	1 	-3	 41.94	 131.99 
4900	 148.59 	1 	138.80 	9.79 	0 	-3	 38.58	 143.61 
5000	 150.10 	1 	144.45 	5.65 	0 	-3	 34.87	 148.15 
5100	 123.67 	1 	134.06 	10.39 	0 	-3	 34.03	 131.01 
5200	 123.67 	1 	134.06 	10.39 	1 	-3	 34.03	 131.01 
5300	 145.83 	1 	139.94 	5.89 	0 	-3	 32.84	 141.39 
5400	 149.48 	1 	144.71 	4.77 	0 	-3	 29.92	 147.05 
5500	 149.48 	1 	144.71 	4.77 	1 	-3	 29.92	 147.05 
5600	 142.71 	1 	143.71 	1.00 	0 	-3	 27.61	 144.01 
5700	 161.85 	1 	152.78 	9.07 	0 	-3	 26.76	 156.50 
5800	 199.58 	1 	176.18 	23.40 	0 	-3	 27.86	 186.66 
5900	 137.73 	1 	156.96 	19.23 	0 	-3	 31.26	 152.41 
6000	 148.77 	1 	152.86 	4.09 	0 	-3	 29.24	 149.86 
6100	 101.69 	1 	127.28 	25.59 	0 	-3	 31.02	 116.14 
6200	 63.96 	0 	95.62 	31.66 	0 	31.66	 31.69	 79.61 
6300	 62.80 	1 	79.21 	16.41 	0 	-3	 28.64	 67.84 
6400	 58.00 	1 	68.60 	10.60 	0 	-3	 26.25	 60.95 
6500	 58.00 	1 	68.60 	10.60 	1 	-3	 26.25	 60.95 
6600	 147.79 	0 	108.20 	39.59 	1 	39.59	 32.61	 121.74 
6700	 140.40 	1 	124.30 	16.10 	0 	-3	 30.09	 134.80 
6800	 133.28 	1 	128.79 	4.49 	0 	-3	 27.79	 133.74 
6900	 133.28 	1 	128.79 	4.49 	1 	-3	 27.79	 133.74 
7000	 134.53 	1 	131.66 	2.87 	0 	-3	 25.14	 134.29 
7100	 134.53 	1 	131.66 	2.87 	1 	-3	 25.14	 134.29 
7200	 123.31 	1 	127.48 	4.17 	0 	-3	 23.74	 126.60 
7300	 131.77 	1 	129.63 	2.14 	0 	-3	 22.22	 130.22 
7400	 142.18 	1 	135.90 	6.28 	0 	-3	 21.03	 138.59 
7500	 119.13 	1 	127.52 	8.39 	0 	-3	 21.24	 124.97 
7600	 111.92 	1 	119.72 	7.80 	0 	-3	 19.83	 115.83 
7700	 143.87 	1 	131.79 	12.08 	0 	-3	 21.05	 135.46 
7800	 132.39 	1 	132.09 	0.30 	0 	-3	 20.09	 133.31 
7900	 132.39 	1 	132.09 	0.30 	1 	-3	 20.09	 133.31 
8000	 27.83 	0 	79.96 	52.13 	1 	52.13	 28.54	 59.47 
8100	 20.18 	0 	50.07 	29.89 	0 	29.89	 26.45	 31.97 
8200	 20.18 	0 	50.07 	29.89 	1 	29.89	 26.45	 31.97 
8300	 116.02 	0 	83.05 	32.97 	1 	32.97	 33.39	 90.80 
8400	 22.22 	0 	52.63 	30.41 	1 	30.41	 39.43	 42.80 
8500	 23.83 	0 	38.23 	14.40 	0 	14.40	 35.65	 29.52 
8600	 23.83 	0 	38.23 	14.40 	1 	14.40	 35.65	 29.52 
8700	 29.97 	1 	34.10 	4.13 	0 	-3	 32.70	 29.83 
8800	 29.97 	1 	34.10 	4.13 	1 	-3	 32.70	 29.83 
8900	 75.17 	0 	54.64 	20.53 	1 	20.53	 33.95	 61.57 
9000	 17.06 	0 	35.85 	18.79 	1 	18.79	 36.36	 30.41 
9100	 25.96 	1 	30.90 	4.94 	0 	-3	 33.62	 27.30 
9200	 22.22 	1 	26.56 	4.34 	0 	-3	 30.63	 23.74 
9300	 22.22 	1 	26.56 	4.34 	1 	-3	 30.63	 23.74 
9400	 24.09 	1 	25.33 	1.24 	0 	-3	 27.75	 23.99 
9500	 24.09 	1 	25.33 	1.24 	1 	-3	 27.75	 23.99 
9600	 42.16 	1 	33.74 	8.42 	1 	-3	 26.78	 36.71 
9700	 12.35 	0 	23.05 	10.70 	1 	10.70	 27.09	 19.66 
9800	 130.08 	0 	76.56 	53.52 	1 	53.52	 36.15	 96.95 
9900	 129.37 	1 	102.97 	26.40 	0 	-3	 32.61	 119.64 
10000	 129.37 	1 	102.97 	26.40 	1 	-3	 32.61	 119.64 
10100	 92.79 	1 	97.88 	5.09 	0 	-3	 33.00	 100.85 
10200	 92.79 	1 	95.33 	2.54 	0 	-3	 29.70	 95.21 
10300	 92.79 	1 	95.33 	2.54 	1 	-3	 29.70	 95.21 
10400	 45.72 	0 	70.53 	24.81 	1 	24.81	 31.44	 60.57 
10500	 106.94 	1 	88.73 	18.21 	1 	-3	 34.42	 93.03 
10600	 138.00 	1 	113.37 	24.63 	0 	-3	 34.08	 124.51 
10700	 138.00 	1 	113.37 	24.63 	1 	-3	 34.08	 124.51 
10800	 12.35 	0 	62.86 	50.51 	1 	50.51	 43.24	 46.00 
10900	 19.11 	0 	40.98 	21.87 	0 	21.87	 39.59	 27.18 
11000	 10.30 	0 	25.64 	15.34 	0 	15.34	 36.51	 15.36 
11100	 10.30 	0 	25.64 	15.34 	1 	15.34	 36.51	 15.36 
11200	 135.33 	0 	80.49 	54.84 	1 	54.84	 45.36	 99.34 
11300	 8.43 	0 	44.46 	36.03 	1 	36.03	 53.52	 35.70 
11400	 35.66 	1 	40.06 	4.40 	1 	-3	 50.89	 35.67 
11500	 111.39 	0 	75.72 	35.67 	1 	35.67	 53.37	 88.67 
11600	 122.87 	1 	99.30 	23.57 	0 	-3	 49.18	 112.61 
11700	 125.45 	1 	112.37 	13.08 	0 	-3	 44.52	 121.60 
11800	 125.01 	1 	118.69 	6.32 	0 	-3	 40.12	 123.99 
11900	 136.48 	1 	127.59 	8.89 	0 	-3	 37.25	 132.73 
12000	 136.48 	1 	127.59 	8.89 	1 	-3	 37.25	 132.73 
12100	 77.66 	1 	102.62 	24.96 	1 	-3	 39.41	 94.18 
12200	 20.71 	0 	61.67 	40.96 	1 	40.96	 41.16	 42.75 
12300	 119.13 	1 	90.40 	28.73 	1 	-3	 46.89	 96.22 
12400	 137.55 	1 	113.97 	23.58 	0 	-3	 44.04	 125.15 
12500	 137.55 	1 	113.97 	23.58 	1 	-3	 44.04	 125.15 
12600	 77.04 	1 	95.51 	18.47 	1 	-3	 45.69	 91.47 
12700	 177.78 	1 	136.64 	41.14 	1 	-3	 51.19	 151.89 
12800	 76.15 	0 	106.40 	30.25 	1 	30.25	 56.24	 98.87 
12900	 174.04 	1 	140.22 	33.82 	1 	-3	 60.40	 151.49 
13000	 75.97 	0 	108.09 	32.12 	1 	32.12	 64.17	 98.63 
13100	 173.95 	1 	141.02 	32.93 	1 	-3	 67.55	 151.35 
13200	 76.42 	0 	108.72 	32.30 	1 	32.30	 70.55	 98.90 
13300	 173.95 	1 	141.34 	32.61 	1 	-3	 73.25	 151.43 
13400	 175.11 	1 	158.22 	16.89 	0 	-3	 66.04	 168.01 
13500	 175.11 	1 	166.67 	8.44 	0 	-3	 59.43	 172.98 
13600	 175.11 	1 	166.67 	8.44 	1 	-3	 59.43	 172.98 
13700	 75.35 	0 	121.01 	45.66 	1 	45.66	 63.47	 104.64 
13800	 174.57 	1 	147.79 	26.78 	1 	-3	 67.04	 153.59 
13900	 75.35 	0 	111.57 	36.22 	1 	36.22	 70.26	 98.82 
14000	 174.57 	1 	143.07 	31.50 	1 	-3	 73.16	 151.85 
14100	 174.66 	1 	158.86 	15.80 	0 	-3	 65.85	 167.82 
14200	 174.66 	1 	158.86 	15.80 	1 	-3	 65.85	 167.82 
14300	 175.11 	1 	166.99 	8.12 	0 	-3	 59.31	 172.92 
14400	 175.19 	1 	171.09 	4.10 	0 	-3	 53.39	 174.51 
14500	 175.19 	1 	171.09 	4.10 	1 	-3	 53.39	 174.51 
14600	 38.87 	0 	104.98 	66.11 	1 	66.11	 61.68	 79.56 
14700	 131.95 	1 	118.46 	13.49 	1 	-3	 64.82	 116.23 
14800	 75.26 	1 	96.86 	21.60 	1 	-3	 64.01	 87.55 
14900	 75.88 	1 	86.37 	10.49 	0 	-3	 57.67	 79.38 
15000	 75.97 	1 	81.17 	5.20 	0 	-3	 51.91	 76.99 
15100	 76.60 	1 	78.89 	2.29 	0 	-3	 46.78	 76.72 
