#Time(ms)	 Value 	 Validity 	 avgValue 	 Diff 	 Outliers 	 invalidReason	 SD 
200	 -1.00 	0 	0.00 	1.00 	0 	0	 0.00	 0.00 
300	 190.41 	0 	95.20 	95.20 	0 	95.20	 19.14	 133.29 
400	 191.75 	0 	143.48 	48.27 	0 	48.27	 17.36	 174.21 
500	 191.30 	1 	167.39 	23.91 	0 	-3	 15.67	 186.17 
600	 186.67 	1 	177.03 	9.64 	0 	-3	 14.57	 186.52 
700	 196.82 	1 	186.92 	9.90 	0 	-3	 14.12	 193.73 
800	 192.28 	1 	189.60 	2.68 	0 	-3	 13.17	 192.72 
900	 190.06 	1 	189.83 	0.23 	0 	-3	 12.07	 190.86 
1000	 163.09 	1 	176.46 	13.37 	0 	-3	 13.56	 171.42 
1100	 176.80 	1 	176.63 	0.17 	0 	-3	 13.58	 175.19 
1200	 157.04 	1 	166.84 	9.80 	0 	-3	 14.19	 162.48 
1300	 117.71 	1 	142.27 	24.56 	0 	-3	 16.71	 131.14 
1400	 147.61 	1 	144.94 	2.67 	0 	-3	 18.03	 142.67 
1500	 156.24 	1 	150.59 	5.65 	0 	-3	 17.09	 152.17 
1600	 127.68 	1 	139.14 	11.46 	0 	-3	 18.23	 135.03 
1700	 187.12 	1 	163.13 	23.99 	0 	-3	 22.36	 171.49 
1800	 155.88 	1 	159.50 	3.62 	0 	-3	 23.24	 160.56 
1900	 189.43 	1 	174.47 	14.96 	0 	-3	 24.27	 180.77 
2000	 129.72 	1 	152.09 	22.37 	0 	-3	 27.82	 145.04 
2100	 106.50 	1 	129.30 	22.80 	0 	-3	 27.36	 118.06 
2200	 124.92 	1 	127.11 	2.19 	0 	-3	 26.46	 122.86 
2300	 180.80 	1 	153.95 	26.85 	0 	-3	 29.41	 163.42 
2400	 152.68 	1 	153.32 	0.64 	0 	-3	 29.28	 155.90 
2500	 159.80 	1 	156.56 	3.24 	0 	-3	 27.06	 158.63 
2600	 98.22 	0 	127.39 	29.17 	0 	29.17	 30.51	 116.34 
2700	 133.90 	1 	130.64 	3.26 	0 	-3	 31.03	 128.63 
2800	 136.66 	1 	133.65 	3.01 	0 	-3	 28.20	 134.25 
2900	 187.92 	1 	160.79 	27.13 	0 	-3	 30.51	 171.82 
3000	 145.65 	1 	153.22 	7.57 	0 	-3	 31.68	 153.50 
3100	 172.61 	1 	162.91 	9.70 	0 	-3	 31.21	 166.88 
3200	 148.59 	1 	155.75 	7.16 	0 	-3	 30.49	 154.08 
3300	 188.81 	1 	172.28 	16.53 	0 	-3	 31.47	 178.39 
3400	 164.69 	1 	168.49 	3.80 	0 	-3	 30.73	 168.80 
3500	 156.77 	1 	162.63 	5.86 	0 	-3	 28.45	 160.38 
3600	 112.28 	1 	137.45 	25.17 	0 	-3	 30.05	 126.71 
3700	 96.44 	1 	116.95 	20.51 	0 	-3	 28.63	 105.52 
3800	 102.49 	1 	109.72 	7.23 	0 	-3	 26.37	 103.40 
3900	 110.86 	1 	110.29 	0.57 	0 	-3	 24.57	 108.62 
4000	 149.21 	1 	129.75 	19.46 	0 	-3	 25.95	 137.03 
4100	 147.96 	1 	138.85 	9.11 	0 	-3	 23.48	 144.68 
4200	 172.35 	1 	155.60 	16.75 	0 	-3	 23.57	 164.05 
4300	 98.93 	0 	127.27 	28.34 	0 	28.34	 28.56	 118.47 
4400	 156.60 	1 	141.93 	14.67 	0 	-3	 31.47	 145.16 
4500	 197.35 	1 	169.64 	27.71 	0 	-3	 32.40	 181.69 
4600	 132.75 	1 	151.20 	18.45 	0 	-3	 35.62	 147.43 
4700	 105.43 	1 	128.31 	22.88 	0 	-3	 34.79	 118.03 
4800	 163.27 	1 	145.79 	17.48 	0 	-3	 37.09	 149.70 
4900	 153.93 	1 	149.86 	4.07 	0 	-3	 34.32	 152.66 
5000	 110.23 	1 	130.05 	19.82 	0 	-3	 35.26	 122.96 
5100	 136.31 	1 	133.18 	3.13 	0 	-3	 34.34	 132.30 
5200	 205.98 	0 	169.58 	36.40 	0 	36.40	 37.87	 183.88 
5300	 196.02 	1 	182.80 	13.22 	0 	-3	 35.08	 192.38 
5400	 108.19 	0 	145.49 	37.30 	0 	37.30	 40.36	 133.45 
5500	 203.31 	1 	174.40 	28.91 	0 	-3	 45.83	 182.35 
5600	 130.79 	1 	152.60 	21.81 	0 	-3	 48.50	 146.26 
5700	 195.66 	1 	174.13 	21.53 	0 	-3	 50.14	 180.84 
5800	 111.66 	0 	142.89 	31.23 	0 	31.23	 53.52	 132.41 
5900	 96.35 	1 	119.62 	23.27 	0 	-3	 49.70	 107.17 
6000	 111.30 	1 	115.46 	4.16 	0 	-3	 46.23	 110.06 
6100	 164.61 	1 	140.04 	24.57 	0 	-3	 46.94	 148.25 
6200	 83.63 	0 	111.83 	28.20 	0 	28.20	 50.34	 103.01 
6300	 100.44 	1 	106.14 	5.70 	0 	-3	 46.99	 101.21 
6400	 117.26 	1 	111.70 	5.56 	0 	-3	 43.97	 112.45 
6500	 119.58 	1 	115.64 	3.94 	0 	-3	 39.81	 117.44 
6600	 134.26 	1 	124.95 	9.31 	0 	-3	 37.29	 129.21 
6700	 122.69 	1 	123.82 	1.13 	0 	-3	 34.72	 124.65 
6800	 204.56 	0 	164.19 	40.37 	0 	40.37	 39.44	 180.59 
6900	 107.30 	0 	135.74 	28.44 	0 	28.44	 45.22	 129.29 
7000	 144.76 	1 	140.25 	4.51 	0 	-3	 44.44	 140.12 
7100	 125.54 	1 	132.90 	7.36 	0 	-3	 41.92	 129.91 
7200	 154.82 	1 	143.86 	10.96 	0 	-3	 40.66	 147.35 
7300	 170.92 	1 	157.39 	13.53 	0 	-3	 38.20	 163.85 
7400	 119.58 	1 	138.48 	18.90 	0 	-3	 39.51	 132.86 
7500	 148.68 	1 	143.58 	5.10 	0 	-3	 38.47	 143.93 
7600	 139.24 	1 	141.41 	2.17 	0 	-3	 35.57	 140.65 
7700	 134.26 	1 	137.84 	3.58 	0 	-3	 32.51	 136.18 
7800	 167.27 	1 	152.55 	14.72 	0 	-3	 32.56	 157.94 
7900	 117.71 	1 	135.13 	17.42 	0 	-3	 34.26	 129.78 
8000	 128.30 	1 	131.72 	3.42 	0 	-3	 31.89	 128.74 
8100	 149.74 	1 	140.73 	9.01 	0 	-3	 30.85	 143.44 
8200	 193.79 	1 	167.26 	26.53 	0 	-3	 32.17	 178.69 
8300	 124.65 	1 	145.95 	21.30 	0 	-3	 35.87	 140.86 
8400	 162.47 	1 	154.21 	8.26 	0 	-3	 36.06	 155.99 
8500	 109.79 	1 	132.00 	22.21 	0 	-3	 37.72	 123.65 
8600	 152.50 	1 	142.25 	10.25 	0 	-3	 38.22	 143.84 
8700	 188.19 	1 	165.22 	22.97 	0 	-3	 37.97	 174.89 
8800	 196.55 	1 	180.89 	15.66 	0 	-3	 35.01	 190.05 
8900	 174.84 	1 	177.86 	3.02 	0 	-3	 33.68	 179.40 
9000	 144.85 	1 	161.36 	16.51 	0 	-3	 33.31	 155.22 
9100	 179.29 	1 	170.32 	8.97 	0 	-3	 33.42	 172.07 
9200	 184.18 	1 	177.25 	6.93 	0 	-3	 30.57	 180.55 
9300	 143.69 	1 	160.47 	16.78 	0 	-3	 31.56	 154.75 
9400	 123.58 	1 	142.03 	18.45 	0 	-3	 30.42	 132.93 
9500	 178.04 	1 	160.03 	18.01 	0 	-3	 32.82	 164.51 
9600	 181.51 	1 	170.77 	10.74 	0 	-3	 29.89	 176.41 
9700	 144.40 	1 	157.59 	13.19 	0 	-3	 30.61	 154.00 
9800	 153.21 	1 	155.40 	2.19 	0 	-3	 28.43	 153.45 
9900	 112.73 	1 	134.06 	21.33 	0 	-3	 29.63	 124.95 
10000	 164.96 	1 	149.51 	15.45 	0 	-3	 31.89	 152.96 
10100	 183.65 	1 	166.58 	17.07 	0 	-3	 30.57	 174.44 
10200	 89.05 	0 	127.82 	38.77 	0 	38.77	 36.98	 114.67 
10300	 116.46 	1 	122.14 	5.68 	0 	-3	 36.02	 115.92 
10400	 100.00 	1 	111.07 	11.07 	0 	-3	 34.06	 104.78 
10500	 108.72 	1 	109.89 	1.17 	0 	-3	 31.53	 107.54 
10600	 182.58 	0 	146.24 	36.34 	0 	36.34	 35.76	 160.07 
10700	 119.67 	1 	132.95 	13.28 	0 	-3	 38.48	 131.79 
10800	 85.41 	0 	109.18 	23.77 	0 	23.77	 38.05	 99.32 
10900	 190.32 	0 	149.75 	40.57 	0 	40.57	 44.74	 163.02 
11000	 135.86 	1 	142.81 	6.95 	0 	-3	 45.71	 144.01 
11100	 96.44 	1 	119.62 	23.18 	0 	-3	 45.08	 110.71 
11200	 93.24 	1 	106.43 	13.19 	0 	-3	 40.89	 98.48 
11300	 123.58 	1 	115.01 	8.57 	0 	-3	 39.84	 116.05 
11400	 134.35 	1 	124.68 	9.67 	0 	-3	 36.93	 128.86 
11500	 163.45 	1 	144.06 	19.39 	0 	-3	 36.15	 153.07 
11600	 93.95 	0 	119.01 	25.06 	0 	25.06	 39.48	 111.69 
11700	 107.83 	1 	113.42 	5.59 	0 	-3	 36.92	 108.99 
11800	 121.98 	1 	117.70 	4.28 	0 	-3	 34.65	 118.08 
11900	 158.55 	1 	138.12 	20.43 	0 	-3	 34.84	 146.41 
12000	 161.40 	1 	149.76 	11.64 	0 	-3	 31.64	 156.90 
12100	 110.68 	1 	130.22 	19.54 	0 	-3	 33.55	 124.55 
12200	 176.89 	1 	153.56 	23.33 	0 	-3	 36.81	 161.19 
12300	 96.97 	0 	125.26 	28.29 	0 	28.29	 41.12	 116.24 
12400	 138.09 	1 	131.68 	6.41 	0 	-3	 41.12	 131.53 
12500	 169.86 	1 	150.77 	19.09 	0 	-3	 40.19	 158.36 
12600	 161.31 	1 	156.04 	5.27 	0 	-3	 37.02	 160.43 
12700	 149.66 	1 	152.85 	3.19 	0 	-3	 34.49	 152.89 
12800	 132.66 	1 	142.75 	10.09 	0 	-3	 32.74	 138.73 
12900	 112.28 	1 	127.52 	15.24 	0 	-3	 31.50	 120.21 
13000	 125.18 	1 	126.35 	1.17 	0 	-3	 29.64	 123.69 
13100	 135.42 	1 	130.88 	4.54 	0 	-3	 27.70	 131.90 
13200	 133.19 	1 	132.04 	1.15 	0 	-3	 25.16	 132.80 
13300	 128.74 	1 	130.39 	1.65 	0 	-3	 23.08	 129.96 
13400	 99.38 	1 	114.88 	15.50 	0 	-3	 23.71	 108.55 
13500	 134.53 	1 	124.71 	9.82 	0 	-3	 24.86	 126.74 
13600	 186.59 	1 	155.65 	30.94 	0 	-3	 27.58	 168.63 
13700	 185.78 	1 	170.71 	15.07 	0 	-3	 24.90	 180.64 
13800	 122.16 	1 	146.44 	24.28 	0 	-3	 28.77	 139.70 
13900	 128.57 	1 	137.50 	8.93 	0 	-3	 26.54	 131.91 
14000	 134.08 	1 	135.79 	1.71 	0 	-3	 24.43	 133.43 
14100	 113.26 	1 	124.53 	11.27 	0 	-3	 24.07	 119.31 
14200	 114.06 	1 	119.29 	5.23 	0 	-3	 21.74	 115.64 
14300	 174.66 	1 	146.98 	27.68 	0 	-3	 25.63	 156.95 
14400	 103.03 	1 	125.00 	21.97 	0 	-3	 30.23	 119.21 
14500	 200.73 	0 	162.87 	37.86 	0 	37.86	 36.98	 176.27 
14600	 121.62 	1 	142.24 	20.62 	0 	-3	 41.19	 138.02 
14700	 122.60 	1 	132.42 	9.82 	0 	-3	 37.17	 127.22 
14800	 147.43 	1 	139.93 	7.50 	0 	-3	 35.94	 141.37 
14900	 167.90 	1 	153.91 	13.99 	0 	-3	 34.39	 159.94 
15000	 154.10 	1 	154.01 	0.09 	0 	-3	 32.33	 155.85 
15100	 159.53 	1 	156.77 	2.76 	0 	-3	 29.64	 158.43 
15200	 117.62 	1 	137.19 	19.57 	0 	-3	 30.87	 129.86 
15300	 102.85 	1 	120.02 	17.17 	0 	-3	 29.26	 110.95 
15400	 170.48 	1 	145.25 	25.23 	0 	-3	 33.09	 152.62 
15500	 163.80 	1 	154.53 	9.27 	0 	-3	 30.45	 160.45 
15600	 129.63 	1 	142.08 	12.45 	0 	-3	 30.82	 138.87 
15700	 155.08 	1 	148.58 	6.50 	0 	-3	 30.29	 150.22 
15800	 98.67 	0 	123.62 	24.95 	0 	24.95	 32.90	 114.13 
15900	 154.28 	1 	138.95 	15.33 	0 	-3	 35.17	 142.24 
16000	 135.06 	1 	137.01 	1.95 	0 	-3	 33.58	 137.21 
16100	 152.50 	1 	144.75 	7.75 	0 	-3	 31.96	 147.91 
16200	 143.16 	1 	143.96 	0.80 	0 	-3	 29.70	 144.59 
16300	 159.35 	1 	151.65 	7.70 	0 	-3	 28.35	 154.92 
16400	 156.42 	1 	154.04 	2.38 	0 	-3	 25.81	 155.97 
16500	 141.91 	1 	147.97 	6.06 	0 	-3	 24.68	 146.13 
16600	 154.37 	1 	151.17 	3.20 	0 	-3	 23.46	 151.90 
16700	 140.13 	1 	145.65 	5.52 	0 	-3	 22.53	 143.66 
16800	 141.65 	1 	143.65 	2.00 	0 	-3	 20.43	 142.25 
16900	 124.38 	1 	134.02 	9.64 	0 	-3	 20.12	 129.74 
17000	 141.20 	1 	137.61 	3.59 	0 	-3	 19.79	 137.76 
17100	 117.44 	1 	127.52 	10.08 	0 	-3	 20.18	 123.54 
17200	 117.80 	1 	122.66 	4.86 	0 	-3	 18.20	 119.52 
17300	 132.21 	1 	127.44 	4.77 	0 	-3	 17.82	 128.40 
17400	 110.41 	1 	118.92 	8.51 	0 	-3	 18.22	 115.81 
17500	 131.15 	1 	125.04 	6.11 	0 	-3	 18.47	 126.55 
17600	 131.86 	1 	128.45 	3.41 	0 	-3	 16.70	 130.27 
17700	 128.39 	1 	128.42 	0.03 	0 	-3	 15.37	 128.95 
17800	 130.79 	1 	129.60 	1.19 	0 	-3	 14.08	 130.24 
17900	 129.72 	1 	129.66 	0.06 	0 	-3	 12.78	 129.88 
18000	 136.31 	1 	132.99 	3.32 	0 	-3	 12.16	 134.38 
18100	 131.32 	1 	132.15 	0.83 	0 	-3	 11.44	 132.24 
18200	 147.79 	1 	139.97 	7.82 	0 	-3	 11.94	 143.12 
18300	 164.61 	1 	152.29 	12.32 	0 	-3	 12.43	 158.16 
18400	 151.97 	1 	152.13 	0.16 	0 	-3	 12.45	 153.83 
18500	 182.05 	1 	167.09 	14.96 	0 	-3	 14.21	 173.58 
18600	 211.15 	1 	189.12 	22.03 	0 	-3	 15.70	 199.88 
18700	 188.81 	1 	188.97 	0.16 	0 	-3	 16.37	 192.13 
18800	 171.01 	1 	179.99 	8.98 	0 	-3	 16.51	 177.35 
18900	 130.79 	1 	155.39 	24.60 	0 	-3	 18.88	 144.76 
19000	 133.55 	1 	144.47 	10.92 	0 	-3	 17.27	 136.91 
19100	 142.36 	1 	143.41 	1.05 	0 	-3	 16.42	 140.73 
19200	 130.52 	1 	136.97 	6.45 	0 	-3	 15.96	 133.58 
19300	 115.39 	1 	126.18 	10.79 	0 	-3	 15.88	 120.85 
19400	 140.85 	1 	133.51 	7.34 	0 	-3	 16.84	 134.85 
19500	 104.63 	1 	119.07 	14.44 	0 	-3	 18.78	 113.70 
19600	 125.18 	1 	122.13 	3.05 	0 	-3	 18.95	 121.73 
19700	 110.14 	1 	116.13 	5.99 	0 	-3	 18.56	 113.62 
19800	 158.20 	1 	137.17 	21.03 	0 	-3	 21.51	 144.83 
19900	 111.75 	1 	124.46 	12.71 	0 	-3	 24.01	 121.67 
20000	 155.80 	1 	140.13 	15.67 	0 	-3	 26.01	 145.56 
20100	 151.35 	1 	145.74 	5.61 	0 	-3	 23.85	 149.61 
20200	 210.17 	1 	177.95 	32.22 	0 	-3	 27.35	 192.00 
20300	 115.39 	0 	146.67 	31.28 	0 	31.28	 34.09	 138.37 
20400	 131.23 	1 	138.95 	7.72 	0 	-3	 32.27	 133.37 
20500	 134.71 	1 	136.83 	2.12 	0 	-3	 29.39	 134.31 
20600	 138.44 	1 	137.64 	0.80 	0 	-3	 26.82	 137.20 
20700	 106.59 	1 	122.11 	15.52 	0 	-3	 27.33	 115.77 
20800	 135.68 	1 	128.90 	6.78 	0 	-3	 27.50	 129.71 
20900	 118.06 	1 	123.48 	5.42 	0 	-3	 26.51	 121.55 
21000	 143.96 	1 	133.72 	10.24 	0 	-3	 26.45	 137.24 
21100	 143.78 	1 	138.75 	5.03 	0 	-3	 23.83	 141.82 
21200	 177.33 	1 	158.04 	19.29 	0 	-3	 24.80	 166.68 
21300	 92.26 	0 	125.15 	32.89 	0 	32.89	 30.83	 114.58 
21400	 139.69 	1 	132.42 	7.27 	0 	-3	 32.49	 132.16 
21500	 127.50 	1 	129.96 	2.46 	0 	-3	 30.46	 128.90 
21600	 131.41 	1 	130.68 	0.73 	0 	-3	 27.80	 130.66 
21700	 109.79 	1 	120.24 	10.45 	0 	-3	 27.18	 116.05 
21800	 120.82 	1 	120.53 	0.29 	0 	-3	 25.57	 119.39 
21900	 109.61 	1 	115.07 	5.46 	0 	-3	 24.13	 112.54 
22000	 165.32 	1 	140.19 	25.13 	0 	-3	 27.29	 149.49 
22100	 129.10 	1 	134.65 	5.55 	0 	-3	 28.18	 135.22 
22200	 170.30 	1 	152.47 	17.83 	0 	-3	 29.48	 159.77 
22300	 122.87 	1 	137.67 	14.80 	0 	-3	 31.28	 133.94 
22400	 121.18 	1 	129.43 	8.25 	0 	-3	 28.32	 125.01 
22500	 112.37 	1 	120.90 	8.53 	0 	-3	 26.37	 116.16 
22600	 166.30 	1 	143.60 	22.70 	0 	-3	 29.13	 151.26 
22700	 122.87 	1 	133.23 	10.36 	0 	-3	 30.56	 131.39 
22800	 153.48 	1 	143.36 	10.12 	0 	-3	 30.56	 146.85 
22900	 132.12 	1 	137.74 	5.62 	0 	-3	 29.64	 136.54 
23000	 175.64 	1 	156.69 	18.95 	0 	-3	 31.03	 163.91 
23100	 108.19 	1 	132.44 	24.25 	0 	-3	 34.67	 124.91 
23200	 203.49 	0 	167.96 	35.53 	0 	35.53	 40.73	 179.91 
23300	 119.13 	1 	143.55 	24.42 	0 	-3	 45.10	 137.37 
23400	 112.81 	1 	128.18 	15.37 	0 	-3	 41.22	 120.18 
23500	 163.36 	1 	145.77 	17.59 	0 	-3	 42.15	 150.40 
23600	 178.84 	1 	162.30 	16.54 	0 	-3	 39.48	 170.31 
23700	 143.78 	1 	153.04 	9.26 	0 	-3	 39.04	 151.74 
23800	 155.62 	1 	154.33 	1.29 	0 	-3	 36.32	 154.46 
23900	 112.01 	1 	133.17 	21.16 	0 	-3	 37.05	 124.74 
24000	 114.24 	1 	123.71 	9.47 	0 	-3	 33.57	 117.39 
24100	 116.55 	1 	120.13 	3.58 	0 	-3	 30.44	 116.80 
24200	 134.08 	1 	127.10 	6.98 	0 	-3	 29.15	 128.90 
24300	 142.89 	1 	135.00 	7.89 	0 	-3	 27.12	 138.69 
24400	 228.94 	0 	181.97 	46.97 	0 	46.97	 33.01	 201.87 
24500	 115.84 	0 	148.90 	33.06 	0 	33.06	 41.02	 141.65 
24600	 108.36 	1 	128.63 	20.27 	0 	-3	 37.67	 118.35 
24700	 179.82 	1 	154.23 	25.59 	0 	-3	 41.05	 161.38 
24800	 112.64 	1 	133.43 	20.79 	0 	-3	 43.66	 127.26 
24900	 108.36 	1 	120.90 	12.54 	0 	-3	 39.72	 114.03 
25000	 162.38 	1 	141.64 	20.74 	0 	-3	 41.15	 147.88 
25100	 156.24 	1 	148.94 	7.30 	0 	-3	 37.65	 153.73 
25200	 113.17 	1 	131.05 	17.88 	0 	-3	 38.19	 125.34 
25300	 111.39 	1 	121.22 	9.83 	0 	-3	 34.55	 115.57 
25400	 173.77 	1 	147.50 	26.27 	0 	-3	 37.33	 156.31 
25500	 122.34 	1 	134.92 	12.58 	0 	-3	 38.74	 132.53 
25600	 156.33 	1 	145.62 	10.71 	0 	-3	 38.27	 149.19 
25700	 165.50 	1 	155.56 	9.94 	0 	-3	 35.36	 160.61 
25800	 107.83 	1 	131.70 	23.87 	0 	-3	 37.59	 123.66 
25900	 182.94 	1 	157.32 	25.62 	0 	-3	 41.34	 165.16 
26000	 95.02 	0 	126.17 	31.15 	0 	31.15	 46.00	 116.06 
26100	 100.71 	1 	113.44 	12.73 	0 	-3	 41.97	 105.32 
26200	 242.20 	0 	177.82 	64.38 	0 	64.38	 51.92	 201.13 
26300	 133.19 	1 	155.50 	22.31 	0 	-3	 57.63	 153.57 
26400	 256.35 	0 	205.93 	50.42 	0 	50.42	 64.18	 225.52 
26500	 105.70 	0 	155.81 	50.11 	0 	50.11	 72.83	 141.65 
26600	 122.07 	1 	138.94 	16.87 	0 	-3	 67.18	 127.94 
26700	 99.47 	1 	119.21 	19.74 	0 	-3	 62.72	 108.01 
26800	 178.13 	1 	148.67 	29.46 	0 	-3	 64.32	 157.09 
26900	 192.99 	1 	170.83 	22.16 	0 	-3	 59.37	 182.22 
27000	 184.63 	1 	177.73 	6.90 	0 	-3	 54.27	 183.91 
27100	 100.27 	0 	139.00 	38.73 	0 	38.73	 57.28	 125.36 
27200	 185.07 	1 	162.03 	23.04 	0 	-3	 60.03	 167.16 
27300	 99.38 	0 	130.71 	31.33 	0 	31.33	 62.60	 119.71 
27400	 124.29 	1 	127.50 	3.21 	0 	-3	 58.83	 122.92 
27500	 103.92 	1 	115.71 	11.79 	0 	-3	 54.98	 109.62 
27600	 115.31 	1 	115.51 	0.20 	0 	-3	 50.62	 113.60 
27700	 122.87 	1 	119.19 	3.68 	0 	-3	 46.32	 120.09 
27800	 152.15 	1 	135.67 	16.48 	0 	-3	 44.61	 142.53 
27900	 103.92 	1 	119.79 	15.87 	0 	-3	 44.98	 115.50 
28000	 135.33 	1 	127.56 	7.77 	0 	-3	 43.62	 129.38 
28100	 182.58 	1 	155.07 	27.51 	0 	-3	 43.98	 166.62 
28200	 125.98 	1 	140.53 	14.55 	0 	-3	 45.24	 138.17 
28300	 113.88 	1 	127.20 	13.32 	0 	-3	 41.93	 121.17 
28400	 114.33 	1 	120.77 	6.44 	0 	-3	 37.78	 116.38 
28500	 123.85 	1 	122.31 	1.54 	0 	-3	 34.96	 121.61 
28600	 110.77 	1 	116.54 	5.77 	0 	-3	 32.77	 114.02 
28700	 107.56 	1 	112.05 	4.49 	0 	-3	 29.81	 109.50 
28800	 111.30 	1 	111.67 	0.37 	0 	-3	 27.20	 110.76 
28900	 119.31 	1 	115.49 	3.82 	0 	-3	 25.29	 116.74 
29000	 115.13 	1 	115.31 	0.18 	0 	-3	 23.17	 115.61 
29100	 101.69 	1 	108.50 	6.81 	0 	-3	 22.20	 105.87 
29200	 84.25 	1 	96.38 	12.13 	0 	-3	 21.73	 90.74 
29300	 87.36 	1 	91.87 	4.51 	0 	-3	 19.86	 88.37 
29400	 88.25 	1 	90.06 	1.81 	0 	-3	 17.97	 88.29 
29500	 91.64 	1 	90.85 	0.79 	0 	-3	 16.51	 90.63 
29600	 102.40 	1 	96.62 	5.78 	0 	-3	 15.93	 98.87 
29700	 99.11 	1 	97.87 	1.24 	0 	-3	 14.67	 99.04 
29800	 92.08 	1 	94.97 	2.89 	0 	-3	 13.91	 94.17 
29900	 99.02 	1 	97.00 	2.02 	0 	-3	 13.21	 97.56 
30000	 115.75 	1 	106.37 	9.38 	0 	-3	 13.56	 110.29 
30100	 118.87 	1 	112.62 	6.25 	0 	-3	 12.52	 116.30 
