#Time(ms)	  xPos 	 yPos 	 zPos 	 xVal 	 yVal 	 zVal 	 State 	 oRoll 	 oPitch 	 oYaw 	 oThrottle 	 spX 	 spY 	 spZ 
200	 0.00	 0.00	 0.00	 0	 0	 0	 hover	 1500	 1500	 1500	 1000	 0.00	 0.00	 0.00
300	 0.00	 0.00	 0.00	 0	 0	 0	 hover	 1500	 1500	 1500	 1000	 0.00	 0.00	 0.00
400	 0.00	 0.00	 0.00	 1	 1	 1	 hover	 1500	 1500	 1500	 1000	 0.00	 0.00	 0.00
500	 0.64	 -4.51	 -0.16	 1	 1	 1	 hover	 1509	 1501	 1500	 998	 0.00	 0.00	 0.00
600	 1.01	 -1.63	 -0.21	 1	 1	 1	 hover	 1503	 1502	 1500	 997	 0.00	 0.00	 0.00
700	 -7.27	 -0.22	 -1.18	 1	 1	 1	 hover	 1500	 1485	 1500	 985	 0.00	 0.00	 0.00
800	 -0.36	 -0.50	 -1.44	 1	 1	 1	 hover	 1500	 1499	 1500	 979	 0.00	 0.00	 0.00
900	 -1.10	 -0.61	 -0.13	 1	 1	 1	 hover	 1501	 1497	 1500	 992	 0.00	 0.00	 0.00
1000	 -11.40	 -0.58	 0.14	 1	 1	 1	 hover	 1501	 1477	 1500	 995	 0.00	 0.00	 0.00
1100	 -2.37	 -0.54	 -1.39	 1	 1	 1	 hover	 1501	 1495	 1500	 977	 0.00	 0.00	 0.00
1200	 -2.25	 -0.55	 -2.11	 1	 1	 1	 hover	 1501	 1495	 1500	 965	 0.00	 0.00	 0.00
1300	 -3.94	 -0.55	 0.64	 1	 1	 1	 hover	 1501	 1492	 1500	 994	 0.00	 0.00	 0.00
1400	 0.31	 -0.39	 -1.57	 1	 1	 1	 hover	 1500	 1500	 1500	 969	 0.00	 0.00	 0.00
1500	 1.62	 -0.79	 -0.01	 1	 1	 1	 hover	 1501	 1503	 1500	 984	 0.00	 0.00	 0.00
1600	 2.39	 -1.37	 -0.44	 1	 1	 1	 hover	 1502	 1504	 1500	 979	 0.00	 0.00	 0.00
1700	 2.82	 -0.62	 -1.23	 1	 1	 1	 hover	 1501	 1505	 1500	 969	 0.00	 0.00	 0.00
1800	 3.30	 -2.00	 -0.12	 1	 1	 1	 hover	 1504	 1506	 1500	 980	 0.00	 0.00	 0.00
1900	 -0.34	 -1.86	 0.05	 1	 1	 1	 hover	 1503	 1499	 1500	 982	 0.00	 0.00	 0.00
2000	 -0.14	 -4.23	 -2.48	 1	 1	 1	 hover	 1508	 1499	 1500	 951	 0.00	 0.00	 0.00
2100	 -1.65	 -6.26	 -1.57	 1	 1	 1	 hover	 1512	 1496	 1500	 957	 0.00	 0.00	 0.00
2200	 -0.11	 -1.15	 -1.71	 1	 1	 1	 hover	 1502	 1499	 1500	 953	 0.00	 0.00	 0.00
2300	 1.87	 -5.83	 -3.67	 1	 1	 1	 hover	 1511	 1503	 1500	 926	 0.00	 0.00	 0.00
2400	 -10.54	 -4.65	 -5.43	 1	 1	 1	 hover	 1509	 1478	 1500	 897	 0.00	 0.00	 0.00
2500	 -4.73	 -5.23	 -6.27	 1	 1	 1	 hover	 1510	 1490	 1500	 876	 0.00	 0.00	 0.00
2600	 -5.39	 -9.64	 -10.95	 1	 1	 1	 hover	 1519	 1489	 1500	 808	 0.00	 0.00	 0.00
2700	 6.19	 -10.93	 -15.11	 1	 1	 1	 hover	 1521	 1512	 1500	 736	 0.00	 0.00	 0.00
2800	 6.36	 -9.58	 -14.95	 1	 1	 1	 hover	 1519	 1512	 1500	 707	 0.00	 0.00	 0.00
2900	 -2.58	 -10.13	 -21.07	 1	 1	 1	 hover	 1520	 1494	 1500	 604	 0.00	 0.00	 0.00
3000	 -6.87	 -13.38	 -27.55	 1	 1	 1	 hover	 1526	 1486	 1500	 484	 0.00	 0.00	 0.00
3100	 -5.70	 -12.95	 -31.24	 1	 1	 1	 hover	 1525	 1488	 1500	 385	 0.00	 0.00	 0.00
3200	 -3.00	 -13.39	 -32.43	 1	 1	 1	 hover	 1526	 1493	 1500	 308	 0.00	 0.00	 0.00
3300	 1.78	 -14.84	 -35.81	 1	 1	 1	 hover	 1529	 1503	 1500	 203	 0.00	 0.00	 0.00
3400	 19.01	 -15.51	 -35.89	 1	 1	 1	 hover	 1531	 1538	 1500	 130	 0.00	 0.00	 0.00
3500	 13.27	 -16.92	 -39.68	 1	 1	 1	 hover	 1533	 1526	 1500	 13	 0.00	 0.00	 0.00
3600	 8.75	 -17.57	 -42.63	 1	 1	 1	 hover	 1535	 1517	 1500	 -101	 0.00	 0.00	 0.00
3700	 8.23	 -25.70	 -40.24	 1	 1	 1	 hover	 1551	 1516	 1500	 -158	 0.00	 0.00	 0.00
3800	 -11.81	 -13.25	 -41.08	 1	 1	 1	 hover	 1526	 1476	 1500	 -248	 0.00	 0.00	 0.00
3900	 4.72	 -17.70	 -43.33	 1	 1	 1	 hover	 1535	 1509	 1500	 -357	 0.00	 0.00	 0.00
4000	 6.94	 -16.93	 -45.40	 1	 1	 1	 hover	 1533	 1513	 1500	 -469	 0.00	 0.00	 0.00
4100	 7.05	 -18.12	 -42.48	 1	 1	 1	 hover	 1536	 1514	 1500	 -525	 0.00	 0.00	 0.00
4200	 -7.75	 -7.25	 -37.42	 1	 1	 1	 hover	 1514	 1484	 1500	 -549	 0.00	 0.00	 0.00
4300	 -17.53	 -7.21	 -39.64	 1	 1	 1	 hover	 1514	 1464	 1500	 -650	 0.00	 0.00	 0.00
4400	 -17.53	 -12.90	 -37.77	 1	 1	 1	 hover	 1525	 1464	 1500	 -707	 0.00	 0.00	 0.00
4500	 -17.15	 -15.87	 -36.82	 1	 1	 1	 hover	 1531	 1465	 1500	 -771	 0.00	 0.00	 0.00
4600	 -16.63	 -12.97	 -36.90	 1	 1	 1	 hover	 1525	 1466	 1500	 -846	 0.00	 0.00	 0.00
4700	 -7.94	 -6.90	 -40.73	 1	 1	 1	 hover	 1513	 1484	 1500	 -966	 0.00	 0.00	 0.00
4800	 6.29	 -8.78	 -40.69	 1	 1	 1	 hover	 1517	 1512	 1500	 -1047	 0.00	 0.00	 0.00
4900	 -3.35	 -17.07	 -43.05	 1	 1	 1	 hover	 1534	 1493	 1500	 -1156	 0.00	 0.00	 0.00
5000	 -5.64	 -10.78	 -46.80	 1	 1	 1	 hover	 1521	 1488	 1500	 -1287	 0.00	 0.00	 0.00
5100	 -5.64	 -8.74	 -47.66	 1	 1	 1	 hover	 1517	 1488	 1500	 -1391	 0.00	 0.00	 0.00
5200	 -9.86	 -17.91	 -46.27	 1	 1	 1	 hover	 1535	 1480	 1500	 -1470	 0.00	 0.00	 0.00
5300	 -11.73	 -14.11	 -47.83	 1	 1	 1	 hover	 1528	 1476	 1500	 -1581	 0.00	 0.00	 0.00
5400	 12.14	 -9.68	 -47.61	 1	 1	 1	 hover	 1519	 1524	 1500	 -1674	 0.00	 0.00	 0.00
5500	 -25.09	 -11.55	 -48.92	 1	 1	 1	 hover	 1523	 1449	 1500	 -1785	 0.00	 0.00	 0.00
5600	 -10.46	 -13.60	 -48.71	 1	 1	 1	 hover	 1527	 1479	 1500	 -1881	 0.00	 0.00	 0.00
5700	 -8.67	 -16.84	 -51.42	 1	 1	 1	 hover	 1533	 1482	 1500	 -2010	 0.00	 0.00	 0.00
5800	 -8.46	 -19.20	 -52.91	 1	 1	 1	 hover	 1538	 1483	 1500	 -2131	 0.00	 0.00	 0.00
5900	 -8.78	 -11.76	 -50.59	 1	 1	 1	 hover	 1523	 1482	 1500	 -2209	 0.00	 0.00	 0.00
6000	 -10.47	 -13.03	 -50.45	 1	 1	 1	 hover	 1526	 1479	 1500	 -2309	 0.00	 0.00	 0.00
6100	 -10.47	 -14.72	 -52.59	 1	 1	 1	 hover	 1529	 1479	 1500	 -2435	 0.00	 0.00	 0.00
6200	 12.09	 -18.02	 -58.53	 1	 1	 1	 hover	 1536	 1524	 1500	 -2612	 0.00	 0.00	 0.00
6300	 12.39	 -23.35	 -59.53	 1	 1	 1	 hover	 1546	 1524	 1500	 -2741	 0.00	 0.00	 0.00
6400	 12.58	 -22.92	 -65.15	 1	 1	 1	 hover	 1545	 1525	 1500	 -2927	 0.00	 0.00	 0.00
6500	 15.35	 -19.54	 -61.77	 1	 1	 1	 hover	 1539	 1530	 1500	 -3017	 0.00	 0.00	 0.00
6600	 10.88	 -22.32	 -61.22	 1	 1	 1	 hover	 1544	 1521	 1500	 -3134	 0.00	 0.00	 0.00
6700	 10.88	 -25.94	 -66.45	 1	 1	 1	 hover	 1551	 1521	 1500	 -3319	 0.00	 0.00	 0.00
6800	 -39.71	 -25.87	 -63.83	 1	 1	 1	 hover	 1551	 1420	 1500	 -3421	 0.00	 0.00	 0.00
6900	 -54.26	 -22.33	 -63.53	 1	 1	 1	 hover	 1544	 1391	 1500	 -3545	 0.00	 0.00	 0.00
7000	 -77.94	 -14.70	 -67.98	 1	 1	 1	 hover	 1529	 1344	 1500	 -3725	 0.00	 0.00	 0.00
7100	 -71.64	 -20.45	 -68.27	 1	 1	 1	 hover	 1540	 1356	 1500	 -3865	 0.00	 0.00	 0.00
7200	 -64.11	 -25.28	 -67.80	 1	 1	 1	 hover	 1550	 1371	 1500	 -3995	 0.00	 0.00	 0.00
7300	 -61.35	 -14.57	 -70.08	 1	 1	 1	 hover	 1529	 1377	 1500	 -4158	 0.00	 0.00	 0.00
7400	 -54.14	 -22.00	 -68.96	 1	 1	 1	 hover	 1543	 1391	 1500	 -4285	 0.00	 0.00	 0.00
7500	 -48.16	 -19.59	 -67.52	 1	 1	 1	 hover	 1539	 1403	 1500	 -4406	 0.00	 0.00	 0.00
7600	 -46.98	 -17.03	 -61.33	 1	 1	 1	 hover	 1534	 1406	 1500	 -4466	 0.00	 0.00	 0.00
7700	 -54.19	 -29.18	 -62.02	 1	 1	 1	 hover	 1558	 1391	 1500	 -4597	 0.00	 0.00	 0.00
7800	 -41.11	 -20.93	 -51.24	 1	 1	 1	 hover	 1541	 1417	 1500	 -4592	 0.00	 0.00	 0.00
7900	 -51.15	 -19.85	 -44.15	 1	 1	 1	 hover	 1539	 1397	 1500	 -4610	 0.00	 0.00	 0.00
8000	 -41.63	 -15.85	 -40.78	 1	 1	 1	 hover	 1531	 1416	 1500	 -4657	 0.00	 0.00	 0.00
8100	 -42.22	 -16.32	 -34.75	 1	 1	 1	 hover	 1532	 1415	 1500	 -4667	 0.00	 0.00	 0.00
8200	 -36.24	 -18.27	 -27.34	 1	 1	 1	 hover	 1536	 1427	 1500	 -4647	 0.00	 0.00	 0.00
8300	 -36.24	 -18.59	 -27.34	 1	 1	 0	 hover	 1537	 1427	 1500	 -4647	 0.00	 0.00	 0.00
8400	 -44.91	 -19.53	 -27.34	 1	 1	 1	 hover	 1539	 1410	 1500	 -4702	 0.00	 0.00	 0.00
8500	 -23.82	 -13.85	 -0.33	 1	 1	 1	 hover	 1527	 1452	 1500	 -4432	 0.00	 0.00	 0.00
8600	 -25.18	 -17.10	 32.56	 1	 1	 1	 hover	 1534	 1449	 1500	 -4038	 0.00	 0.00	 0.00
8700	 -22.15	 -17.69	 34.38	 1	 1	 1	 hover	 1535	 1455	 1500	 -3951	 0.00	 0.00	 0.00
8800	 -22.76	 -16.95	 36.01	 1	 1	 1	 hover	 1533	 1454	 1500	 -3863	 0.00	 0.00	 0.00
8900	 -23.83	 -16.77	 36.24	 1	 1	 1	 hover	 1533	 1452	 1500	 -3788	 0.00	 0.00	 0.00
9000	 -22.60	 -15.22	 36.56	 1	 1	 1	 hover	 1530	 1454	 1500	 -3712	 0.00	 0.00	 0.00
9100	 -19.68	 -17.78	 36.94	 1	 1	 1	 hover	 1535	 1460	 1500	 -3634	 0.00	 0.00	 0.00
9200	 -21.89	 -18.07	 36.53	 1	 1	 1	 hover	 1536	 1456	 1500	 -3565	 0.00	 0.00	 0.00
9300	 -22.48	 -18.32	 36.54	 1	 1	 1	 hover	 1536	 1455	 1500	 -3492	 0.00	 0.00	 0.00
9400	 -21.95	 -17.32	 35.23	 1	 1	 1	 hover	 1534	 1456	 1500	 -3435	 0.00	 0.00	 0.00
9500	 -19.78	 -19.65	 35.30	 1	 1	 1	 hover	 1539	 1460	 1500	 -3364	 0.00	 0.00	 0.00
9600	 -19.76	 -19.59	 35.39	 1	 1	 1	 hover	 1539	 1460	 1500	 -3292	 0.00	 0.00	 0.00
9700	 -21.52	 -18.95	 35.96	 1	 1	 1	 hover	 1537	 1456	 1500	 -3214	 0.00	 0.00	 0.00
9800	 -22.63	 -20.11	 36.52	 1	 1	 1	 hover	 1540	 1454	 1500	 -3136	 0.00	 0.00	 0.00
9900	 -23.85	 -20.29	 36.43	 1	 1	 1	 hover	 1540	 1452	 1500	 -3064	 0.00	 0.00	 0.00
10000	 -25.06	 -21.26	 36.25	 1	 1	 1	 hover	 1542	 1449	 1500	 -2993	 0.00	 0.00	 0.00
10100	 -21.72	 -21.96	 35.62	 1	 1	 1	 hover	 1543	 1456	 1500	 -2928	 0.00	 0.00	 0.00
10200	 -20.68	 -22.04	 35.76	 1	 1	 1	 hover	 1544	 1458	 1500	 -2855	 0.00	 0.00	 0.00
10300	 -21.72	 -22.89	 36.62	 1	 1	 1	 hover	 1545	 1456	 1500	 -2773	 0.00	 0.00	 0.00
10400	 -20.59	 -23.60	 35.88	 1	 1	 1	 hover	 1547	 1458	 1500	 -2709	 0.00	 0.00	 0.00
10500	 -23.12	 -23.12	 35.28	 1	 1	 1	 hover	 1546	 1453	 1500	 -2644	 0.00	 0.00	 0.00
10600	 -25.59	 -23.69	 35.13	 1	 1	 1	 hover	 1547	 1448	 1500	 -2576	 0.00	 0.00	 0.00
10700	 -26.11	 -23.83	 35.98	 1	 1	 1	 hover	 1547	 1447	 1500	 -2495	 0.00	 0.00	 0.00
10800	 -27.17	 -22.95	 35.55	 1	 1	 1	 hover	 1545	 1445	 1500	 -2428	 0.00	 0.00	 0.00
10900	 -23.52	 -22.36	 35.63	 1	 1	 1	 hover	 1544	 1452	 1500	 -2356	 0.00	 0.00	 0.00
11000	 -29.91	 -22.21	 36.15	 1	 1	 1	 hover	 1544	 1440	 1500	 -2279	 0.00	 0.00	 0.00
11100	 -31.08	 -22.67	 36.46	 1	 1	 1	 hover	 1545	 1437	 1500	 -2203	 0.00	 0.00	 0.00
11200	 -33.29	 -25.03	 35.66	 1	 1	 1	 hover	 1550	 1433	 1500	 -2139	 0.00	 0.00	 0.00
11300	 -29.82	 -24.26	 36.18	 1	 1	 1	 hover	 1548	 1440	 1500	 -2062	 0.00	 0.00	 0.00
11400	 -24.37	 -26.10	 36.22	 1	 1	 1	 hover	 1552	 1451	 1500	 -1989	 0.00	 0.00	 0.00
11500	 -25.35	 -26.50	 35.05	 1	 1	 1	 hover	 1553	 1449	 1500	 -1931	 0.00	 0.00	 0.00
11600	 -26.10	 -26.68	 36.46	 1	 1	 1	 hover	 1553	 1447	 1500	 -1844	 0.00	 0.00	 0.00
11700	 -27.30	 -26.92	 36.88	 1	 1	 1	 hover	 1553	 1445	 1500	 -1766	 0.00	 0.00	 0.00
11800	 -38.21	 -27.23	 37.00	 1	 1	 1	 hover	 1554	 1423	 1500	 -1690	 0.00	 0.00	 0.00
11900	 -33.34	 -27.38	 37.00	 1	 1	 1	 hover	 1554	 1433	 1500	 -1616	 0.00	 0.00	 0.00
12000	 -40.97	 -27.30	 37.22	 1	 1	 1	 hover	 1554	 1418	 1500	 -1540	 0.00	 0.00	 0.00
12100	 -36.24	 -27.69	 37.08	 1	 1	 1	 hover	 1555	 1427	 1500	 -1467	 0.00	 0.00	 0.00
12200	 -41.11	 -26.81	 37.07	 1	 1	 1	 hover	 1553	 1417	 1500	 -1393	 0.00	 0.00	 0.00
12300	 -39.62	 -28.93	 37.07	 1	 1	 1	 hover	 1557	 1420	 1500	 -1319	 0.00	 0.00	 0.00
12400	 -42.70	 -26.33	 37.12	 1	 1	 1	 hover	 1552	 1414	 1500	 -1244	 0.00	 0.00	 0.00
12500	 -43.74	 -33.55	 37.14	 1	 1	 1	 hover	 1567	 1412	 1500	 -1170	 0.00	 0.00	 0.00
12600	 -44.23	 -35.37	 37.09	 1	 1	 1	 hover	 1570	 1411	 1500	 -1096	 0.00	 0.00	 0.00
12700	 -44.04	 -34.97	 37.13	 1	 1	 1	 hover	 1569	 1411	 1500	 -1021	 0.00	 0.00	 0.00
12800	 -41.00	 -35.41	 35.92	 1	 1	 1	 hover	 1570	 1418	 1500	 -961	 0.00	 0.00	 0.00
12900	 -39.72	 -35.65	 35.12	 1	 1	 1	 hover	 1571	 1420	 1500	 -899	 0.00	 0.00	 0.00
13000	 -34.93	 -35.57	 34.96	 1	 1	 1	 hover	 1571	 1430	 1500	 -831	 0.00	 0.00	 0.00
13100	 -35.92	 -35.75	 36.47	 1	 1	 1	 hover	 1571	 1428	 1500	 -743	 0.00	 0.00	 0.00
13200	 -31.74	 -34.38	 35.82	 1	 1	 1	 hover	 1568	 1436	 1500	 -678	 0.00	 0.00	 0.00
13300	 -33.13	 -34.58	 36.75	 1	 1	 1	 hover	 1569	 1433	 1500	 -595	 0.00	 0.00	 0.00
13400	 -33.36	 -33.32	 37.05	 1	 1	 1	 hover	 1566	 1433	 1500	 -518	 0.00	 0.00	 0.00
13500	 -33.42	 -33.48	 37.11	 1	 1	 1	 hover	 1566	 1433	 1500	 -443	 0.00	 0.00	 0.00
13600	 -30.38	 -33.77	 37.15	 1	 1	 1	 hover	 1567	 1439	 1500	 -368	 0.00	 0.00	 0.00
13700	 -27.12	 -32.93	 36.14	 1	 1	 1	 hover	 1565	 1445	 1500	 -306	 0.00	 0.00	 0.00
13800	 -35.95	 -33.35	 35.81	 1	 1	 1	 hover	 1566	 1428	 1500	 -238	 0.00	 0.00	 0.00
13900	 -32.88	 -33.61	 34.81	 1	 1	 1	 hover	 1567	 1434	 1500	 -178	 0.00	 0.00	 0.00
14000	 -36.20	 -32.75	 35.31	 1	 1	 1	 hover	 1565	 1427	 1500	 -103	 0.00	 0.00	 0.00
14100	 -37.26	 -32.41	 36.52	 1	 1	 1	 hover	 1564	 1425	 1500	 -17	 0.00	 0.00	 0.00
14200	 -36.99	 -32.34	 36.90	 1	 1	 1	 hover	 1564	 1426	 1500	 59	 0.00	 0.00	 0.00
14300	 -30.92	 -32.45	 35.83	 1	 1	 1	 hover	 1564	 1438	 1500	 120	 0.00	 0.00	 0.00
14400	 -38.80	 -32.69	 36.69	 1	 1	 1	 hover	 1565	 1422	 1500	 202	 0.00	 0.00	 0.00
14500	 -32.33	 -30.91	 36.69	 1	 1	 1	 hover	 1561	 1435	 1500	 275	 0.00	 0.00	 0.00
14600	 -38.45	 -30.72	 36.87	 1	 1	 1	 hover	 1561	 1423	 1500	 351	 0.00	 0.00	 0.00
14700	 -37.62	 -29.55	 36.67	 1	 1	 1	 hover	 1559	 1424	 1500	 422	 0.00	 0.00	 0.00
14800	 -29.93	 -29.96	 35.23	 1	 1	 1	 hover	 1559	 1440	 1500	 478	 0.00	 0.00	 0.00
14900	 -39.15	 -29.83	 36.38	 1	 1	 1	 hover	 1559	 1421	 1500	 563	 0.00	 0.00	 0.00
15000	 -41.12	 -30.01	 36.74	 1	 1	 1	 hover	 1560	 1417	 1500	 640	 0.00	 0.00	 0.00
15100	 -38.42	 -29.92	 35.96	 1	 1	 1	 hover	 1559	 1423	 1500	 704	 0.00	 0.00	 0.00
