#Time(ms)	 Value 	 Validity 	 avgValue 	 Diff 	 Outliers 	 invalidReason	 SD 
200	 -1.00 	0 	0.00 	1.00 	1 	0	 0.00	 0.00 
300	 127.50 	0 	63.75 	63.75 	1 	63.75	 12.85	 89.25 
400	 135.86 	1 	99.81 	36.06 	0 	-3	 12.40	 121.88 
500	 135.86 	1 	117.83 	18.03 	0 	-3	 11.16	 131.67 
600	 134.26 	1 	126.05 	8.21 	0 	-3	 10.20	 133.48 
700	 127.59 	1 	126.82 	0.77 	0 	-3	 9.85	 129.36 
800	 127.50 	1 	127.16 	0.34 	0 	-3	 8.88	 128.06 
900	 134.97 	1 	131.06 	3.91 	0 	-3	 8.73	 132.90 
1000	 135.51 	1 	133.29 	2.22 	0 	-3	 7.92	 134.73 
1100	 126.70 	1 	129.99 	3.29 	0 	-3	 8.00	 129.11 
1200	 127.68 	1 	128.84 	1.16 	0 	-3	 7.30	 128.11 
1300	 135.42 	1 	132.13 	3.29 	0 	-3	 7.35	 133.23 
1400	 126.96 	1 	129.54 	2.58 	0 	-3	 7.46	 128.84 
1500	 127.68 	1 	128.61 	0.93 	0 	-3	 6.78	 128.03 
1600	 126.96 	1 	127.79 	0.83 	0 	-3	 6.18	 127.28 
1700	 126.79 	1 	127.29 	0.50 	0 	-3	 5.58	 126.94 
1800	 126.87 	1 	127.08 	0.21 	0 	-3	 5.03	 126.89 
1900	 134.44 	1 	130.76 	3.68 	0 	-3	 5.28	 132.18 
2000	 125.90 	1 	128.33 	2.43 	0 	-3	 5.61	 127.78 
2100	 135.77 	1 	132.05 	3.72 	0 	-3	 6.03	 133.37 
2200	 135.68 	1 	133.86 	1.82 	0 	-3	 5.44	 134.99 
2300	 126.61 	1 	130.24 	3.63 	0 	-3	 5.80	 129.12 
2400	 138.18 	1 	134.21 	3.97 	0 	-3	 6.38	 135.46 
2500	 131.23 	1 	132.72 	1.49 	0 	-3	 6.44	 132.50 
2600	 138.26 	1 	135.49 	2.77 	0 	-3	 6.50	 136.53 
2700	 111.03 	1 	123.26 	12.23 	0 	-3	 8.57	 118.68 
2800	 104.98 	1 	114.12 	9.14 	0 	-3	 8.32	 109.09 
2900	 123.76 	1 	118.94 	4.82 	0 	-3	 9.36	 119.36 
3000	 130.34 	1 	124.64 	5.70 	0 	-3	 9.08	 127.05 
3100	 133.28 	1 	128.96 	4.32 	0 	-3	 8.47	 131.41 
3200	 85.23 	1 	107.09 	21.86 	0 	-3	 12.43	 99.08 
3300	 89.05 	1 	98.07 	9.02 	0 	-3	 11.57	 92.06 
3400	 89.05 	1 	98.07 	9.02 	1 	-3	 11.57	 92.06 
3500	 85.23 	1 	91.65 	6.42 	0 	-3	 10.79	 87.28 
3600	 88.34 	1 	90.00 	1.66 	0 	-3	 10.02	 88.02 
3700	 91.55 	1 	90.77 	0.78 	0 	-3	 9.34	 90.49 
3800	 -1.00 	0 	90.77 	91.77 	0 	0	 9.34	 90.49 
3900	 -1.00 	0 	90.77 	91.77 	0 	0	 9.34	 90.49 
4000	 -1.00 	0 	90.77 	91.77 	1 	0	 9.34	 90.49 
4100	 70.28 	1 	80.53 	10.25 	1 	-3	 15.54	 76.34 
4200	 126.07 	1 	103.30 	22.77 	1 	-3	 19.56	 111.15 
4300	 85.32 	1 	94.31 	8.99 	0 	-3	 21.68	 93.07 
4400	 85.32 	1 	94.31 	8.99 	1 	-3	 21.68	 93.07 
4500	 128.21 	1 	111.26 	16.95 	1 	-3	 23.80	 117.67 
4600	 78.73 	1 	94.99 	16.26 	1 	-3	 26.37	 90.41 
4700	 66.63 	1 	80.81 	14.18 	0 	-3	 24.94	 73.76 
4800	 66.63 	1 	80.81 	14.18 	1 	-3	 24.94	 73.76 
4900	 67.96 	1 	74.39 	6.43 	0 	-3	 22.58	 69.70 
5000	 65.47 	1 	69.93 	4.46 	0 	-3	 20.57	 66.74 
5100	 65.47 	1 	69.93 	4.46 	1 	-3	 20.57	 66.74 
5200	 117.44 	1 	93.68 	23.76 	1 	-3	 23.71	 102.23 
5300	 118.24 	1 	105.96 	12.28 	0 	-3	 21.42	 113.44 
5400	 -1.00 	0 	105.96 	106.96 	0 	0	 21.42	 113.44 
5500	 -1.00 	0 	105.96 	106.96 	1 	0	 21.42	 113.44 
5600	 121.98 	1 	113.97 	8.01 	1 	-3	 31.58	 119.42 
5700	 121.80 	1 	117.89 	3.91 	0 	-3	 28.44	 121.09 
5800	 122.51 	1 	120.20 	2.31 	0 	-3	 25.66	 122.08 
5900	 124.20 	1 	122.20 	2.00 	0 	-3	 23.27	 123.56 
6000	 125.54 	1 	123.87 	1.67 	0 	-3	 21.07	 124.95 
6100	 125.54 	1 	123.87 	1.67 	1 	-3	 21.07	 124.95 
6200	 59.24 	0 	91.55 	32.31 	1 	32.31	 25.60	 78.95 
6300	 128.21 	1 	109.88 	18.33 	1 	-3	 29.93	 113.43 
6400	 52.48 	0 	81.18 	28.70 	1 	28.70	 34.51	 70.77 
6500	 -1.00 	0 	81.18 	82.18 	1 	0	 34.51	 70.77 
6600	 -1.00 	0 	81.18 	82.18 	1 	0	 34.51	 70.77 
6700	 50.61 	1 	65.90 	15.29 	1 	-3	 36.22	 56.66 
6800	 128.92 	1 	97.41 	31.51 	1 	-3	 40.43	 107.24 
6900	 128.03 	1 	112.72 	15.31 	0 	-3	 36.48	 121.79 
7000	 155.62 	1 	134.17 	21.45 	0 	-3	 35.59	 145.47 
7100	 125.72 	1 	129.94 	4.22 	0 	-3	 35.02	 131.65 
7200	 125.72 	1 	129.94 	4.22 	1 	-3	 35.02	 131.65 
7300	 124.56 	1 	127.25 	2.69 	0 	-3	 31.63	 126.69 
7400	 124.56 	1 	127.25 	2.69 	1 	-3	 31.63	 126.69 
7500	 119.58 	1 	123.42 	3.84 	0 	-3	 28.97	 121.71 
7600	 119.13 	1 	121.27 	2.14 	0 	-3	 26.12	 119.90 
7700	 119.13 	1 	121.27 	2.14 	1 	-3	 26.12	 119.90 
7800	 115.75 	1 	118.51 	2.76 	0 	-3	 23.84	 117.00 
7900	 115.75 	1 	118.51 	2.76 	1 	-3	 23.84	 117.00 
8000	 113.35 	1 	115.93 	2.58 	0 	-3	 21.70	 114.44 
8100	 112.37 	1 	114.15 	1.78 	0 	-3	 19.63	 112.99 
8200	 67.07 	1 	90.61 	23.54 	0 	-3	 22.19	 80.85 
8300	 67.07 	1 	90.61 	23.54 	1 	-3	 22.19	 80.85 
8400	 126.61 	1 	108.61 	18.00 	1 	-3	 25.93	 112.88 
8500	 92.53 	1 	100.57 	8.04 	0 	-3	 26.74	 98.64 
8600	 112.99 	1 	106.78 	6.21 	0 	-3	 26.12	 108.68 
8700	 97.95 	1 	102.37 	4.42 	0 	-3	 25.01	 101.17 
8800	 108.19 	1 	105.28 	2.91 	0 	-3	 23.53	 106.08 
8900	 108.99 	1 	107.13 	1.86 	0 	-3	 21.26	 108.12 
9000	 100.44 	1 	103.79 	3.35 	0 	-3	 19.99	 102.74 
9100	 98.31 	1 	101.05 	2.74 	0 	-3	 18.20	 99.64 
9200	 107.03 	1 	104.04 	2.99 	0 	-3	 17.25	 104.81 
9300	 108.10 	1 	106.07 	2.03 	0 	-3	 15.64	 107.11 
9400	 100.62 	1 	103.34 	2.72 	0 	-3	 14.82	 102.57 
9500	 99.91 	1 	101.63 	1.72 	0 	-3	 13.41	 100.71 
9600	 103.20 	1 	102.41 	0.79 	0 	-3	 12.40	 102.45 
9700	 107.03 	1 	104.72 	2.31 	0 	-3	 11.54	 105.66 
9800	 109.17 	1 	106.95 	2.22 	0 	-3	 10.60	 108.12 
9900	 109.25 	1 	108.10 	1.15 	0 	-3	 9.55	 108.91 
10000	 109.25 	1 	108.67 	0.58 	0 	-3	 8.59	 109.15 
10100	 102.76 	1 	105.72 	2.96 	0 	-3	 8.38	 104.68 
10200	 102.85 	1 	104.28 	1.43 	0 	-3	 7.55	 103.40 
10300	 109.70 	1 	106.99 	2.71 	0 	-3	 7.48	 107.81 
10400	 103.20 	1 	105.10 	1.90 	0 	-3	 7.38	 104.58 
10500	 103.83 	1 	104.46 	0.63 	0 	-3	 6.71	 104.06 
10600	 103.29 	1 	103.88 	0.59 	0 	-3	 6.09	 103.52 
10700	 109.70 	1 	106.79 	2.91 	0 	-3	 6.12	 107.85 
10800	 103.83 	1 	105.31 	1.48 	0 	-3	 6.10	 105.03 
10900	 103.92 	1 	104.61 	0.69 	0 	-3	 5.50	 104.25 
11000	 110.32 	1 	107.47 	2.85 	0 	-3	 5.59	 108.50 
11100	 107.47 	1 	107.47 	0.00 	0 	-3	 5.31	 107.78 
11200	 104.36 	1 	105.91 	1.55 	0 	-3	 5.09	 105.39 
11300	 109.70 	1 	107.81 	1.89 	0 	-3	 5.12	 108.41 
11400	 103.83 	1 	105.82 	1.99 	0 	-3	 5.19	 105.20 
11500	 104.45 	1 	105.13 	0.68 	0 	-3	 4.74	 104.68 
11600	 110.32 	1 	107.73 	2.59 	0 	-3	 4.85	 108.63 
11700	 109.79 	1 	108.76 	1.03 	0 	-3	 4.42	 109.44 
11800	 109.70 	1 	109.23 	0.47 	0 	-3	 3.98	 109.62 
11900	 106.94 	1 	108.08 	1.14 	0 	-3	 3.86	 107.74 
12000	 110.32 	1 	109.20 	1.12 	0 	-3	 3.81	 109.55 
12100	 108.63 	1 	108.92 	0.29 	0 	-3	 3.60	 108.91 
12200	 108.63 	1 	108.77 	0.14 	0 	-3	 3.24	 108.71 
12300	 102.67 	1 	105.72 	3.05 	0 	-3	 3.51	 104.48 
12400	 109.25 	1 	107.49 	1.76 	0 	-3	 3.82	 107.82 
12500	 109.79 	1 	108.64 	1.15 	0 	-3	 3.49	 109.20 
12600	 109.70 	1 	109.17 	0.53 	0 	-3	 3.15	 109.55 
12700	 109.25 	1 	109.21 	0.04 	0 	-3	 2.88	 109.34 
12800	 103.74 	1 	106.47 	2.73 	0 	-3	 3.14	 105.42 
12900	 103.74 	1 	105.11 	1.37 	0 	-3	 2.83	 104.24 
13000	 104.36 	1 	104.73 	0.37 	0 	-3	 2.61	 104.33 
13100	 109.70 	1 	107.22 	2.48 	0 	-3	 2.88	 108.09 
13200	 103.83 	1 	105.52 	1.69 	0 	-3	 3.18	 105.11 
13300	 109.79 	1 	107.66 	2.13 	0 	-3	 3.46	 108.39 
13400	 109.17 	1 	108.41 	0.76 	0 	-3	 3.17	 108.93 
13500	 109.17 	1 	108.79 	0.38 	0 	-3	 2.86	 109.10 
13600	 103.29 	1 	106.04 	2.75 	0 	-3	 3.16	 105.03 
13700	 100.98 	1 	103.51 	2.53 	0 	-3	 3.07	 102.20 
13800	 103.29 	1 	103.40 	0.11 	0 	-3	 3.00	 102.96 
13900	 103.38 	1 	103.39 	0.01 	0 	-3	 2.71	 103.25 
14000	 103.20 	1 	103.30 	0.10 	0 	-3	 2.45	 103.22 
14100	 109.25 	1 	106.27 	2.98 	0 	-3	 2.81	 107.44 
14200	 108.63 	1 	107.45 	1.18 	0 	-3	 2.59	 108.27 
14300	 100.62 	1 	104.04 	3.42 	0 	-3	 3.14	 102.92 
14400	 108.63 	1 	106.33 	2.30 	0 	-3	 3.62	 106.92 
14500	 100.62 	1 	103.48 	2.86 	0 	-3	 4.06	 102.51 
14600	 107.12 	1 	105.30 	1.82 	0 	-3	 4.31	 105.74 
14700	 101.69 	1 	103.49 	1.80 	0 	-3	 4.42	 102.90 
14800	 87.01 	1 	95.25 	8.24 	0 	-3	 5.44	 91.78 
14900	 106.59 	1 	100.92 	5.67 	0 	-3	 6.86	 102.15 
15000	 106.50 	1 	103.71 	2.79 	0 	-3	 6.18	 105.19 
15100	 100.09 	1 	101.90 	1.81 	0 	-3	 6.20	 101.62 
