#Time(ms)	 Value 	 Validity 	 avgValue 	 Diff 	 Outliers 	 invalidReason	 SD 
200	 -1.00 	0 	0.00 	1.00 	0 	0	 0.00	 0.00 
300	 -1.00 	0 	0.00 	1.00 	1 	0	 0.00	 0.00 
400	 170.83 	0 	85.42 	85.42 	1 	85.42	 17.18	 119.58 
500	 170.75 	1 	128.08 	42.67 	0 	-3	 15.47	 155.40 
600	 171.37 	1 	149.73 	21.64 	0 	-3	 13.99	 166.58 
700	 169.41 	1 	159.57 	9.84 	0 	-3	 12.78	 168.56 
800	 169.32 	1 	164.44 	4.88 	0 	-3	 11.52	 169.09 
900	 170.75 	1 	167.60 	3.15 	0 	-3	 10.51	 170.25 
1000	 171.99 	1 	169.79 	2.20 	0 	-3	 9.58	 171.47 
1100	 168.70 	1 	169.25 	0.55 	0 	-3	 8.95	 169.53 
1200	 170.12 	1 	169.68 	0.44 	0 	-3	 8.20	 169.94 
1300	 172.44 	1 	171.06 	1.38 	0 	-3	 7.61	 171.69 
1400	 169.23 	1 	170.15 	0.92 	0 	-3	 7.17	 169.97 
1500	 169.77 	1 	169.96 	0.19 	0 	-3	 6.51	 169.83 
1600	 168.88 	1 	169.42 	0.54 	0 	-3	 5.95	 169.16 
1700	 171.19 	1 	170.30 	0.89 	0 	-3	 5.58	 170.58 
1800	 169.05 	1 	169.68 	0.63 	0 	-3	 5.24	 169.51 
1900	 171.01 	1 	170.34 	0.67 	0 	-3	 4.91	 170.56 
2000	 163.98 	1 	167.16 	3.18 	0 	-3	 5.12	 165.95 
2100	 169.94 	1 	168.55 	1.39 	0 	-3	 5.21	 168.74 
2200	 170.66 	1 	169.61 	1.05 	0 	-3	 4.76	 170.09 
2300	 153.30 	1 	161.45 	8.15 	0 	-3	 6.02	 158.34 
2400	 168.16 	1 	164.81 	3.35 	0 	-3	 6.90	 165.21 
2500	 166.38 	1 	165.59 	0.79 	0 	-3	 6.39	 166.03 
2600	 153.93 	1 	159.76 	5.83 	0 	-3	 7.00	 157.56 
2700	 160.51 	1 	160.14 	0.37 	0 	-3	 6.95	 159.62 
2800	 160.87 	1 	160.50 	0.37 	0 	-3	 6.29	 160.50 
2900	 155.97 	1 	158.24 	2.27 	0 	-3	 6.16	 157.33 
3000	 146.01 	1 	152.12 	6.11 	0 	-3	 6.54	 149.41 
3100	 159.00 	1 	155.56 	3.44 	0 	-3	 7.18	 156.12 
3200	 156.60 	1 	156.08 	0.52 	0 	-3	 6.70	 156.46 
3300	 153.57 	1 	154.83 	1.26 	0 	-3	 6.34	 154.44 
3400	 156.15 	1 	155.49 	0.66 	0 	-3	 5.96	 155.64 
3500	 153.04 	1 	154.26 	1.22 	0 	-3	 5.68	 153.82 
3600	 153.93 	1 	154.10 	0.17 	0 	-3	 5.20	 153.90 
3700	 105.07 	1 	129.58 	24.51 	0 	-3	 9.56	 119.72 
3800	 155.44 	1 	142.51 	12.93 	0 	-3	 13.64	 144.72 
3900	 156.86 	1 	149.69 	7.17 	0 	-3	 12.42	 153.22 
4000	 157.13 	1 	153.41 	3.72 	0 	-3	 11.21	 155.96 
4100	 156.95 	1 	155.18 	1.77 	0 	-3	 10.10	 156.65 
4200	 160.69 	1 	157.93 	2.76 	0 	-3	 9.47	 159.48 
4300	 159.18 	1 	158.56 	0.62 	0 	-3	 8.67	 159.27 
4400	 143.07 	1 	150.81 	7.74 	0 	-3	 9.42	 147.93 
4500	 139.96 	1 	145.39 	5.43 	0 	-3	 8.78	 142.35 
4600	 148.94 	1 	147.16 	1.78 	0 	-3	 8.80	 146.96 
4700	 165.50 	1 	156.33 	9.17 	0 	-3	 9.58	 159.94 
4800	 169.05 	1 	162.69 	6.36 	0 	-3	 8.98	 166.32 
4900	 131.23 	1 	146.96 	15.73 	0 	-3	 11.86	 141.76 
5000	 169.23 	1 	158.10 	11.13 	0 	-3	 14.48	 160.99 
5100	 155.44 	1 	156.77 	1.33 	0 	-3	 14.41	 157.10 
5200	 133.01 	1 	144.89 	11.88 	0 	-3	 15.21	 140.24 
5300	 139.87 	1 	142.38 	2.51 	0 	-3	 14.37	 139.98 
5400	 164.78 	1 	153.58 	11.20 	0 	-3	 15.43	 157.34 
5500	 151.26 	1 	152.42 	1.16 	0 	-3	 15.24	 153.08 
5600	 168.16 	1 	160.29 	7.87 	0 	-3	 15.40	 163.64 
5700	 140.13 	1 	150.21 	10.08 	0 	-3	 16.67	 147.18 
5800	 151.26 	1 	150.73 	0.53 	0 	-3	 16.11	 150.04 
5900	 161.67 	1 	156.20 	5.47 	0 	-3	 15.54	 158.18 
6000	 160.16 	1 	158.18 	1.98 	0 	-3	 14.14	 159.57 
6100	 155.88 	1 	157.03 	1.15 	0 	-3	 13.15	 156.99 
6200	 154.19 	1 	155.61 	1.42 	0 	-3	 12.01	 155.03 
6300	 139.07 	1 	147.34 	8.27 	0 	-3	 12.32	 143.86 
6400	 154.46 	1 	150.90 	3.56 	0 	-3	 12.63	 151.28 
6500	 149.30 	1 	150.10 	0.80 	0 	-3	 11.88	 149.89 
6600	 150.72 	1 	150.41 	0.31 	0 	-3	 10.83	 150.47 
6700	 139.33 	1 	144.87 	5.54 	0 	-3	 10.89	 142.67 
6800	 133.01 	1 	138.94 	5.93 	0 	-3	 10.43	 135.91 
6900	 147.43 	1 	143.19 	4.24 	0 	-3	 10.83	 143.97 
7000	 146.45 	1 	144.82 	1.63 	0 	-3	 9.85	 145.71 
7100	 146.63 	1 	145.72 	0.91 	0 	-3	 8.88	 146.35 
7200	 147.61 	1 	146.67 	0.94 	0 	-3	 8.09	 147.23 
7300	 148.59 	1 	147.63 	0.96 	0 	-3	 7.38	 148.18 
7400	 147.52 	1 	147.57 	0.05 	0 	-3	 6.75	 147.72 
7500	 151.52 	1 	149.55 	1.97 	0 	-3	 6.47	 150.38 
7600	 151.97 	1 	150.76 	1.21 	0 	-3	 5.87	 151.49 
7700	 129.99 	1 	140.37 	10.38 	0 	-3	 7.48	 136.44 
7800	 149.48 	1 	144.93 	4.55 	0 	-3	 8.68	 145.57 
7900	 149.21 	1 	147.07 	2.14 	0 	-3	 7.84	 148.12 
8000	 153.04 	1 	150.05 	2.99 	0 	-3	 7.44	 151.56 
8100	 150.28 	1 	150.17 	0.11 	0 	-3	 6.97	 150.66 
8200	 147.52 	1 	148.84 	1.32 	0 	-3	 6.55	 148.46 
8300	 148.05 	1 	148.45 	0.40 	0 	-3	 5.95	 148.17 
8400	 149.03 	1 	148.74 	0.29 	0 	-3	 5.45	 148.77 
8500	 147.96 	1 	148.35 	0.39 	0 	-3	 5.01	 148.20 
8600	 146.18 	1 	147.26 	1.08 	0 	-3	 4.69	 146.79 
8700	 146.90 	1 	147.08 	0.18 	0 	-3	 4.29	 146.87 
8800	 152.59 	1 	149.84 	2.75 	0 	-3	 4.43	 150.87 
8900	 152.59 	1 	149.84 	2.75 	1 	-3	 4.43	 150.87 
9000	 154.02 	1 	151.93 	2.09 	0 	-3	 4.13	 153.08 
9100	 148.77 	1 	150.35 	1.58 	0 	-3	 4.24	 150.06 
9200	 149.66 	1 	150.00 	0.34 	0 	-3	 3.91	 149.78 
9300	 149.57 	1 	149.79 	0.22 	0 	-3	 3.53	 149.63 
9400	 150.81 	1 	150.30 	0.51 	0 	-3	 3.30	 150.46 
9500	 147.07 	1 	148.68 	1.61 	0 	-3	 3.34	 148.09 
9600	 148.77 	1 	148.73 	0.04 	0 	-3	 3.18	 148.56 
9700	 151.88 	1 	150.30 	1.58 	0 	-3	 3.17	 150.89 
9800	 149.66 	1 	149.98 	0.32 	0 	-3	 3.08	 150.03 
9900	 150.72 	1 	150.35 	0.37 	0 	-3	 2.87	 150.51 
10000	 150.72 	1 	150.35 	0.37 	1 	-3	 2.87	 150.51 
10100	 148.23 	1 	149.29 	1.06 	0 	-3	 2.84	 148.91 
10200	 148.77 	1 	149.03 	0.26 	0 	-3	 2.61	 148.81 
10300	 148.77 	1 	149.03 	0.26 	1 	-3	 2.61	 148.81 
10400	 146.54 	1 	147.79 	1.25 	0 	-3	 2.57	 147.22 
10500	 148.59 	1 	148.19 	0.40 	0 	-3	 2.52	 148.18 
10600	 147.34 	1 	147.76 	0.42 	0 	-3	 2.39	 147.59 
10700	 149.12 	1 	148.44 	0.68 	0 	-3	 2.33	 148.66 
10800	 149.03 	1 	148.74 	0.29 	0 	-3	 2.11	 148.92 
10900	 148.77 	1 	148.75 	0.02 	0 	-3	 1.92	 148.81 
11000	 149.66 	1 	149.21 	0.45 	0 	-3	 1.82	 149.41 
11100	 152.95 	1 	151.08 	1.87 	0 	-3	 1.96	 151.89 
11200	 149.12 	1 	150.10 	0.98 	0 	-3	 2.15	 149.95 
11300	 149.57 	1 	149.83 	0.26 	0 	-3	 1.98	 149.68 
11400	 146.54 	1 	148.19 	1.65 	0 	-3	 2.09	 147.48 
11500	 147.96 	1 	148.07 	0.11 	0 	-3	 2.02	 147.82 
11600	 147.96 	1 	148.07 	0.11 	1 	-3	 2.02	 147.82 
11700	 151.88 	1 	149.98 	1.90 	0 	-3	 2.21	 150.66 
11800	 150.72 	1 	150.35 	0.37 	0 	-3	 2.10	 150.70 
11900	 150.72 	1 	150.35 	0.37 	1 	-3	 2.10	 150.70 
12000	 150.19 	1 	150.27 	0.08 	0 	-3	 1.95	 150.34 
12100	 149.03 	1 	149.65 	0.62 	0 	-3	 1.87	 149.42 
12200	 149.03 	1 	149.65 	0.62 	1 	-3	 1.87	 149.42 
12300	 226.18 	1 	187.91 	38.27 	1 	-3	 9.40	 203.15 
12400	 229.57 	1 	208.74 	20.83 	0 	-3	 8.80	 221.64 
12500	 152.50 	1 	180.62 	28.12 	0 	-3	 15.62	 173.24 
12600	 151.35 	1 	165.99 	14.64 	0 	-3	 14.18	 157.92 
12700	 151.35 	1 	165.99 	14.64 	1 	-3	 14.18	 157.92 
12800	 146.54 	1 	156.26 	9.72 	0 	-3	 13.24	 149.95 
12900	 147.34 	1 	151.80 	4.46 	0 	-3	 12.00	 148.12 
13000	 149.66 	1 	150.73 	1.07 	0 	-3	 11.03	 149.20 
13100	 150.19 	1 	150.46 	0.27 	0 	-3	 9.98	 149.89 
13200	 147.07 	1 	148.77 	1.70 	0 	-3	 9.29	 147.92 
13300	 151.35 	1 	150.06 	1.29 	0 	-3	 8.79	 150.32 
13400	 149.74 	1 	149.90 	0.16 	0 	-3	 8.07	 149.91 
13500	 149.74 	1 	149.90 	0.16 	1 	-3	 8.07	 149.91 
13600	 149.66 	1 	149.78 	0.12 	0 	-3	 7.27	 149.74 
13700	 149.66 	1 	149.78 	0.12 	1 	-3	 7.27	 149.74 
13800	 147.70 	1 	148.74 	1.04 	0 	-3	 6.74	 148.31 
13900	 149.92 	1 	149.33 	0.59 	0 	-3	 6.29	 149.44 
14000	 148.85 	1 	149.09 	0.24 	0 	-3	 5.77	 149.03 
14100	 148.50 	1 	148.79 	0.29 	0 	-3	 5.23	 148.66 
14200	 148.50 	1 	148.65 	0.15 	0 	-3	 4.70	 148.55 
14300	 149.12 	1 	148.88 	0.24 	0 	-3	 4.30	 148.95 
14400	 149.66 	1 	149.27 	0.39 	0 	-3	 3.92	 149.45 
14500	 150.28 	1 	149.78 	0.50 	0 	-3	 3.59	 150.03 
14600	 149.74 	1 	149.76 	0.02 	0 	-3	 3.28	 149.83 
14700	 151.61 	1 	150.68 	0.93 	0 	-3	 3.14	 151.08 
14800	 151.61 	1 	150.68 	0.93 	1 	-3	 3.14	 151.08 
14900	 152.50 	1 	151.59 	0.91 	0 	-3	 2.92	 152.07 
15000	 151.35 	1 	151.47 	0.12 	0 	-3	 2.74	 151.57 
15100	 149.92 	1 	150.70 	0.78 	0 	-3	 2.61	 150.41 
