#Time(ms)	 Value 	 Validity 	 avgValue 	 Diff 	 Outliers 	 invalidReason	 SD 
200	 -1.00 	0 	0.00 	1.00 	0 	0	 0.00	 0.00 
300	 152.41 	0 	76.20 	76.20 	0 	76.20	 15.34	 106.69 
400	 172.44 	0 	124.32 	48.12 	0 	48.12	 15.81	 152.71 
500	 173.24 	1 	148.78 	24.46 	0 	-3	 14.31	 167.08 
600	 174.39 	1 	161.59 	12.80 	0 	-3	 12.99	 172.20 
700	 179.02 	1 	170.30 	8.72 	0 	-3	 12.16	 176.97 
800	 175.37 	1 	172.84 	2.53 	0 	-3	 11.31	 175.85 
900	 168.43 	1 	170.63 	2.20 	0 	-3	 10.87	 170.66 
1000	 149.03 	1 	159.83 	10.80 	0 	-3	 11.72	 155.52 
1100	 185.70 	1 	172.77 	12.93 	0 	-3	 14.22	 176.65 
1200	 145.74 	1 	159.25 	13.51 	0 	-3	 16.79	 155.01 
1300	 150.90 	1 	155.08 	4.18 	0 	-3	 15.63	 152.13 
1400	 153.66 	1 	154.37 	0.71 	0 	-3	 14.34	 153.20 
1500	 129.37 	1 	141.87 	12.50 	0 	-3	 15.34	 136.52 
1600	 150.46 	1 	146.16 	4.30 	0 	-3	 15.91	 146.28 
1700	 143.43 	1 	144.80 	1.37 	0 	-3	 15.02	 144.28 
1800	 165.23 	1 	155.01 	10.22 	0 	-3	 15.70	 158.95 
1900	 155.53 	1 	155.27 	0.26 	0 	-3	 15.10	 156.55 
2000	 150.01 	1 	152.64 	2.63 	0 	-3	 14.14	 151.97 
2100	 167.81 	1 	160.23 	7.58 	0 	-3	 14.51	 163.06 
2200	 174.93 	1 	167.58 	7.35 	0 	-3	 13.77	 171.37 
2300	 164.07 	1 	165.82 	1.75 	0 	-3	 13.48	 166.26 
2400	 162.38 	1 	164.10 	1.72 	0 	-3	 12.30	 163.54 
2500	 179.20 	1 	171.65 	7.55 	0 	-3	 12.75	 174.50 
2600	 152.68 	1 	162.17 	9.49 	0 	-3	 14.13	 159.23 
2700	 185.16 	1 	173.66 	11.50 	0 	-3	 15.96	 177.38 
2800	 150.01 	1 	161.84 	11.83 	0 	-3	 17.88	 158.22 
2900	 155.26 	1 	158.55 	3.29 	0 	-3	 16.62	 156.15 
3000	 158.64 	1 	158.59 	0.05 	0 	-3	 15.30	 157.89 
3100	 93.59 	0 	126.09 	32.50 	0 	32.50	 20.27	 112.88 
3200	 149.74 	1 	137.92 	11.82 	0 	-3	 23.86	 138.68 
3300	 132.84 	1 	135.38 	2.54 	0 	-3	 23.16	 134.59 
3400	 153.48 	1 	144.43 	9.05 	0 	-3	 22.91	 147.81 
3500	 91.81 	0 	118.12 	26.31 	0 	26.31	 26.79	 108.61 
3600	 143.52 	1 	130.82 	12.70 	0 	-3	 29.28	 133.05 
3700	 -1.00 	0 	130.82 	131.82 	0 	0	 29.28	 133.05 
3800	 -1.00 	0 	130.82 	131.82 	0 	0	 29.28	 133.05 
3900	 151.17 	1 	140.99 	10.18 	0 	-3	 41.57	 145.73 
4000	 94.84 	1 	117.92 	23.08 	0 	-3	 43.04	 110.11 
4100	 148.32 	1 	133.12 	15.20 	0 	-3	 44.09	 136.86 
4200	 93.59 	1 	113.35 	19.76 	0 	-3	 45.15	 106.57 
4300	 154.73 	1 	134.04 	20.69 	0 	-3	 46.75	 140.28 
4400	 141.74 	1 	137.89 	3.85 	0 	-3	 43.37	 141.30 
4500	 150.81 	1 	144.35 	6.46 	0 	-3	 39.94	 147.96 
4600	 161.05 	1 	152.70 	8.35 	0 	-3	 36.97	 157.12 
4700	 149.48 	1 	151.09 	1.61 	0 	-3	 34.43	 151.77 
4800	 103.65 	1 	127.37 	23.72 	0 	-3	 35.57	 118.09 
4900	 162.91 	1 	145.14 	17.77 	0 	-3	 37.94	 149.46 
5000	 93.59 	0 	119.37 	25.78 	0 	25.78	 41.08	 110.35 
5100	 95.19 	1 	107.28 	12.09 	0 	-3	 37.13	 99.74 
5200	 72.50 	1 	89.89 	17.39 	0 	-3	 35.69	 80.67 
5300	 94.84 	1 	92.36 	2.48 	0 	-3	 34.35	 90.59 
5400	 90.03 	1 	91.20 	1.17 	0 	-3	 31.40	 90.20 
5500	 164.69 	0 	127.94 	36.75 	0 	36.75	 35.72	 142.34 
5600	 162.91 	1 	145.43 	17.48 	0 	-3	 32.33	 156.74 
5700	 163.09 	1 	154.26 	8.83 	0 	-3	 29.12	 161.18 
5800	 176.35 	1 	165.30 	11.05 	0 	-3	 27.53	 171.80 
5900	 90.75 	0 	128.03 	37.28 	0 	37.28	 33.34	 115.07 
6000	 162.74 	1 	145.38 	17.36 	0 	-3	 37.20	 148.44 
6100	 165.32 	1 	155.35 	9.97 	0 	-3	 33.74	 160.26 
6200	 86.30 	0 	120.83 	34.53 	0 	34.53	 38.27	 108.49 
6300	 159.89 	1 	140.36 	19.53 	0 	-3	 41.80	 144.47 
6400	 163.45 	1 	151.90 	11.55 	0 	-3	 37.98	 157.76 
6500	 159.27 	1 	155.59 	3.68 	0 	-3	 34.60	 158.82 
6600	 159.71 	1 	157.65 	2.06 	0 	-3	 31.18	 159.44 
6700	 159.89 	1 	158.77 	1.12 	0 	-3	 28.08	 159.76 
6800	 78.38 	0 	118.57 	40.19 	0 	40.19	 33.42	 102.79 
6900	 173.95 	1 	146.26 	27.69 	0 	-3	 39.64	 152.60 
7000	 173.15 	1 	159.71 	13.44 	0 	-3	 35.75	 166.99 
7100	 -1.00 	0 	159.71 	160.71 	0 	0	 35.75	 166.99 
7200	 157.66 	1 	158.68 	1.02 	0 	-3	 48.04	 160.46 
7300	 155.35 	1 	157.02 	1.67 	0 	-3	 43.47	 156.88 
7400	 154.02 	1 	155.52 	1.50 	0 	-3	 39.26	 154.88 
7500	 107.83 	1 	131.67 	23.84 	0 	-3	 39.95	 121.94 
7600	 157.49 	1 	144.58 	12.91 	0 	-3	 40.92	 146.83 
7700	 89.32 	0 	116.95 	27.63 	0 	27.63	 43.65	 106.57 
7800	 153.93 	1 	135.44 	18.49 	0 	-3	 45.74	 139.72 
7900	 156.33 	1 	145.89 	10.44 	0 	-3	 41.41	 151.35 
8000	 82.83 	0 	114.36 	31.53 	0 	31.53	 44.62	 103.39 
8100	 91.64 	1 	103.00 	11.36 	0 	-3	 41.04	 95.16 
8200	 155.88 	0 	129.44 	26.44 	0 	26.44	 43.36	 137.67 
8300	 158.20 	1 	143.82 	14.38 	0 	-3	 39.25	 152.04 
8400	 82.83 	0 	113.32 	30.49 	0 	30.49	 42.87	 103.59 
8500	 147.70 	1 	130.51 	17.19 	0 	-3	 45.07	 134.47 
8600	 76.60 	0 	103.56 	26.96 	0 	26.96	 47.67	 93.96 
8700	 78.55 	1 	91.05 	12.50 	0 	-3	 43.10	 83.17 
8800	 138.89 	0 	114.97 	23.92 	0 	23.92	 44.82	 122.17 
8900	 156.42 	1 	135.70 	20.72 	0 	-3	 42.09	 146.15 
9000	 83.98 	0 	109.84 	25.86 	0 	25.86	 45.13	 102.63 
9100	 154.91 	1 	132.37 	22.54 	0 	-3	 47.71	 139.23 
9200	 130.17 	1 	131.27 	1.10 	0 	-3	 45.41	 132.89 
9300	 126.96 	1 	129.12 	2.16 	0 	-3	 41.19	 128.74 
9400	 16.17 	0 	72.64 	56.47 	0 	56.47	 48.15	 49.94 
9500	 157.40 	0 	115.02 	42.38 	0 	42.38	 57.46	 125.16 
9600	 153.04 	1 	134.03 	19.01 	0 	-3	 52.15	 144.68 
9700	 152.68 	1 	143.36 	9.32 	0 	-3	 46.97	 150.28 
9800	 70.37 	0 	106.86 	36.49 	0 	36.49	 50.50	 94.34 
9900	 149.92 	1 	128.39 	21.53 	0 	-3	 53.41	 133.25 
10000	 148.14 	1 	138.27 	9.87 	0 	-3	 48.25	 143.67 
10100	 144.32 	1 	141.29 	3.03 	0 	-3	 43.80	 144.13 
10200	 138.00 	1 	139.65 	1.65 	0 	-3	 40.05	 139.84 
10300	 10.21 	0 	74.93 	64.72 	0 	64.72	 48.83	 49.10 
10400	 63.52 	1 	69.22 	5.70 	0 	-3	 49.28	 59.19 
10500	 55.95 	1 	62.59 	6.64 	0 	-3	 45.11	 56.92 
10600	 70.63 	1 	66.61 	4.02 	0 	-3	 42.06	 66.52 
10700	 138.00 	0 	102.30 	35.70 	0 	35.70	 44.59	 116.56 
10800	 -1.00 	0 	102.30 	103.30 	0 	0	 44.59	 116.56 
10900	 -1.00 	0 	102.30 	103.30 	0 	0	 44.59	 116.56 
11000	 55.86 	0 	79.08 	23.22 	0 	23.22	 45.82	 74.07 
11100	 127.59 	0 	103.34 	24.25 	0 	24.25	 48.41	 111.53 
11200	 73.30 	1 	88.32 	15.02 	0 	-3	 49.00	 84.77 
11300	 109.79 	1 	99.05 	10.74 	0 	-3	 47.75	 102.28 
11400	 -1.00 	0 	99.05 	100.05 	0 	0	 47.75	 102.28 
11500	 109.97 	1 	104.51 	5.46 	0 	-3	 54.07	 107.66 
11600	 120.47 	1 	112.49 	7.98 	0 	-3	 49.71	 116.63 
11700	 115.04 	1 	113.77 	1.27 	0 	-3	 45.29	 115.52 
11800	 107.03 	1 	110.40 	3.37 	0 	-3	 41.56	 109.58 
11900	 122.07 	1 	116.23 	5.84 	0 	-3	 38.91	 118.32 
12000	 121.36 	1 	118.80 	2.56 	0 	-3	 35.09	 120.45 
12100	 140.93 	1 	129.86 	11.07 	0 	-3	 33.53	 134.79 
12200	 145.74 	1 	137.80 	7.94 	0 	-3	 30.66	 142.45 
12300	 164.78 	1 	151.29 	13.49 	0 	-3	 29.50	 158.08 
12400	 144.94 	1 	148.12 	3.18 	0 	-3	 28.53	 148.88 
12500	 136.40 	1 	142.26 	5.86 	0 	-3	 26.53	 140.14 
12600	 141.29 	1 	141.77 	0.48 	0 	-3	 24.37	 140.95 
12700	 160.60 	1 	151.19 	9.41 	0 	-3	 23.86	 154.70 
12800	 130.97 	1 	141.08 	10.11 	0 	-3	 24.44	 138.09 
12900	 144.32 	1 	142.70 	1.62 	0 	-3	 23.33	 142.45 
13000	 133.82 	1 	138.26 	4.44 	0 	-3	 22.05	 136.41 
13100	 142.98 	1 	140.62 	2.36 	0 	-3	 20.76	 141.01 
13200	 141.74 	1 	141.18 	0.56 	0 	-3	 18.81	 141.52 
13300	 142.98 	1 	142.08 	0.90 	0 	-3	 17.05	 142.54 
13400	 130.43 	1 	136.25 	5.82 	0 	-3	 16.60	 134.06 
13500	 130.52 	1 	133.39 	2.87 	0 	-3	 14.95	 131.58 
13600	 142.98 	1 	138.18 	4.80 	0 	-3	 14.70	 139.56 
13700	 133.28 	1 	135.73 	2.45 	0 	-3	 14.20	 135.16 
13800	 147.25 	1 	141.49 	5.76 	0 	-3	 14.18	 143.62 
13900	 146.99 	1 	144.24 	2.75 	0 	-3	 12.79	 145.98 
14000	 144.94 	1 	144.59 	0.35 	0 	-3	 11.71	 145.25 
14100	 147.79 	1 	146.19 	1.60 	0 	-3	 10.83	 147.03 
14200	 144.05 	1 	145.12 	1.07 	0 	-3	 10.12	 144.94 
14300	 144.40 	1 	144.76 	0.36 	0 	-3	 9.14	 144.56 
14400	 143.07 	1 	143.92 	0.85 	0 	-3	 8.36	 143.52 
14500	 144.14 	1 	144.03 	0.11 	0 	-3	 7.63	 143.95 
14600	 144.40 	1 	144.21 	0.19 	0 	-3	 6.89	 144.27 
14700	 145.29 	1 	144.75 	0.54 	0 	-3	 6.29	 144.98 
14800	 136.66 	1 	140.71 	4.05 	0 	-3	 6.53	 139.16 
14900	 145.83 	1 	143.27 	2.56 	0 	-3	 6.79	 143.83 
15000	 138.26 	1 	140.76 	2.50 	0 	-3	 6.87	 139.93 
15100	 147.43 	1 	144.10 	3.33 	0 	-3	 7.10	 145.18 
15200	 141.29 	1 	142.69 	1.40 	0 	-3	 7.00	 142.46 
15300	 143.52 	1 	143.11 	0.41 	0 	-3	 6.53	 143.20 
15400	 144.14 	1 	143.62 	0.52 	0 	-3	 5.94	 143.86 
15500	 145.83 	1 	144.73 	1.10 	0 	-3	 5.51	 145.24 
15600	 148.41 	1 	146.57 	1.84 	0 	-3	 5.22	 147.46 
15700	 141.38 	1 	143.97 	2.59 	0 	-3	 5.40	 143.20 
15800	 149.12 	1 	146.55 	2.57 	0 	-3	 5.63	 147.35 
15900	 133.82 	1 	140.18 	6.36 	0 	-3	 6.60	 137.88 
16000	 137.29 	1 	138.74 	1.45 	0 	-3	 6.29	 137.47 
16100	 141.82 	1 	140.28 	1.54 	0 	-3	 6.11	 140.51 
16200	 142.98 	1 	141.63 	1.35 	0 	-3	 5.62	 142.24 
16300	 134.97 	1 	138.30 	3.33 	0 	-3	 5.86	 137.15 
16400	 132.75 	1 	135.52 	2.77 	0 	-3	 5.49	 134.07 
16500	 141.91 	1 	138.72 	3.19 	0 	-3	 5.86	 139.56 
16600	 145.83 	1 	142.27 	3.56 	0 	-3	 5.66	 143.95 
16700	 143.60 	1 	142.94 	0.66 	0 	-3	 5.32	 143.70 
16800	 142.36 	1 	142.65 	0.29 	0 	-3	 4.91	 142.76 
16900	 142.98 	1 	142.81 	0.17 	0 	-3	 4.48	 142.92 
17000	 141.91 	1 	142.36 	0.45 	0 	-3	 4.14	 142.21 
17100	 144.14 	1 	143.25 	0.89 	0 	-3	 3.95	 143.56 
17200	 144.23 	1 	143.74 	0.49 	0 	-3	 3.57	 144.03 
17300	 144.14 	1 	143.94 	0.20 	0 	-3	 3.22	 144.11 
17400	 142.45 	1 	143.20 	0.75 	0 	-3	 3.06	 142.95 
17500	 145.29 	1 	144.24 	1.05 	0 	-3	 3.04	 144.59 
17600	 142.45 	1 	143.35 	0.90 	0 	-3	 3.02	 143.09 
17700	 134.44 	1 	138.89 	4.45 	0 	-3	 3.52	 137.04 
17800	 142.54 	1 	140.72 	1.82 	0 	-3	 3.98	 140.89 
17900	 142.80 	1 	141.76 	1.04 	0 	-3	 3.61	 142.23 
18000	 143.87 	1 	142.81 	1.06 	0 	-3	 3.35	 143.38 
18100	 145.83 	1 	144.32 	1.51 	0 	-3	 3.21	 145.09 
18200	 145.56 	1 	144.94 	0.62 	0 	-3	 2.92	 145.42 
18300	 143.60 	1 	144.27 	0.67 	0 	-3	 2.82	 144.15 
18400	 144.76 	1 	144.52 	0.24 	0 	-3	 2.66	 144.58 
18500	 136.04 	1 	140.28 	4.24 	0 	-3	 3.26	 138.60 
18600	 143.52 	1 	141.90 	1.62 	0 	-3	 3.69	 142.04 
18700	 145.38 	1 	143.64 	1.74 	0 	-3	 3.50	 144.38 
18800	 146.99 	1 	145.31 	1.68 	0 	-3	 3.31	 146.21 
18900	 135.60 	1 	140.46 	4.86 	0 	-3	 4.12	 138.78 
19000	 147.34 	1 	143.90 	3.44 	0 	-3	 4.88	 144.77 
19100	 134.97 	1 	139.43 	4.46 	0 	-3	 5.63	 137.91 
19200	 145.92 	1 	142.68 	3.24 	0 	-3	 6.16	 143.52 
19300	 146.36 	1 	144.52 	1.84 	0 	-3	 5.59	 145.51 
19400	 136.57 	1 	140.54 	3.97 	0 	-3	 6.01	 139.25 
19500	 143.60 	1 	142.07 	1.53 	0 	-3	 6.11	 142.30 
19600	 143.69 	1 	142.88 	0.81 	0 	-3	 5.51	 143.27 
19700	 134.35 	1 	138.62 	4.27 	0 	-3	 5.89	 137.03 
19800	 144.76 	1 	141.69 	3.07 	0 	-3	 6.35	 142.44 
19900	 146.72 	1 	144.20 	2.52 	0 	-3	 5.91	 145.44 
20000	 143.60 	1 	143.90 	0.30 	0 	-3	 5.63	 144.15 
20100	 145.92 	1 	144.91 	1.01 	0 	-3	 5.30	 145.39 
