#Time(ms)	 Value 	 Validity 	 avgValue 	 Diff 	 Outliers 	 invalidReason	 SD 
200	 -1.00 	0 	0.00 	1.00 	0 	0	 0.00	 0.00 
300	 -1.00 	0 	0.00 	1.00 	0 	0	 0.00	 0.00 
400	 10.21 	0 	5.11 	5.11 	0 	5.11	 1.12	 7.15 
500	 8.52 	0 	6.81 	1.71 	0 	1.71	 1.18	 8.11 
600	 8.61 	1 	7.71 	0.90 	0 	-3	 1.07	 8.46 
700	 8.61 	1 	8.16 	0.45 	0 	-3	 0.96	 8.56 
800	 8.61 	1 	8.39 	0.22 	0 	-3	 0.87	 8.60 
900	 8.70 	1 	8.54 	0.16 	0 	-3	 0.79	 8.67 
1000	 8.52 	1 	8.53 	0.01 	0 	-3	 0.73	 8.56 
1100	 8.61 	1 	8.57 	0.04 	0 	-3	 0.66	 8.60 
1200	 8.61 	1 	8.59 	0.02 	0 	-3	 0.60	 8.61 
1300	 9.05 	1 	8.82 	0.23 	0 	-3	 0.58	 8.92 
1400	 13.15 	1 	10.99 	2.16 	0 	-3	 0.93	 11.88 
1500	 16.89 	0 	13.94 	2.95 	0 	2.95	 1.21	 15.39 
1600	 19.91 	1 	16.92 	2.99 	0 	-3	 1.39	 18.55 
1700	 25.96 	0 	21.44 	4.52 	0 	4.52	 1.86	 23.74 
1800	 33.44 	0 	27.44 	6.00 	0 	6.00	 2.42	 30.53 
1900	 40.56 	1 	34.00 	6.56 	0 	-3	 2.89	 37.55 
2000	 48.30 	1 	41.15 	7.15 	0 	-3	 3.38	 45.08 
2100	 52.12 	1 	46.64 	5.48 	0 	-3	 3.42	 50.01 
2200	 64.23 	1 	55.43 	8.80 	0 	-3	 4.29	 59.96 
2300	 63.34 	1 	59.39 	3.95 	0 	-3	 3.95	 62.33 
2400	 64.76 	1 	62.07 	2.69 	0 	-3	 3.70	 64.03 
2500	 69.30 	1 	65.69 	3.61 	0 	-3	 3.78	 67.72 
2600	 68.23 	1 	66.96 	1.27 	0 	-3	 3.51	 68.08 
2700	 69.21 	1 	68.08 	1.13 	0 	-3	 3.26	 68.87 
2800	 69.74 	1 	68.91 	0.83 	0 	-3	 2.98	 69.48 
2900	 70.72 	1 	69.82 	0.90 	0 	-3	 2.78	 70.35 
3000	 68.05 	1 	68.93 	0.88 	0 	-3	 2.77	 68.74 
3100	 66.90 	1 	67.92 	1.02 	0 	-3	 2.61	 67.45 
3200	 62.27 	1 	65.09 	2.82 	0 	-3	 2.81	 63.82 
3300	 -1.00 	0 	65.09 	66.09 	0 	0	 2.81	 63.82 
3400	 59.69 	1 	62.39 	2.70 	0 	-3	 8.60	 60.93 
3500	 56.84 	1 	59.62 	2.78 	0 	-3	 8.03	 58.07 
3600	 53.82 	1 	56.72 	2.90 	0 	-3	 7.52	 55.09 
3700	 54.26 	1 	55.49 	1.23 	0 	-3	 6.82	 54.51 
3800	 52.39 	1 	53.94 	1.55 	0 	-3	 6.32	 53.03 
3900	 56.93 	1 	55.43 	1.50 	0 	-3	 6.14	 55.76 
4000	 59.69 	1 	57.56 	2.13 	0 	-3	 5.81	 58.51 
4100	 58.09 	1 	57.83 	0.26 	0 	-3	 5.38	 58.22 
4200	 63.87 	1 	60.85 	3.02 	0 	-3	 5.42	 62.17 
4300	 61.11 	1 	60.98 	0.13 	0 	-3	 5.16	 61.43 
4400	 62.89 	1 	61.93 	0.96 	0 	-3	 4.82	 62.45 
4500	 64.49 	1 	63.21 	1.28 	0 	-3	 4.50	 63.88 
4600	 63.16 	1 	63.19 	0.03 	0 	-3	 4.18	 63.38 
4700	 66.18 	1 	64.68 	1.50 	0 	-3	 4.06	 65.34 
4800	 66.36 	1 	65.52 	0.84 	0 	-3	 3.68	 66.05 
4900	 69.66 	1 	67.59 	2.07 	0 	-3	 3.64	 68.58 
5000	 68.50 	1 	68.05 	0.45 	0 	-3	 3.39	 68.52 
5100	 67.61 	1 	67.83 	0.22 	0 	-3	 3.14	 67.88 
5200	 69.21 	1 	68.52 	0.69 	0 	-3	 2.99	 68.81 
5300	 69.03 	1 	68.77 	0.26 	0 	-3	 2.71	 68.96 
5400	 73.39 	1 	71.08 	2.31 	0 	-3	 2.87	 72.06 
5500	 73.93 	1 	72.51 	1.42 	0 	-3	 2.64	 73.37 
5600	 84.69 	1 	78.60 	6.09 	0 	-3	 3.45	 81.29 
5700	 80.87 	1 	79.73 	1.14 	0 	-3	 3.49	 81.00 
5800	 82.83 	1 	81.28 	1.55 	0 	-3	 3.33	 82.28 
5900	 162.47 	0 	121.88 	40.59 	0 	40.59	 10.97	 138.41 
6000	 81.67 	1 	101.77 	20.10 	0 	-3	 17.95	 98.69 
6100	 79.80 	1 	90.79 	10.99 	0 	-3	 16.34	 85.47 
6200	 78.55 	1 	84.67 	6.12 	0 	-3	 14.83	 80.63 
6300	 76.06 	1 	80.36 	4.30 	0 	-3	 13.60	 77.43 
6400	 71.61 	1 	75.99 	4.38 	0 	-3	 12.68	 73.36 
6500	 70.37 	1 	73.18 	2.81 	0 	-3	 11.54	 71.27 
6600	 72.32 	1 	72.75 	0.43 	0 	-3	 10.58	 72.00 
6700	 68.85 	1 	70.80 	1.95 	0 	-3	 9.87	 69.80 
6800	 65.29 	1 	68.04 	2.75 	0 	-3	 9.24	 66.64 
6900	 66.01 	1 	67.03 	1.02 	0 	-3	 8.39	 66.20 
7000	 65.21 	1 	66.12 	0.91 	0 	-3	 7.63	 65.51 
7100	 67.16 	1 	66.64 	0.52 	0 	-3	 7.06	 66.66 
7200	 65.65 	1 	66.14 	0.49 	0 	-3	 6.50	 65.95 
7300	 63.25 	1 	64.70 	1.45 	0 	-3	 6.09	 64.06 
7400	 63.34 	1 	64.02 	0.68 	0 	-3	 5.49	 63.56 
7500	 65.21 	1 	64.61 	0.60 	0 	-3	 5.13	 64.71 
7600	 64.49 	1 	64.55 	0.06 	0 	-3	 4.69	 64.56 
7700	 66.72 	1 	65.64 	1.08 	0 	-3	 4.44	 66.07 
7800	 66.36 	1 	66.00 	0.36 	0 	-3	 4.04	 66.27 
7900	 74.46 	1 	70.23 	4.23 	0 	-3	 4.44	 72.00 
8000	 69.03 	1 	69.63 	0.60 	0 	-3	 4.54	 69.92 
8100	 73.48 	1 	71.55 	1.93 	0 	-3	 4.53	 72.41 
8200	 72.06 	1 	71.81 	0.25 	0 	-3	 4.22	 72.17 
8300	 69.92 	1 	70.86 	0.94 	0 	-3	 4.01	 70.59 
8400	 70.10 	1 	70.48 	0.38 	0 	-3	 3.63	 70.25 
8500	 69.12 	1 	69.80 	0.68 	0 	-3	 3.36	 69.46 
8600	 66.45 	1 	68.13 	1.68 	0 	-3	 3.30	 67.35 
8700	 69.39 	1 	68.76 	0.63 	0 	-3	 3.26	 68.78 
8800	 68.05 	1 	68.40 	0.35 	0 	-3	 3.07	 68.27 
8900	 67.96 	1 	68.18 	0.22 	0 	-3	 2.77	 68.05 
9000	 69.74 	1 	68.96 	0.78 	0 	-3	 2.67	 69.23 
9100	 71.52 	1 	70.24 	1.28 	0 	-3	 2.58	 70.83 
9200	 73.48 	1 	71.86 	1.62 	0 	-3	 2.52	 72.69 
9300	 77.58 	1 	74.72 	2.86 	0 	-3	 2.68	 76.11 
9400	 77.75 	1 	76.24 	1.51 	0 	-3	 2.43	 77.26 
9500	 78.82 	1 	77.53 	1.29 	0 	-3	 2.29	 78.35 
9600	 81.49 	1 	79.51 	1.98 	0 	-3	 2.33	 80.55 
9700	 81.85 	1 	80.68 	1.17 	0 	-3	 2.13	 81.46 
9800	 85.23 	1 	82.95 	2.28 	0 	-3	 2.26	 84.10 
9900	 81.22 	1 	82.09 	0.87 	0 	-3	 2.43	 82.08 
10000	 81.67 	1 	81.88 	0.21 	0 	-3	 2.23	 81.79 
10100	 83.45 	1 	82.66 	0.79 	0 	-3	 2.19	 82.95 
10200	 82.02 	1 	82.34 	0.32 	0 	-3	 2.11	 82.30 
10300	 147.70 	0 	115.02 	32.68 	0 	32.68	 8.47	 128.08 
10400	 80.60 	1 	97.81 	17.21 	0 	-3	 14.33	 94.84 
10500	 78.64 	1 	88.23 	9.59 	0 	-3	 13.10	 83.50 
10600	 73.75 	1 	80.99 	7.24 	0 	-3	 12.27	 76.68 
10700	 68.85 	1 	74.92 	6.07 	0 	-3	 11.54	 71.20 
10800	 67.34 	1 	71.13 	3.79 	0 	-3	 10.53	 68.50 
10900	 59.87 	1 	65.50 	5.63 	0 	-3	 10.23	 62.46 
11000	 58.80 	1 	62.15 	3.35 	0 	-3	 9.31	 59.90 
11100	 50.61 	1 	56.38 	5.77 	0 	-3	 9.20	 53.40 
11200	 47.50 	1 	51.94 	4.44 	0 	-3	 8.59	 49.27 
11300	 38.42 	1 	45.18 	6.76 	0 	-3	 8.64	 41.67 
11400	 32.10 	1 	38.64 	6.54 	0 	-3	 8.41	 34.97 
11500	 30.14 	1 	34.39 	4.25 	0 	-3	 7.76	 31.59 
11600	 25.25 	1 	29.82 	4.57 	0 	-3	 7.48	 27.15 
11700	 18.67 	0 	24.24 	5.57 	0 	5.57	 7.39	 21.21 
11800	 16.53 	1 	20.39 	3.86 	0 	-3	 6.86	 17.94 
11900	 11.10 	0 	15.74 	4.64 	0 	4.64	 6.72	 13.15 
12000	 12.35 	1 	14.05 	1.70 	0 	-3	 6.17	 12.59 
12100	 8.88 	0 	11.46 	2.58 	0 	2.58	 5.90	 9.99 
12200	 8.79 	1 	10.13 	1.34 	0 	-3	 5.32	 9.15 
12300	 8.61 	1 	9.37 	0.76 	0 	-3	 4.81	 8.77 
12400	 10.30 	1 	9.83 	0.47 	0 	-3	 4.49	 9.84 
12500	 10.83 	1 	10.33 	0.50 	0 	-3	 4.10	 10.53 
12600	 10.83 	1 	10.58 	0.25 	0 	-3	 3.69	 10.74 
12700	 10.30 	1 	10.44 	0.14 	0 	-3	 3.37	 10.43 
12800	 10.83 	1 	10.64 	0.19 	0 	-3	 3.09	 10.71 
12900	 -1.00 	0 	10.64 	11.64 	0 	0	 3.09	 10.71 
13000	 10.83 	1 	10.73 	0.10 	0 	-3	 3.96	 10.79 
13100	 8.43 	1 	9.58 	1.15 	0 	-3	 3.81	 9.14 
13200	 9.77 	1 	9.68 	0.09 	0 	-3	 3.56	 9.58 
13300	 8.52 	1 	9.10 	0.58 	0 	-3	 3.33	 8.84 
13400	 10.83 	1 	9.96 	0.87 	0 	-3	 3.23	 10.23 
13500	 10.83 	1 	10.40 	0.43 	0 	-3	 2.90	 10.65 
13600	 8.52 	1 	9.46 	0.94 	0 	-3	 2.84	 9.16 
13700	 10.39 	1 	9.92 	0.47 	0 	-3	 2.75	 10.02 
13800	 10.30 	1 	10.11 	0.19 	0 	-3	 2.48	 10.22 
13900	 8.52 	1 	9.32 	0.80 	0 	-3	 2.41	 9.03 
14000	 10.21 	1 	9.76 	0.45 	0 	-3	 2.34	 9.86 
14100	 10.30 	1 	10.03 	0.27 	0 	-3	 2.11	 10.17 
14200	 8.43 	1 	9.23 	0.80 	0 	-3	 2.09	 8.95 
14300	 8.88 	1 	9.06 	0.18 	0 	-3	 1.93	 8.90 
14400	 8.43 	1 	8.74 	0.31 	0 	-3	 1.78	 8.57 
14500	 8.52 	1 	8.63 	0.11 	0 	-3	 1.61	 8.54 
14600	 10.30 	1 	9.47 	0.83 	0 	-3	 1.63	 9.77 
14700	 8.52 	1 	8.99 	0.47 	0 	-3	 1.64	 8.90 
14800	 10.83 	1 	9.91 	0.92 	0 	-3	 1.71	 10.25 
14900	 8.52 	1 	9.22 	0.70 	0 	-3	 1.77	 9.04 
15000	 10.83 	1 	10.02 	0.81 	0 	-3	 1.82	 10.29 
15100	 8.52 	1 	9.27 	0.75 	0 	-3	 1.87	 9.05 
15200	 8.52 	1 	8.90 	0.38 	0 	-3	 1.68	 8.68 
15300	 9.86 	1 	9.38 	0.48 	0 	-3	 1.65	 9.51 
15400	 8.52 	1 	8.95 	0.43 	0 	-3	 1.62	 8.82 
15500	 8.61 	1 	8.78 	0.17 	0 	-3	 1.47	 8.67 
15600	 10.21 	1 	9.49 	0.72 	0 	-3	 1.48	 9.75 
15700	 8.52 	1 	9.01 	0.49 	0 	-3	 1.50	 8.89 
15800	 8.52 	1 	8.76 	0.24 	0 	-3	 1.35	 8.63 
15900	 10.83 	1 	9.80 	1.03 	0 	-3	 1.45	 10.17 
16000	 10.48 	1 	10.14 	0.34 	0 	-3	 1.34	 10.39 
16100	 8.52 	1 	9.33 	0.81 	0 	-3	 1.40	 9.08 
16200	 8.43 	1 	8.88 	0.45 	0 	-3	 1.27	 8.63 
16300	 10.83 	1 	9.85 	0.98 	0 	-3	 1.38	 10.17 
16400	 10.83 	1 	10.34 	0.49 	0 	-3	 1.24	 10.63 
16500	 8.52 	1 	9.43 	0.91 	0 	-3	 1.35	 9.15 
16600	 8.52 	1 	8.98 	0.46 	0 	-3	 1.21	 8.71 
16700	 8.52 	1 	8.75 	0.23 	0 	-3	 1.09	 8.58 
16800	 8.43 	1 	8.59 	0.16 	0 	-3	 0.99	 8.47 
16900	 8.52 	1 	8.55 	0.03 	0 	-3	 0.90	 8.51 
17000	 8.52 	1 	8.54 	0.02 	0 	-3	 0.81	 8.52 
17100	 8.52 	1 	8.53 	0.01 	0 	-3	 0.73	 8.52 
17200	 8.52 	1 	8.52 	0.00 	0 	-3	 0.66	 8.52 
17300	 8.52 	1 	8.52 	0.00 	0 	-3	 0.59	 8.52 
17400	 8.52 	1 	8.52 	0.00 	0 	-3	 0.53	 8.52 
17500	 8.61 	1 	8.57 	0.04 	0 	-3	 0.49	 8.58 
17600	 8.61 	1 	8.59 	0.02 	0 	-3	 0.44	 8.60 
17700	 10.83 	1 	9.71 	1.12 	0 	-3	 0.62	 10.16 
17800	 8.52 	1 	9.11 	0.59 	0 	-3	 0.79	 9.01 
17900	 8.79 	1 	8.95 	0.16 	0 	-3	 0.74	 8.86 
18000	 10.21 	1 	9.58 	0.63 	0 	-3	 0.80	 9.80 
18100	 8.43 	1 	9.01 	0.58 	0 	-3	 0.90	 8.84 
18200	 10.21 	1 	9.61 	0.60 	0 	-3	 0.99	 9.80 
18300	 9.86 	1 	9.73 	0.13 	0 	-3	 0.93	 9.84 
18400	 8.52 	1 	9.13 	0.61 	0 	-3	 0.97	 8.92 
18500	 10.83 	1 	9.98 	0.85 	0 	-3	 1.10	 10.26 
18600	 9.86 	1 	9.92 	0.06 	0 	-3	 1.09	 9.98 
18700	 8.52 	1 	9.22 	0.70 	0 	-3	 1.11	 8.96 
18800	 8.52 	1 	8.87 	0.35 	0 	-3	 1.00	 8.65 
18900	 10.83 	1 	9.85 	0.98 	0 	-3	 1.13	 10.18 
19000	 8.79 	1 	9.32 	0.53 	0 	-3	 1.22	 9.21 
19100	 10.83 	1 	10.07 	0.76 	0 	-3	 1.31	 10.34 
19200	 8.52 	1 	9.30 	0.78 	0 	-3	 1.41	 9.07 
19300	 8.43 	1 	8.86 	0.43 	0 	-3	 1.27	 8.62 
19400	 10.92 	1 	9.89 	1.03 	0 	-3	 1.40	 10.23 
19500	 8.61 	1 	9.25 	0.64 	0 	-3	 1.49	 9.10 
19600	 8.79 	1 	9.02 	0.23 	0 	-3	 1.36	 8.88 
19700	 10.92 	1 	9.97 	0.95 	0 	-3	 1.43	 10.31 
19800	 8.52 	1 	9.25 	0.73 	0 	-3	 1.53	 9.06 
19900	 10.30 	1 	9.77 	0.53 	0 	-3	 1.56	 9.93 
20000	 8.61 	1 	9.19 	0.58 	0 	-3	 1.57	 9.01 
20100	 8.52 	1 	8.86 	0.34 	0 	-3	 1.42	 8.67 
