#Time(ms)	  xPos 	 yPos 	 zPos 	 xVal 	 yVal 	 zVal 	 State 	 oRoll 	 oPitch 	 oYaw 	 oThrottle 	 spX 	 spY 	 spZ 
200	 0.00	 0.00	 0.00	 0	 0	 0	 hover	 1500	 1500	 1500	 1000	 0.00	 0.00	 0.00
300	 0.00	 0.00	 0.00	 0	 0	 0	 hover	 1500	 1500	 1500	 1000	 0.00	 0.00	 0.00
400	 0.00	 0.00	 0.00	 0	 1	 0	 hover	 1500	 1500	 1500	 1000	 0.00	 0.00	 0.00
500	 0.00	 -1.60	 0.00	 1	 1	 0	 hover	 1503	 1500	 1500	 1000	 0.00	 0.00	 0.00
600	 3.25	 0.56	 0.00	 1	 1	 1	 hover	 1498	 1506	 1500	 1000	 0.00	 0.00	 0.00
700	 9.89	 -0.11	 0.10	 1	 1	 1	 hover	 1500	 1519	 1500	 1001	 0.00	 0.00	 0.00
800	 9.03	 -1.28	 -0.14	 1	 1	 1	 hover	 1502	 1518	 1500	 998	 0.00	 0.00	 0.00
900	 15.16	 4.06	 -0.21	 1	 1	 1	 hover	 1491	 1530	 1500	 997	 0.00	 0.00	 0.00
1000	 9.64	 -7.30	 -0.50	 1	 1	 1	 hover	 1514	 1519	 1500	 993	 0.00	 0.00	 0.00
1100	 18.09	 7.40	 -0.48	 1	 1	 1	 hover	 1485	 1536	 1500	 992	 0.00	 0.00	 0.00
1200	 8.53	 6.78	 -0.98	 1	 1	 1	 hover	 1486	 1517	 1500	 985	 0.00	 0.00	 0.00
1300	 10.21	 3.23	 -1.05	 1	 1	 1	 hover	 1493	 1520	 1500	 983	 0.00	 0.00	 0.00
1400	 12.57	 -5.26	 -3.79	 1	 1	 1	 hover	 1510	 1525	 1500	 948	 0.00	 0.00	 0.00
1500	 10.69	 6.91	 -21.74	 1	 1	 1	 hover	 1486	 1521	 1500	 725	 0.00	 0.00	 0.00
1600	 20.69	 5.91	 -21.74	 1	 1	 1	 hover	 1488	 1541	 1500	 681	 0.00	 0.00	 0.00
1700	 3.85	 10.05	 -21.74	 1	 1	 0	 hover	 1479	 1507	 1500	 681	 0.00	 0.00	 0.00
1800	 19.68	 17.71	 -21.74	 1	 1	 1	 hover	 1464	 1539	 1500	 638	 0.00	 0.00	 0.00
1900	 12.05	 4.77	 -21.79	 1	 1	 1	 hover	 1490	 1524	 1500	 593	 0.00	 0.00	 0.00
2000	 -15.11	 3.74	 -28.42	 1	 1	 1	 hover	 1492	 1469	 1500	 470	 0.00	 0.00	 0.00
2100	 -6.70	 -4.25	 -32.88	 1	 1	 1	 hover	 1508	 1486	 1500	 360	 0.00	 0.00	 0.00
2200	 4.29	 5.16	 -41.09	 1	 1	 1	 hover	 1489	 1508	 1500	 196	 0.00	 0.00	 0.00
2300	 0.21	 -13.48	 -42.65	 1	 1	 1	 hover	 1526	 1500	 1500	 95	 0.00	 0.00	 0.00
2400	 -3.54	 -16.78	 -46.89	 1	 1	 1	 hover	 1533	 1492	 1500	 -40	 0.00	 0.00	 0.00
2500	 5.43	 -18.95	 -48.98	 1	 1	 1	 hover	 1537	 1510	 1500	 -159	 0.00	 0.00	 0.00
2600	 -9.55	 -21.87	 -49.20	 1	 1	 1	 hover	 1543	 1480	 1500	 -260	 0.00	 0.00	 0.00
2700	 8.34	 -22.64	 -48.34	 1	 1	 1	 hover	 1545	 1516	 1500	 -348	 0.00	 0.00	 0.00
2800	 -9.18	 -20.89	 -51.79	 1	 1	 1	 hover	 1541	 1481	 1500	 -486	 0.00	 0.00	 0.00
2900	 -3.01	 -14.54	 -54.53	 1	 1	 1	 hover	 1529	 1493	 1500	 -623	 0.00	 0.00	 0.00
3000	 -9.59	 -21.90	 -53.09	 1	 1	 1	 hover	 1543	 1480	 1500	 -714	 0.00	 0.00	 0.00
3100	 -10.88	 -24.42	 -49.01	 1	 1	 1	 hover	 1548	 1478	 1500	 -771	 0.00	 0.00	 0.00
3200	 -11.94	 -20.01	 -44.16	 1	 1	 1	 hover	 1540	 1476	 1500	 -811	 0.00	 0.00	 0.00
3300	 -14.97	 -17.87	 -5.04	 1	 1	 1	 hover	 1535	 1470	 1500	 -430	 0.00	 0.00	 0.00
3400	 -1.75	 -24.03	 -5.75	 1	 1	 1	 hover	 1548	 1496	 1500	 -449	 0.00	 0.00	 0.00
3500	 -1.75	 -24.61	 -4.34	 1	 1	 1	 hover	 1549	 1496	 1500	 -443	 0.00	 0.00	 0.00
3600	 -1.75	 -29.08	 -8.14	 1	 1	 1	 hover	 1558	 1496	 1500	 -498	 0.00	 0.00	 0.00
3700	 -1.75	 -28.70	 -5.30	 1	 1	 1	 hover	 1557	 1496	 1500	 -480	 0.00	 0.00	 0.00
3800	 -0.53	 -23.30	 -3.64	 1	 1	 1	 hover	 1546	 1498	 1500	 -471	 0.00	 0.00	 0.00
3900	 -0.53	 -25.21	 -3.99	 1	 1	 1	 hover	 1550	 1498	 1500	 -482	 0.00	 0.00	 0.00
4000	 -36.15	 -26.91	 -6.89	 1	 1	 1	 hover	 1553	 1427	 1500	 -525	 0.00	 0.00	 0.00
4100	 -22.02	 -25.61	 -4.87	 1	 1	 1	 hover	 1551	 1455	 1500	 -514	 0.00	 0.00	 0.00
4200	 -39.69	 -29.54	 -8.15	 1	 1	 1	 hover	 1559	 1420	 1500	 -563	 0.00	 0.00	 0.00
4300	 -5.98	 -18.39	 -11.39	 1	 1	 1	 hover	 1536	 1488	 1500	 -619	 0.00	 0.00	 0.00
4400	 -5.40	 -18.28	 -7.80	 1	 1	 1	 hover	 1536	 1489	 1500	 -598	 0.00	 0.00	 0.00
4500	 7.53	 -27.84	 -10.30	 1	 1	 1	 hover	 1555	 1515	 1500	 -644	 0.00	 0.00	 0.00
4600	 2.14	 -19.13	 -12.01	 1	 1	 1	 hover	 1538	 1504	 1500	 -685	 0.00	 0.00	 0.00
4700	 5.51	 -22.69	 -12.00	 1	 1	 1	 hover	 1545	 1511	 1500	 -709	 0.00	 0.00	 0.00
4800	 -14.21	 -22.90	 -11.57	 1	 1	 1	 hover	 1545	 1471	 1500	 -728	 0.00	 0.00	 0.00
4900	 3.20	 -14.32	 -11.60	 1	 1	 1	 hover	 1528	 1506	 1500	 -751	 0.00	 0.00	 0.00
5000	 3.20	 -25.15	 -15.69	 1	 1	 1	 hover	 1550	 1506	 1500	 -824	 0.00	 0.00	 0.00
5100	 3.20	 -27.72	 -11.68	 1	 1	 1	 hover	 1555	 1506	 1500	 -807	 0.00	 0.00	 0.00
5200	 -7.89	 -30.03	 -15.61	 1	 1	 1	 hover	 1560	 1484	 1500	 -877	 0.00	 0.00	 0.00
5300	 -6.50	 -20.25	 -13.94	 1	 1	 1	 hover	 1540	 1486	 1500	 -889	 0.00	 0.00	 0.00
5400	 -6.34	 -20.69	 -17.28	 1	 1	 1	 hover	 1541	 1487	 1500	 -956	 0.00	 0.00	 0.00
5500	 -6.34	 -24.05	 -19.12	 0	 1	 1	 hover	 1548	 1500	 1500	 -1013	 0.00	 0.00	 0.00
5600	 -6.34	 -28.85	 -25.53	 1	 1	 1	 hover	 1557	 1487	 1500	 -1128	 0.00	 0.00	 0.00
5700	 -1.89	 -20.86	 -26.88	 1	 1	 1	 hover	 1541	 1496	 1500	 -1195	 0.00	 0.00	 0.00
5800	 8.72	 -17.05	 -24.90	 1	 1	 1	 hover	 1534	 1517	 1500	 -1225	 0.00	 0.00	 0.00
5900	 8.72	 -15.32	 -9.87	 1	 1	 1	 hover	 1530	 1517	 1500	 -1095	 0.00	 0.00	 0.00
6000	 7.01	 -18.88	 -21.64	 1	 1	 1	 hover	 1537	 1514	 1500	 -1256	 0.00	 0.00	 0.00
6100	 21.34	 -17.24	 -8.89	 1	 1	 1	 hover	 1534	 1542	 1500	 -1146	 0.00	 0.00	 0.00
6200	 21.34	 -18.91	 0.01	 0	 1	 1	 hover	 1537	 1500	 1500	 -1057	 0.00	 0.00	 0.00
6300	 21.34	 -12.47	 -0.12	 1	 1	 1	 hover	 1524	 1542	 1500	 -1059	 0.00	 0.00	 0.00
6400	 18.39	 -19.34	 5.63	 1	 1	 1	 hover	 1538	 1536	 1500	 -990	 0.00	 0.00	 0.00
6500	 16.32	 -22.42	 6.01	 1	 1	 1	 hover	 1544	 1532	 1500	 -974	 0.00	 0.00	 0.00
6600	 25.39	 -25.62	 -2.30	 1	 1	 1	 hover	 1551	 1550	 1500	 -1062	 0.00	 0.00	 0.00
6700	 36.63	 -27.66	 0.02	 1	 1	 1	 hover	 1555	 1573	 1500	 -1039	 0.00	 0.00	 0.00
6800	 36.63	 -20.54	 9.37	 0	 1	 1	 hover	 1541	 1500	 1500	 -926	 0.00	 0.00	 0.00
6900	 36.63	 -21.34	 5.52	 1	 1	 1	 hover	 1542	 1573	 1500	 -954	 0.00	 0.00	 0.00
7000	 51.01	 -23.06	 14.34	 1	 1	 1	 hover	 1546	 1602	 1500	 -837	 0.00	 0.00	 0.00
7100	 51.01	 -26.86	 13.88	 0	 1	 1	 hover	 1553	 1500	 1500	 -814	 0.00	 0.00	 0.00
7200	 51.01	 -18.20	 13.34	 1	 1	 1	 hover	 1536	 1602	 1500	 -793	 0.00	 0.00	 0.00
7300	 47.43	 -21.80	 17.05	 1	 1	 1	 hover	 1543	 1594	 1500	 -721	 0.00	 0.00	 0.00
7400	 45.43	 -22.63	 17.68	 1	 1	 1	 hover	 1545	 1590	 1500	 -680	 0.00	 0.00	 0.00
7500	 27.79	 -41.69	 16.40	 1	 1	 1	 hover	 1583	 1555	 1500	 -660	 0.00	 0.00	 0.00
7600	 46.36	 -25.31	 15.36	 1	 1	 1	 hover	 1550	 1592	 1500	 -639	 0.00	 0.00	 0.00
7700	 77.24	 -20.94	 15.31	 1	 1	 1	 hover	 1541	 1654	 1500	 -609	 0.00	 0.00	 0.00
7800	 57.44	 -22.32	 13.61	 1	 1	 1	 hover	 1544	 1614	 1500	 -599	 0.00	 0.00	 0.00
7900	 64.66	 -23.32	 6.32	 1	 1	 1	 hover	 1546	 1629	 1500	 -659	 0.00	 0.00	 0.00
8000	 27.73	 -17.39	 5.74	 1	 1	 1	 hover	 1534	 1555	 1500	 -654	 0.00	 0.00	 0.00
8100	 27.73	 -22.72	 1.96	 1	 1	 1	 hover	 1545	 1555	 1500	 -688	 0.00	 0.00	 0.00
8200	 27.73	 -16.37	 1.27	 0	 1	 1	 hover	 1532	 1500	 1500	 -692	 0.00	 0.00	 0.00
8300	 27.73	 -14.50	 5.77	 1	 1	 1	 hover	 1528	 1555	 1500	 -635	 0.00	 0.00	 0.00
8400	 27.73	 -24.23	 10.58	 0	 1	 1	 hover	 1548	 1500	 1500	 -566	 0.00	 0.00	 0.00
8500	 27.73	 -27.69	 12.12	 1	 1	 1	 hover	 1555	 1555	 1500	 -526	 0.00	 0.00	 0.00
8600	 27.73	 -22.04	 21.47	 0	 1	 1	 hover	 1544	 1500	 1500	 -390	 0.00	 0.00	 0.00
8700	 27.73	 -19.71	 20.05	 1	 1	 1	 hover	 1539	 1555	 1500	 -364	 0.00	 0.00	 0.00
8800	 27.73	 -13.01	 20.50	 1	 1	 1	 hover	 1526	 1555	 1500	 -319	 0.00	 0.00	 0.00
8900	 31.57	 -23.90	 20.77	 1	 1	 1	 hover	 1547	 1563	 1500	 -274	 0.00	 0.00	 0.00
9000	 42.34	 -17.99	 20.00	 1	 1	 1	 hover	 1535	 1584	 1500	 -242	 0.00	 0.00	 0.00
9100	 50.04	 -17.50	 18.16	 1	 1	 1	 hover	 1535	 1600	 1500	 -224	 0.00	 0.00	 0.00
9200	 47.24	 -22.36	 14.79	 1	 1	 1	 hover	 1544	 1594	 1500	 -228	 0.00	 0.00	 0.00
9300	 31.85	 -10.39	 11.73	 1	 1	 1	 hover	 1520	 1563	 1500	 -235	 0.00	 0.00	 0.00
9400	 31.85	 -15.25	 11.13	 0	 1	 1	 hover	 1530	 1500	 1500	 -219	 0.00	 0.00	 0.00
9500	 31.85	 -14.87	 10.57	 1	 1	 1	 hover	 1529	 1563	 1500	 -204	 0.00	 0.00	 0.00
9600	 31.85	 -15.72	 8.60	 1	 1	 1	 hover	 1531	 1563	 1500	 -206	 0.00	 0.00	 0.00
9700	 37.45	 -8.87	 7.17	 1	 1	 1	 hover	 1517	 1574	 1500	 -206	 0.00	 0.00	 0.00
9800	 37.45	 -1.52	 4.73	 0	 1	 1	 hover	 1503	 1500	 1500	 -221	 0.00	 0.00	 0.00
9900	 37.45	 -6.37	 6.57	 1	 1	 1	 hover	 1512	 1574	 1500	 -189	 0.00	 0.00	 0.00
10000	 42.29	 -6.49	 5.62	 1	 1	 1	 hover	 1512	 1584	 1500	 -188	 0.00	 0.00	 0.00
10100	 38.64	 -8.42	 8.02	 1	 1	 1	 hover	 1516	 1577	 1500	 -148	 0.00	 0.00	 0.00
10200	 38.39	 -2.21	 5.42	 1	 1	 1	 hover	 1504	 1576	 1500	 -163	 0.00	 0.00	 0.00
10300	 38.39	 -4.82	 -25.58	 0	 1	 1	 hover	 1509	 1500	 1500	 -524	 0.00	 0.00	 0.00
10400	 38.39	 0.25	 -21.05	 1	 1	 1	 hover	 1499	 1576	 1500	 -521	 0.00	 0.00	 0.00
10500	 36.12	 0.01	 -2.69	 1	 1	 1	 hover	 1499	 1572	 1500	 -343	 0.00	 0.00	 0.00
10600	 41.29	 -10.76	 -10.27	 1	 1	 1	 hover	 1521	 1582	 1500	 -439	 0.00	 0.00	 0.00
10700	 48.03	 -20.15	 -6.92	 1	 1	 1	 hover	 1540	 1596	 1500	 -419	 0.00	 0.00	 0.00
10800	 48.03	 -24.03	 0.76	 0	 1	 1	 hover	 1548	 1500	 1500	 -341	 0.00	 0.00	 0.00
10900	 48.03	 -20.68	 5.67	 0	 1	 1	 hover	 1541	 1500	 1500	 -281	 0.00	 0.00	 0.00
11000	 48.03	 -12.75	 9.03	 1	 1	 1	 hover	 1525	 1596	 1500	 -229	 0.00	 0.00	 0.00
11100	 32.77	 -23.30	 16.19	 1	 1	 1	 hover	 1546	 1565	 1500	 -125	 0.00	 0.00	 0.00
11200	 38.62	 -23.99	 18.95	 1	 1	 1	 hover	 1547	 1577	 1500	 -59	 0.00	 0.00	 0.00
11300	 50.28	 -26.15	 24.38	 1	 1	 1	 hover	 1552	 1600	 1500	 43	 0.00	 0.00	 0.00
11400	 50.28	 -22.06	 30.99	 1	 1	 1	 hover	 1544	 1600	 1500	 171	 0.00	 0.00	 0.00
11500	 40.53	 -20.96	 34.71	 1	 1	 1	 hover	 1541	 1581	 1500	 277	 0.00	 0.00	 0.00
11600	 57.94	 -18.08	 37.62	 1	 1	 1	 hover	 1536	 1615	 1500	 382	 0.00	 0.00	 0.00
11700	 50.64	 -32.27	 28.50	 1	 1	 1	 hover	 1564	 1601	 1500	 348	 0.00	 0.00	 0.00
11800	 61.50	 -32.83	 29.47	 1	 1	 1	 hover	 1565	 1623	 1500	 416	 0.00	 0.00	 0.00
11900	 60.94	 -33.49	 28.87	 1	 1	 1	 hover	 1566	 1621	 1500	 468	 0.00	 0.00	 0.00
12000	 62.32	 -34.90	 29.78	 1	 1	 1	 hover	 1569	 1624	 1500	 537	 0.00	 0.00	 0.00
12100	 53.37	 -37.64	 32.56	 1	 1	 1	 hover	 1575	 1606	 1500	 630	 0.00	 0.00	 0.00
12200	 44.22	 -38.58	 32.72	 1	 1	 1	 hover	 1577	 1588	 1500	 696	 0.00	 0.00	 0.00
12300	 56.23	 -38.19	 32.73	 1	 1	 1	 hover	 1576	 1612	 1500	 762	 0.00	 0.00	 0.00
12400	 51.87	 -39.20	 32.13	 1	 1	 1	 hover	 1578	 1603	 1500	 820	 0.00	 0.00	 0.00
12500	 45.27	 -37.60	 31.18	 1	 1	 1	 hover	 1575	 1590	 1500	 873	 0.00	 0.00	 0.00
12600	 46.53	 -38.26	 31.00	 1	 1	 1	 hover	 1576	 1593	 1500	 933	 0.00	 0.00	 0.00
12700	 54.11	 -38.07	 29.47	 1	 1	 1	 hover	 1576	 1608	 1500	 977	 0.00	 0.00	 0.00
12800	 39.87	 -39.46	 28.71	 1	 1	 1	 hover	 1578	 1579	 1500	 1027	 0.00	 0.00	 0.00
12900	 41.53	 -40.92	 9.38	 1	 1	 1	 hover	 1581	 1583	 1500	 852	 0.00	 0.00	 0.00
13000	 79.03	 -41.38	 9.45	 1	 1	 1	 hover	 1582	 1658	 1500	 872	 0.00	 0.00	 0.00
13100	 83.63	 -41.70	 10.61	 1	 1	 1	 hover	 1583	 1667	 1500	 905	 0.00	 0.00	 0.00
13200	 84.01	 -40.24	 10.27	 1	 1	 1	 hover	 1580	 1668	 1500	 922	 0.00	 0.00	 0.00
13300	 85.84	 -39.19	 10.58	 1	 1	 1	 hover	 1578	 1671	 1500	 946	 0.00	 0.00	 0.00
13400	 82.21	 -41.75	 9.52	 1	 1	 1	 hover	 1583	 1664	 1500	 955	 0.00	 0.00	 0.00
13500	 81.17	 -42.34	 7.81	 1	 1	 1	 hover	 1584	 1662	 1500	 953	 0.00	 0.00	 0.00
13600	 82.18	 -43.11	 10.06	 1	 1	 1	 hover	 1586	 1664	 1500	 996	 0.00	 0.00	 0.00
13700	 77.78	 -43.00	 9.45	 1	 1	 1	 hover	 1586	 1655	 1500	 1009	 0.00	 0.00	 0.00
13800	 84.77	 -43.20	 9.81	 1	 1	 1	 hover	 1586	 1669	 1500	 1032	 0.00	 0.00	 0.00
13900	 77.79	 -43.23	 10.97	 1	 1	 1	 hover	 1586	 1655	 1500	 1065	 0.00	 0.00	 0.00
14000	 86.08	 -43.66	 10.03	 1	 1	 1	 hover	 1587	 1672	 1500	 1076	 0.00	 0.00	 0.00
14100	 90.64	 -43.72	 9.63	 1	 1	 1	 hover	 1587	 1681	 1500	 1091	 0.00	 0.00	 0.00
14200	 87.56	 -44.34	 10.40	 1	 1	 1	 hover	 1588	 1675	 1500	 1120	 0.00	 0.00	 0.00
14300	 87.18	 -44.36	 11.27	 1	 1	 1	 hover	 1588	 1674	 1500	 1151	 0.00	 0.00	 0.00
14400	 86.14	 -45.36	 11.58	 1	 1	 1	 hover	 1590	 1672	 1500	 1177	 0.00	 0.00	 0.00
14500	 86.54	 -45.51	 10.27	 1	 1	 1	 hover	 1591	 1673	 1500	 1185	 0.00	 0.00	 0.00
14600	 83.19	 -45.71	 8.91	 1	 1	 1	 hover	 1591	 1666	 1500	 1189	 0.00	 0.00	 0.00
14700	 82.39	 -45.44	 9.52	 1	 1	 1	 hover	 1590	 1664	 1500	 1214	 0.00	 0.00	 0.00
14800	 76.19	 -46.41	 8.22	 1	 1	 1	 hover	 1592	 1652	 1500	 1217	 0.00	 0.00	 0.00
14900	 86.45	 -47.11	 11.13	 1	 1	 1	 hover	 1594	 1672	 1500	 1269	 0.00	 0.00	 0.00
15000	 82.90	 -46.92	 9.88	 1	 1	 1	 hover	 1593	 1665	 1500	 1276	 0.00	 0.00	 0.00
15100	 87.80	 -46.40	 11.07	 1	 1	 1	 hover	 1592	 1675	 1500	 1310	 0.00	 0.00	 0.00
15200	 85.08	 -46.70	 11.15	 1	 1	 1	 hover	 1593	 1670	 1500	 1333	 0.00	 0.00	 0.00
15300	 85.77	 -46.83	 10.49	 1	 1	 1	 hover	 1593	 1671	 1500	 1348	 0.00	 0.00	 0.00
15400	 87.39	 -46.83	 10.81	 1	 1	 1	 hover	 1593	 1674	 1500	 1372	 0.00	 0.00	 0.00
15500	 88.99	 -46.79	 10.90	 1	 1	 1	 hover	 1593	 1677	 1500	 1395	 0.00	 0.00	 0.00
15600	 90.08	 -45.69	 9.87	 1	 1	 1	 hover	 1591	 1680	 1500	 1405	 0.00	 0.00	 0.00
15700	 86.12	 -45.52	 10.56	 1	 1	 1	 hover	 1591	 1672	 1500	 1433	 0.00	 0.00	 0.00
15800	 86.02	 -45.65	 11.54	 1	 1	 1	 hover	 1591	 1672	 1500	 1466	 0.00	 0.00	 0.00
15900	 80.50	 -45.35	 10.05	 1	 1	 1	 hover	 1590	 1660	 1500	 1471	 0.00	 0.00	 0.00
16000	 80.11	 -45.29	 9.17	 1	 1	 1	 hover	 1590	 1660	 1500	 1480	 0.00	 0.00	 0.00
16100	 83.13	 -45.11	 11.09	 1	 1	 1	 hover	 1590	 1666	 1500	 1522	 0.00	 0.00	 0.00
16200	 84.76	 -45.76	 11.55	 1	 1	 1	 hover	 1591	 1669	 1500	 1549	 0.00	 0.00	 0.00
16300	 76.10	 -45.85	 10.04	 1	 1	 1	 hover	 1591	 1652	 1500	 1554	 0.00	 0.00	 0.00
16400	 76.42	 -45.97	 9.43	 1	 1	 1	 hover	 1591	 1652	 1500	 1567	 0.00	 0.00	 0.00
16500	 77.97	 -46.23	 10.78	 1	 1	 1	 hover	 1592	 1655	 1500	 1602	 0.00	 0.00	 0.00
16600	 80.51	 -45.93	 11.12	 1	 1	 1	 hover	 1591	 1661	 1500	 1628	 0.00	 0.00	 0.00
16700	 79.72	 -45.92	 11.25	 1	 1	 1	 hover	 1591	 1659	 1500	 1652	 0.00	 0.00	 0.00
16800	 78.64	 -45.55	 11.32	 1	 1	 1	 hover	 1591	 1657	 1500	 1675	 0.00	 0.00	 0.00
16900	 85.54	 -45.48	 11.32	 1	 1	 1	 hover	 1590	 1671	 1500	 1698	 0.00	 0.00	 0.00
17000	 84.87	 -45.87	 11.30	 1	 1	 1	 hover	 1591	 1669	 1500	 1720	 0.00	 0.00	 0.00
17100	 86.00	 -45.95	 11.32	 1	 1	 1	 hover	 1591	 1671	 1500	 1743	 0.00	 0.00	 0.00
17200	 86.65	 -45.98	 11.32	 1	 1	 1	 hover	 1591	 1673	 1500	 1765	 0.00	 0.00	 0.00
17300	 86.72	 -46.04	 11.33	 1	 1	 1	 hover	 1592	 1673	 1500	 1788	 0.00	 0.00	 0.00
17400	 86.30	 -46.18	 11.31	 1	 1	 1	 hover	 1592	 1672	 1500	 1811	 0.00	 0.00	 0.00
17500	 88.09	 -45.20	 11.29	 1	 1	 1	 hover	 1590	 1676	 1500	 1833	 0.00	 0.00	 0.00
17600	 86.94	 -45.21	 11.28	 1	 1	 1	 hover	 1590	 1673	 1500	 1855	 0.00	 0.00	 0.00
17700	 82.07	 -44.10	 9.81	 1	 1	 1	 hover	 1588	 1664	 1500	 1860	 0.00	 0.00	 0.00
17800	 83.51	 -43.41	 10.63	 1	 1	 1	 hover	 1586	 1667	 1500	 1890	 0.00	 0.00	 0.00
17900	 84.85	 -43.61	 10.69	 1	 1	 1	 hover	 1587	 1669	 1500	 1912	 0.00	 0.00	 0.00
18000	 86.00	 -42.03	 9.86	 1	 1	 1	 hover	 1584	 1671	 1500	 1923	 0.00	 0.00	 0.00
18100	 87.63	 -41.47	 10.70	 1	 1	 1	 hover	 1582	 1675	 1500	 1953	 0.00	 0.00	 0.00
18200	 88.04	 -40.94	 9.69	 1	 1	 1	 hover	 1581	 1676	 1500	 1962	 0.00	 0.00	 0.00
18300	 86.81	 -41.18	 9.54	 1	 1	 1	 hover	 1582	 1673	 1500	 1980	 0.00	 0.00	 0.00
18400	 85.43	 -40.48	 10.03	 1	 1	 1	 hover	 1580	 1670	 1500	 2005	 0.00	 0.00	 0.00
18500	 81.22	 -39.99	 8.86	 1	 1	 1	 hover	 1579	 1662	 1500	 2011	 0.00	 0.00	 0.00
18600	 84.52	 -38.15	 9.98	 1	 1	 1	 hover	 1576	 1669	 1500	 2042	 0.00	 0.00	 0.00
18700	 84.64	 -37.23	 10.08	 1	 1	 1	 hover	 1574	 1669	 1500	 2063	 0.00	 0.00	 0.00
18800	 85.57	 -35.87	 10.33	 1	 1	 1	 hover	 1571	 1671	 1500	 2086	 0.00	 0.00	 0.00
18900	 81.40	 -35.38	 8.89	 1	 1	 1	 hover	 1570	 1662	 1500	 2090	 0.00	 0.00	 0.00
19000	 87.39	 -36.66	 10.97	 1	 1	 1	 hover	 1573	 1674	 1500	 2132	 0.00	 0.00	 0.00
19100	 80.53	 -37.44	 9.88	 1	 1	 1	 hover	 1574	 1661	 1500	 2141	 0.00	 0.00	 0.00
19200	 85.72	 -36.80	 10.49	 1	 1	 1	 hover	 1573	 1671	 1500	 2168	 0.00	 0.00	 0.00
19300	 87.61	 -37.61	 10.46	 1	 1	 1	 hover	 1575	 1675	 1500	 2189	 0.00	 0.00	 0.00
19400	 81.87	 -38.07	 8.57	 1	 1	 1	 hover	 1576	 1663	 1500	 2187	 0.00	 0.00	 0.00
19500	 84.67	 -38.33	 9.48	 1	 1	 1	 hover	 1576	 1669	 1500	 2215	 0.00	 0.00	 0.00
19600	 86.13	 -38.52	 9.48	 1	 1	 1	 hover	 1577	 1672	 1500	 2234	 0.00	 0.00	 0.00
19700	 81.24	 -37.59	 7.92	 1	 1	 1	 hover	 1575	 1662	 1500	 2235	 0.00	 0.00	 0.00
19800	 85.06	 -39.55	 8.90	 1	 1	 1	 hover	 1579	 1670	 1500	 2262	 0.00	 0.00	 0.00
19900	 87.78	 -38.83	 8.09	 1	 1	 1	 hover	 1577	 1675	 1500	 2270	 0.00	 0.00	 0.00
20000	 86.77	 -38.06	 8.50	 1	 1	 1	 hover	 1576	 1673	 1500	 2291	 0.00	 0.00	 0.00
20100	 87.92	 -41.00	 8.61	 1	 1	 1	 hover	 1582	 1675	 1500	 2310	 0.00	 0.00	 0.00
