#Time(ms)	 Value 	 Validity 	 avgValue 	 Diff 	 Outliers 	 invalidReason	 SD 
200	 -1.00 	0 	0.00 	1.00 	0 	0	 0.00	 0.00 
300	 151.70 	0 	75.85 	75.85 	0 	75.85	 15.27	 106.19 
400	 141.74 	0 	108.80 	32.95 	0 	32.95	 14.74	 131.07 
500	 259.11 	0 	183.95 	75.16 	0 	75.16	 25.00	 220.70 
600	 257.51 	1 	220.73 	36.78 	0 	-3	 22.66	 246.47 
700	 146.81 	0 	183.77 	36.96 	0 	36.96	 31.47	 176.71 
800	 238.46 	1 	211.12 	27.34 	0 	-3	 37.48	 219.93 
900	 147.16 	1 	179.14 	31.98 	0 	-3	 42.87	 168.99 
1000	 140.76 	1 	159.95 	19.19 	0 	-3	 39.22	 149.23 
1100	 202.96 	1 	181.45 	21.51 	0 	-3	 41.52	 186.84 
1200	 163.72 	1 	172.59 	8.87 	0 	-3	 41.29	 170.66 
1300	 152.59 	1 	162.59 	10.00 	0 	-3	 38.27	 158.01 
1400	 151.61 	1 	157.10 	5.49 	0 	-3	 34.54	 153.53 
1500	 112.90 	1 	135.00 	22.10 	0 	-3	 34.96	 125.09 
1600	 123.85 	1 	129.42 	5.57 	0 	-3	 32.56	 124.22 
1700	 180.89 	1 	155.16 	25.73 	0 	-3	 35.01	 163.89 
1800	 139.87 	1 	147.51 	7.64 	0 	-3	 35.61	 147.08 
1900	 172.61 	1 	160.06 	12.55 	0 	-3	 35.32	 164.95 
2000	 79.89 	0 	119.98 	40.09 	0 	40.09	 41.06	 105.41 
2100	 167.10 	1 	143.54 	23.56 	0 	-3	 45.68	 148.59 
2200	 42.34 	0 	92.94 	50.60 	0 	50.60	 53.59	 74.22 
2300	 92.53 	1 	92.73 	0.20 	0 	-3	 53.25	 87.04 
2400	 193.35 	0 	143.04 	50.31 	0 	50.31	 58.00	 161.46 
2500	 141.11 	1 	142.08 	0.97 	0 	-3	 57.43	 147.21 
2600	 165.05 	1 	153.56 	11.49 	0 	-3	 54.08	 159.70 
2700	 133.99 	1 	143.78 	9.79 	0 	-3	 51.78	 141.70 
2800	 158.91 	1 	151.34 	7.57 	0 	-3	 49.09	 153.75 
2900	 110.23 	1 	130.79 	20.56 	0 	-3	 49.05	 123.29 
3000	 167.99 	1 	149.39 	18.60 	0 	-3	 49.92	 154.58 
3100	 154.55 	1 	151.97 	2.58 	0 	-3	 46.27	 154.56 
3200	 158.73 	1 	155.35 	3.38 	0 	-3	 42.06	 157.48 
3300	 63.69 	0 	109.52 	45.83 	0 	45.83	 47.36	 91.83 
3400	 71.35 	0 	90.43 	19.08 	0 	19.08	 43.39	 77.49 
3500	 68.14 	1 	79.29 	11.15 	0 	-3	 39.37	 70.95 
3600	 132.75 	0 	106.02 	26.73 	0 	26.73	 41.90	 114.21 
3700	 125.27 	1 	115.64 	9.63 	0 	-3	 38.45	 121.95 
3800	 120.20 	1 	117.92 	2.28 	0 	-3	 35.12	 120.73 
3900	 178.58 	0 	148.25 	30.33 	0 	30.33	 37.44	 161.22 
4000	 64.85 	0 	106.55 	41.70 	0 	41.70	 45.07	 93.76 
4100	 153.04 	1 	129.80 	23.24 	0 	-3	 49.38	 135.26 
4200	 79.35 	0 	104.57 	25.22 	0 	25.22	 51.81	 96.12 
4300	 179.73 	0 	142.15 	37.58 	0 	37.58	 56.67	 154.65 
4400	 122.78 	1 	132.47 	9.69 	0 	-3	 56.70	 132.34 
4500	 101.96 	1 	117.21 	15.25 	0 	-3	 53.11	 111.07 
4600	 147.52 	1 	132.37 	15.15 	0 	-3	 52.36	 136.59 
4700	 72.68 	0 	102.52 	29.84 	0 	29.84	 54.60	 91.85 
4800	 83.89 	1 	93.21 	9.32 	0 	-3	 50.26	 86.28 
4900	 153.39 	0 	123.30 	30.09 	0 	30.09	 52.19	 133.26 
5000	 83.63 	1 	103.46 	19.83 	0 	-3	 53.95	 98.52 
5100	 62.00 	0 	82.73 	20.73 	0 	20.73	 50.71	 72.96 
5200	 102.22 	1 	92.48 	9.74 	0 	-3	 49.66	 93.44 
5300	 108.36 	1 	100.42 	7.94 	0 	-3	 45.31	 103.88 
5400	 63.07 	0 	81.74 	18.67 	0 	18.67	 45.31	 75.31 
5500	 128.30 	0 	105.02 	23.28 	0 	23.28	 47.30	 112.40 
5600	 62.71 	0 	83.87 	21.16 	0 	21.16	 49.13	 77.62 
5700	 128.39 	0 	106.13 	22.26 	0 	22.26	 50.79	 113.16 
5800	 171.64 	0 	138.88 	32.76 	0 	32.76	 50.03	 154.10 
5900	 165.05 	1 	151.97 	13.08 	0 	-3	 45.69	 161.76 
6000	 166.92 	1 	159.44 	7.48 	0 	-3	 41.31	 165.37 
6100	 140.85 	1 	150.15 	9.30 	0 	-3	 39.78	 148.21 
6200	 71.88 	0 	111.01 	39.13 	0 	39.13	 42.70	 94.78 
6300	 142.27 	1 	126.64 	15.63 	0 	-3	 45.47	 128.02 
6400	 158.20 	1 	142.42 	15.78 	0 	-3	 42.52	 149.15 
6500	 156.86 	1 	149.64 	7.22 	0 	-3	 38.40	 154.55 
6600	 129.54 	1 	139.59 	10.05 	0 	-3	 37.29	 137.04 
6700	 76.06 	0 	107.83 	31.77 	0 	31.77	 38.91	 94.35 
6800	 175.28 	0 	141.55 	33.73 	0 	33.73	 44.94	 151.00 
6900	 165.23 	1 	153.39 	11.84 	0 	-3	 41.45	 160.96 
7000	 95.46 	0 	124.43 	28.97 	0 	28.97	 44.28	 115.11 
7100	 65.65 	0 	95.04 	29.39 	0 	29.39	 42.84	 80.49 
7200	 52.84 	0 	73.94 	21.10 	0 	21.10	 39.83	 61.13 
7300	 161.58 	0 	117.76 	43.82 	0 	43.82	 46.72	 131.45 
7400	 179.02 	0 	148.39 	30.63 	0 	30.63	 43.80	 164.75 
7500	 112.46 	1 	130.42 	17.96 	0 	-3	 46.07	 128.15 
7600	 113.79 	1 	122.11 	8.32 	0 	-3	 41.60	 118.10 
7700	 87.01 	1 	104.56 	17.55 	0 	-3	 40.12	 96.34 
7800	 150.90 	1 	127.73 	23.17 	0 	-3	 42.49	 134.53 
7900	 131.50 	1 	129.61 	1.89 	0 	-3	 40.18	 132.41 
8000	 151.61 	1 	140.61 	11.00 	0 	-3	 38.18	 145.85 
8100	 77.93 	0 	109.27 	31.34 	0 	31.34	 41.73	 98.31 
8200	 67.25 	0 	88.26 	21.01 	0 	21.01	 38.62	 76.57 
8300	 138.18 	0 	113.22 	24.96 	0 	24.96	 41.85	 119.70 
8400	 73.48 	0 	93.35 	19.87 	0 	19.87	 44.14	 87.34 
8500	 76.33 	1 	84.84 	8.51 	0 	-3	 40.01	 79.63 
8600	 151.08 	0 	117.96 	33.12 	0 	33.12	 43.48	 129.65 
8700	 180.18 	0 	149.07 	31.11 	0 	31.11	 42.04	 165.02 
8800	 166.21 	1 	157.64 	8.57 	0 	-3	 39.24	 165.85 
8900	 155.62 	1 	156.63 	1.01 	0 	-3	 36.37	 158.69 
9000	 148.05 	1 	152.34 	4.29 	0 	-3	 33.49	 151.24 
9100	 132.93 	1 	142.64 	9.71 	0 	-3	 31.66	 138.42 
9200	 139.42 	1 	141.03 	1.61 	0 	-3	 29.14	 139.12 
9300	 88.08 	0 	114.55 	26.47 	0 	26.47	 31.36	 103.39 
9400	 70.55 	0 	92.55 	22.00 	0 	22.00	 29.98	 80.40 
9500	 102.14 	1 	97.35 	4.79 	0 	-3	 30.14	 95.62 
9600	 44.38 	0 	70.86 	26.48 	0 	26.48	 32.90	 59.75 
9700	 119.76 	0 	95.31 	24.45 	0 	24.45	 37.15	 101.76 
9800	 59.69 	0 	77.50 	17.81 	0 	17.81	 39.44	 72.31 
9900	 147.96 	0 	112.73 	35.23 	0 	35.23	 44.32	 125.27 
10000	 129.10 	1 	120.92 	8.18 	0 	-3	 41.78	 127.95 
10100	 138.44 	1 	129.68 	8.76 	0 	-3	 38.53	 135.29 
10200	 130.61 	1 	130.14 	0.47 	0 	-3	 35.46	 132.01 
10300	 -1.00 	0 	130.14 	131.14 	0 	0	 35.46	 132.01 
10400	 128.39 	1 	129.27 	0.88 	0 	-3	 44.86	 129.48 
10500	 53.28 	0 	91.27 	37.99 	0 	37.99	 47.88	 76.14 
10600	 113.17 	1 	102.22 	10.95 	0 	-3	 49.08	 102.06 
10700	 85.05 	1 	93.64 	8.59 	0 	-3	 46.99	 90.15 
10800	 58.89 	0 	76.26 	17.37 	0 	17.37	 44.90	 68.27 
10900	 144.76 	0 	110.51 	34.25 	0 	34.25	 49.00	 121.81 
11000	 80.87 	1 	95.69 	14.82 	0 	-3	 50.49	 93.15 
11100	 114.95 	1 	105.32 	9.63 	0 	-3	 48.85	 108.41 
11200	 92.17 	1 	98.75 	6.58 	0 	-3	 46.24	 97.04 
11300	 182.67 	0 	140.71 	41.96 	0 	41.96	 50.67	 156.98 
11400	 128.48 	1 	134.59 	6.11 	0 	-3	 51.02	 137.03 
11500	 163.72 	1 	149.16 	14.56 	0 	-3	 49.44	 155.71 
11600	 119.93 	1 	134.54 	14.61 	0 	-3	 48.88	 130.66 
11700	 150.37 	1 	142.46 	7.91 	0 	-3	 47.03	 144.46 
11800	 102.76 	1 	122.61 	19.85 	0 	-3	 47.09	 115.27 
11900	 261.78 	0 	192.19 	69.59 	0 	69.59	 58.28	 217.83 
12000	 140.04 	1 	166.12 	26.08 	0 	-3	 64.63	 163.38 
12100	 244.43 	1 	205.27 	39.16 	0 	-3	 68.61	 220.11 
12200	 288.92 	1 	247.10 	41.82 	0 	-3	 66.19	 268.28 
12300	 259.73 	1 	253.41 	6.32 	0 	-3	 62.49	 262.29 
12400	 247.90 	1 	250.66 	2.76 	0 	-3	 57.43	 252.22 
12500	 253.06 	1 	251.86 	1.20 	0 	-3	 52.20	 252.81 
12600	 248.61 	1 	250.23 	1.62 	0 	-3	 47.43	 249.87 
12700	 246.92 	1 	248.58 	1.66 	0 	-3	 42.85	 247.80 
12800	 250.12 	1 	249.35 	0.77 	0 	-3	 38.89	 249.43 
12900	 248.08 	1 	248.71 	0.63 	0 	-3	 35.20	 248.48 
13000	 143.43 	0 	196.07 	52.64 	0 	52.64	 42.15	 174.95 
13100	 -1.00 	0 	196.07 	197.07 	0 	0	 42.15	 174.95 
13200	 153.04 	1 	174.56 	21.52 	0 	-3	 53.34	 159.61 
13300	 153.75 	1 	164.15 	10.40 	0 	-3	 48.07	 155.51 
13400	 142.27 	1 	153.21 	10.94 	0 	-3	 44.41	 146.24 
13500	 142.27 	1 	147.74 	5.47 	0 	-3	 39.97	 143.46 
13600	 -1.00 	0 	147.74 	148.74 	0 	0	 39.97	 143.46 
13700	 259.02 	0 	203.38 	55.64 	0 	55.64	 61.98	 224.35 
13800	 145.56 	1 	174.47 	28.91 	0 	-3	 67.13	 169.20 
13900	 255.46 	1 	214.97 	40.49 	0 	-3	 71.40	 229.58 
14000	 147.88 	1 	181.42 	33.54 	0 	-3	 75.02	 172.39 
14100	 140.58 	1 	161.00 	20.42 	0 	-3	 68.25	 150.12 
14200	 -1.00 	0 	161.00 	162.00 	0 	0	 68.25	 150.12 
14300	 -1.00 	0 	161.00 	162.00 	0 	0	 68.25	 150.12 
14400	 257.33 	0 	209.17 	48.16 	0 	48.16	 87.26	 225.17 
14500	 154.19 	1 	181.68 	27.49 	0 	-3	 88.85	 175.48 
14600	 248.08 	1 	214.88 	33.20 	0 	-3	 89.35	 226.30 
14700	 255.02 	1 	234.95 	20.07 	0 	-3	 81.11	 246.40 
14800	 249.23 	1 	242.09 	7.14 	0 	-3	 73.58	 248.38 
14900	 149.74 	0 	195.91 	46.17 	0 	46.17	 76.17	 179.33 
15000	 142.89 	1 	169.40 	26.51 	0 	-3	 69.24	 153.82 
15100	 258.49 	0 	213.95 	44.54 	0 	44.54	 73.87	 227.09 
15200	 -1.00 	0 	213.95 	214.95 	0 	0	 73.87	 227.09 
15300	 154.28 	1 	184.11 	29.83 	0 	-3	 82.01	 176.12 
15400	 156.51 	1 	170.31 	13.80 	0 	-3	 74.04	 162.39 
15500	 156.95 	1 	163.63 	6.68 	0 	-3	 66.68	 158.58 
15600	 249.32 	0 	206.48 	42.84 	0 	42.84	 69.25	 222.10 
15700	 153.93 	1 	180.20 	26.27 	0 	-3	 71.86	 174.38 
15800	 255.11 	1 	217.66 	37.45 	0 	-3	 74.79	 230.89 
15900	 -1.00 	0 	217.66 	218.66 	0 	0	 74.79	 230.89 
16000	 259.11 	1 	238.38 	20.73 	0 	-3	 93.32	 250.64 
16100	 117.98 	0 	178.18 	60.20 	0 	60.20	 98.10	 157.78 
16200	 153.75 	1 	165.97 	12.22 	0 	-3	 91.87	 154.96 
16300	 247.54 	1 	206.75 	40.79 	0 	-3	 92.06	 219.77 
16400	 143.34 	1 	175.05 	31.71 	0 	-3	 93.28	 166.27 
16500	 255.11 	1 	215.08 	40.03 	0 	-3	 95.13	 228.46 
16600	 258.49 	1 	236.78 	21.71 	0 	-3	 85.95	 249.48 
16700	 256.80 	1 	246.79 	10.01 	0 	-3	 77.53	 254.60 
16800	 255.64 	1 	251.22 	4.42 	0 	-3	 69.89	 255.33 
16900	 92.17 	0 	171.69 	79.52 	0 	79.52	 79.25	 141.12 
17000	 152.68 	1 	162.19 	9.51 	0 	-3	 77.37	 149.21 
17100	 153.13 	1 	157.66 	4.53 	0 	-3	 69.68	 151.95 
17200	 255.64 	0 	206.65 	48.99 	0 	48.99	 72.96	 224.53 
17300	 153.13 	1 	179.89 	26.76 	0 	-3	 75.92	 174.55 
17400	 151.52 	1 	165.70 	14.18 	0 	-3	 68.49	 158.43 
17500	 153.75 	1 	159.73 	5.98 	0 	-3	 61.86	 155.15 
17600	 149.83 	1 	154.78 	4.95 	0 	-3	 56.07	 151.43 
17700	 140.67 	1 	147.72 	7.05 	0 	-3	 51.38	 143.90 
17800	 -1.00 	0 	147.72 	148.72 	0 	0	 51.38	 143.90 
17900	 -1.00 	0 	147.72 	148.72 	0 	0	 51.38	 143.90 
18000	 247.54 	0 	197.63 	49.91 	0 	49.91	 71.09	 216.45 
18100	 255.64 	1 	226.64 	29.00 	0 	-3	 64.79	 243.88 
18200	 -1.00 	0 	226.64 	227.64 	0 	0	 64.79	 243.88 
18300	 154.37 	1 	190.50 	36.13 	0 	-3	 73.85	 181.22 
18400	 257.95 	1 	224.23 	33.72 	0 	-3	 76.82	 234.93 
18500	 -1.00 	0 	224.23 	225.23 	0 	0	 76.82	 234.93 
18600	 152.68 	1 	188.45 	35.77 	0 	-3	 84.51	 177.36 
18700	 255.64 	1 	222.05 	33.59 	0 	-3	 86.35	 232.15 
18800	 256.80 	1 	239.42 	17.38 	0 	-3	 77.84	 249.41 
18900	 -1.00 	0 	239.42 	240.42 	0 	0	 77.84	 249.41 
19000	 -1.00 	0 	239.42 	240.42 	0 	0	 77.84	 249.41 
19100	 142.36 	0 	190.89 	48.53 	0 	48.53	 84.39	 174.47 
19200	 149.39 	1 	170.14 	20.75 	0 	-3	 76.65	 156.92 
19300	 155.97 	1 	163.06 	7.09 	0 	-3	 69.64	 156.25 
19400	 249.77 	0 	206.41 	43.36 	0 	43.36	 72.06	 221.72 
19500	 285.45 	1 	245.93 	39.52 	0 	-3	 68.42	 266.33 
19600	 256.26 	1 	251.10 	5.16 	0 	-3	 64.50	 259.28 
19700	 247.45 	1 	249.27 	1.82 	0 	-3	 58.93	 251.00 
19800	 152.06 	0 	200.67 	48.61 	0 	48.61	 62.58	 181.74 
19900	 142.27 	1 	171.47 	29.20 	0 	-3	 57.30	 154.11 
20000	 257.95 	0 	214.71 	43.24 	0 	43.24	 63.14	 226.80 
20100	 153.13 	1 	183.92 	30.79 	0 	-3	 67.30	 175.23 
