#Time(ms)	 Value 	 Validity 	 avgValue 	 Diff 	 Outliers 	 invalidReason	 SD 
200	 -1.00 	0 	0.00 	1.00 	0 	0	 0.00	 0.00 
300	 176.26 	0 	88.13 	88.13 	0 	88.13	 17.73	 123.38 
400	 173.06 	0 	130.59 	42.47 	0 	42.47	 16.27	 158.16 
500	 173.41 	1 	152.00 	21.41 	0 	-3	 14.68	 168.83 
600	 177.24 	1 	164.62 	12.62 	0 	-3	 13.60	 174.72 
700	 172.17 	1 	168.40 	3.77 	0 	-3	 12.74	 172.93 
800	 171.10 	1 	169.75 	1.35 	0 	-3	 11.58	 171.65 
900	 176.26 	1 	173.00 	3.26 	0 	-3	 10.93	 174.88 
1000	 146.45 	1 	159.73 	13.28 	0 	-3	 12.82	 154.98 
1100	 165.58 	1 	162.65 	2.93 	0 	-3	 13.45	 162.40 
1200	 172.53 	1 	167.59 	4.94 	0 	-3	 12.80	 169.49 
1300	 176.17 	1 	171.88 	4.29 	0 	-3	 11.89	 174.17 
1400	 153.30 	1 	162.59 	9.29 	0 	-3	 12.98	 159.56 
1500	 187.12 	1 	174.86 	12.26 	0 	-3	 15.07	 178.85 
1600	 171.99 	1 	173.42 	1.43 	0 	-3	 15.07	 174.05 
1700	 189.52 	1 	181.47 	8.05 	0 	-3	 15.32	 184.88 
1800	 192.10 	1 	186.79 	5.31 	0 	-3	 14.05	 189.93 
1900	 158.46 	1 	172.62 	14.16 	0 	-3	 16.01	 167.90 
2000	 161.76 	1 	167.19 	5.43 	0 	-3	 14.73	 163.60 
2100	 158.64 	1 	162.92 	4.28 	0 	-3	 13.57	 160.13 
2200	 155.62 	1 	159.27 	3.65 	0 	-3	 12.52	 156.97 
2300	 132.12 	1 	145.69 	13.57 	0 	-3	 13.62	 139.58 
2400	 157.40 	1 	151.55 	5.85 	0 	-3	 14.78	 152.05 
2500	 147.16 	1 	149.35 	2.19 	0 	-3	 14.33	 148.63 
2600	 151.70 	1 	150.53 	1.17 	0 	-3	 13.35	 150.78 
2700	 144.23 	1 	147.38 	3.15 	0 	-3	 12.76	 146.19 
2800	 149.83 	1 	148.60 	1.23 	0 	-3	 12.05	 148.74 
2900	 149.03 	1 	148.82 	0.21 	0 	-3	 10.92	 148.94 
3000	 147.16 	1 	147.99 	0.83 	0 	-3	 10.02	 147.69 
3100	 148.77 	1 	148.38 	0.39 	0 	-3	 9.18	 148.45 
3200	 149.57 	1 	148.97 	0.60 	0 	-3	 8.34	 149.23 
3300	 153.75 	1 	151.36 	2.39 	0 	-3	 7.92	 152.39 
3400	 147.34 	1 	149.35 	2.01 	0 	-3	 7.77	 148.86 
3500	 152.59 	1 	150.97 	1.62 	0 	-3	 7.52	 151.47 
3600	 146.72 	1 	148.85 	2.13 	0 	-3	 7.35	 148.14 
3700	 140.67 	1 	144.76 	4.09 	0 	-3	 7.22	 142.91 
3800	 148.94 	1 	146.85 	2.09 	0 	-3	 7.33	 147.13 
3900	 151.17 	1 	149.01 	2.16 	0 	-3	 6.82	 149.96 
4000	 151.17 	1 	150.09 	1.08 	0 	-3	 6.14	 150.81 
4100	 151.08 	1 	150.58 	0.50 	0 	-3	 5.53	 151.00 
4200	 145.65 	1 	148.12 	2.47 	0 	-3	 5.52	 147.25 
4300	 154.82 	1 	151.47 	3.35 	0 	-3	 5.89	 152.55 
4400	 155.08 	1 	153.27 	1.81 	0 	-3	 5.32	 154.32 
4500	 133.90 	1 	143.59 	9.69 	0 	-3	 6.91	 140.03 
4600	 159.35 	1 	151.47 	7.88 	0 	-3	 8.76	 153.55 
4700	 155.97 	1 	153.72 	2.25 	0 	-3	 8.23	 155.24 
4800	 159.00 	1 	156.36 	2.64 	0 	-3	 7.71	 157.87 
4900	 156.15 	1 	156.25 	0.10 	0 	-3	 7.22	 156.67 
5000	 146.81 	1 	151.53 	4.72 	0 	-3	 7.43	 149.77 
5100	 148.94 	1 	150.24 	1.30 	0 	-3	 6.90	 149.19 
5200	 134.35 	1 	142.29 	7.94 	0 	-3	 7.67	 138.80 
5300	 157.22 	1 	149.76 	7.46 	0 	-3	 9.19	 151.69 
5400	 149.74 	1 	149.75 	0.01 	0 	-3	 9.02	 150.33 
5500	 149.92 	1 	149.83 	0.09 	0 	-3	 8.14	 150.04 
5600	 136.22 	1 	143.03 	6.81 	0 	-3	 8.69	 140.37 
5700	 143.87 	1 	143.45 	0.42 	0 	-3	 8.59	 142.82 
5800	 146.18 	1 	144.81 	1.37 	0 	-3	 7.96	 145.17 
5900	 147.52 	1 	146.17 	1.35 	0 	-3	 7.30	 146.82 
6000	 143.87 	1 	145.02 	1.15 	0 	-3	 6.93	 144.75 
6100	 146.90 	1 	145.96 	0.94 	0 	-3	 6.54	 146.26 
6200	 152.77 	1 	149.36 	3.41 	0 	-3	 6.48	 150.82 
6300	 152.77 	1 	151.07 	1.70 	0 	-3	 5.83	 152.18 
6400	 143.60 	1 	147.33 	3.73 	0 	-3	 6.16	 146.18 
6500	 142.45 	1 	144.89 	2.44 	0 	-3	 5.66	 143.57 
6600	 135.15 	1 	140.02 	4.87 	0 	-3	 5.82	 137.68 
6700	 141.38 	1 	140.70 	0.68 	0 	-3	 5.87	 140.27 
6800	 150.72 	1 	145.71 	5.01 	0 	-3	 6.21	 147.58 
6900	 150.90 	1 	148.31 	2.59 	0 	-3	 5.61	 149.91 
7000	 150.55 	1 	149.43 	1.12 	0 	-3	 5.08	 150.36 
7100	 140.93 	1 	145.18 	4.25 	0 	-3	 5.54	 143.76 
7200	 150.46 	1 	147.82 	2.64 	0 	-3	 5.94	 148.45 
7300	 145.56 	1 	146.69 	1.13 	0 	-3	 5.83	 146.43 
7400	 151.17 	1 	148.93 	2.24 	0 	-3	 5.81	 149.75 
7500	 101.25 	1 	125.09 	23.84 	0 	-3	 10.22	 115.80 
7600	 157.58 	1 	141.33 	16.25 	0 	-3	 14.83	 145.05 
7700	 155.53 	1 	148.43 	7.10 	0 	-3	 13.55	 152.38 
7800	 154.02 	1 	151.23 	2.79 	0 	-3	 12.35	 153.53 
7900	 155.80 	1 	153.51 	2.29 	0 	-3	 11.29	 155.12 
8000	 154.19 	1 	153.85 	0.34 	0 	-3	 10.32	 154.47 
8100	 153.57 	1 	153.71 	0.14 	0 	-3	 9.35	 153.84 
8200	 151.88 	1 	152.80 	0.92 	0 	-3	 8.59	 152.47 
8300	 156.06 	1 	154.43 	1.63 	0 	-3	 8.15	 154.98 
8400	 146.01 	1 	150.22 	4.21 	0 	-3	 8.34	 148.70 
8500	 147.25 	1 	148.73 	1.48 	0 	-3	 7.63	 147.69 
8600	 163.54 	1 	156.14 	7.40 	0 	-3	 8.49	 158.78 
8700	 162.83 	1 	159.48 	3.35 	0 	-3	 7.72	 161.62 
8800	 169.41 	1 	164.45 	4.96 	0 	-3	 7.60	 167.07 
8900	 149.12 	1 	156.78 	7.66 	0 	-3	 8.87	 154.51 
9000	 170.21 	1 	163.50 	6.71 	0 	-3	 10.09	 165.50 
9100	 145.74 	1 	154.62 	8.88 	0 	-3	 11.53	 151.67 
9200	 149.74 	1 	152.18 	2.44 	0 	-3	 10.78	 150.32 
9300	 161.67 	1 	156.92 	4.75 	0 	-3	 10.89	 158.26 
9400	 157.31 	1 	157.12 	0.19 	0 	-3	 10.24	 157.60 
9500	 159.00 	1 	158.06 	0.94 	0 	-3	 9.38	 158.58 
9600	 155.71 	1 	156.88 	1.17 	0 	-3	 8.77	 156.57 
9700	 172.79 	1 	164.84 	7.95 	0 	-3	 9.61	 167.92 
9800	 186.67 	1 	175.75 	10.92 	0 	-3	 10.03	 181.05 
9900	 170.48 	1 	173.12 	2.64 	0 	-3	 10.65	 173.65 
10000	 164.25 	1 	168.68 	4.43 	0 	-3	 10.21	 167.07 
10100	 165.85 	1 	167.27 	1.42 	0 	-3	 9.35	 166.22 
10200	 190.68 	1 	178.97 	11.71 	0 	-3	 10.89	 183.34 
10300	 176.26 	1 	177.62 	1.36 	0 	-3	 11.25	 178.38 
10400	 173.59 	1 	175.60 	2.01 	0 	-3	 10.39	 175.03 
10500	 174.84 	1 	175.22 	0.38 	0 	-3	 9.48	 174.90 
10600	 157.49 	1 	166.36 	8.87 	0 	-3	 10.26	 162.71 
10700	 138.89 	1 	152.62 	13.73 	0 	-3	 11.10	 146.04 
10800	 138.62 	1 	145.62 	7.00 	0 	-3	 10.01	 140.84 
10900	 153.39 	1 	149.51 	3.88 	0 	-3	 10.49	 149.63 
11000	 184.18 	1 	166.84 	17.34 	0 	-3	 12.52	 173.81 
11100	 141.20 	1 	154.02 	12.82 	0 	-3	 15.57	 150.98 
11200	 138.89 	1 	146.46 	7.57 	0 	-3	 14.24	 142.52 
11300	 150.99 	1 	148.72 	2.27 	0 	-3	 14.03	 148.45 
11400	 181.96 	1 	165.34 	16.62 	0 	-3	 15.72	 171.91 
11500	 185.61 	1 	175.48 	10.13 	0 	-3	 14.51	 181.50 
11600	 216.04 	1 	195.76 	20.28 	0 	-3	 16.11	 205.68 
11700	 156.86 	1 	176.31 	19.45 	0 	-3	 20.41	 171.51 
11800	 175.46 	1 	175.88 	0.42 	0 	-3	 20.23	 174.27 
11900	 179.20 	1 	177.54 	1.66 	0 	-3	 18.58	 177.72 
12000	 176.89 	1 	177.22 	0.33 	0 	-3	 16.95	 177.14 
12100	 167.10 	1 	172.16 	5.06 	0 	-3	 16.24	 170.11 
12200	 171.81 	1 	171.98 	0.17 	0 	-3	 15.09	 171.30 
12300	 173.59 	1 	172.79 	0.80 	0 	-3	 13.76	 172.90 
12400	 167.36 	1 	170.07 	2.71 	0 	-3	 13.00	 169.02 
12500	 183.38 	1 	176.73 	6.65 	0 	-3	 13.30	 179.07 
12600	 176.71 	1 	176.72 	0.01 	0 	-3	 12.64	 177.42 
12700	 176.35 	1 	176.53 	0.18 	0 	-3	 11.41	 176.67 
12800	 169.68 	1 	173.11 	3.43 	0 	-3	 10.94	 171.78 
12900	 163.54 	1 	168.32 	4.78 	0 	-3	 10.46	 166.01 
13000	 166.12 	1 	167.22 	1.10 	0 	-3	 9.67	 166.09 
13100	 166.21 	1 	166.72 	0.51 	0 	-3	 8.71	 166.17 
13200	 165.41 	1 	166.06 	0.65 	0 	-3	 7.92	 165.64 
13300	 200.02 	1 	183.04 	16.98 	0 	-3	 10.59	 189.71 
13400	 170.03 	1 	176.54 	6.51 	0 	-3	 12.53	 175.93 
13500	 172.35 	1 	174.44 	2.09 	0 	-3	 11.51	 173.42 
13600	 169.59 	1 	172.02 	2.43 	0 	-3	 10.63	 170.74 
13700	 171.28 	1 	171.65 	0.37 	0 	-3	 9.74	 171.12 
13800	 169.77 	1 	170.71 	0.94 	0 	-3	 8.92	 170.17 
13900	 176.08 	1 	173.39 	2.69 	0 	-3	 8.66	 174.31 
14000	 167.01 	1 	170.20 	3.19 	0 	-3	 8.70	 169.20 
14100	 167.54 	1 	168.87 	1.33 	0 	-3	 7.88	 168.04 
14200	 163.63 	1 	166.25 	2.62 	0 	-3	 7.48	 164.95 
14300	 175.02 	1 	170.64 	4.38 	0 	-3	 7.87	 172.00 
14400	 166.30 	1 	168.47 	2.17 	0 	-3	 7.96	 168.01 
14500	 176.97 	1 	172.72 	4.25 	0 	-3	 8.23	 174.28 
14600	 163.54 	1 	168.13 	4.59 	0 	-3	 8.75	 166.76 
14700	 201.71 	1 	184.92 	16.79 	0 	-3	 11.69	 191.23 
14800	 176.71 	1 	180.81 	4.10 	0 	-3	 13.02	 181.06 
14900	 167.27 	1 	174.04 	6.77 	0 	-3	 12.66	 171.41 
15000	 170.21 	1 	172.13 	1.92 	0 	-3	 11.69	 170.57 
15100	 176.00 	1 	174.06 	1.94 	0 	-3	 11.10	 174.37 
15200	 168.79 	1 	171.43 	2.64 	0 	-3	 10.71	 170.46 
15300	 167.10 	1 	169.26 	2.16 	0 	-3	 9.81	 168.11 
15400	 170.75 	1 	170.01 	0.74 	0 	-3	 9.19	 169.96 
15500	 172.44 	1 	171.22 	1.22 	0 	-3	 8.44	 171.70 
15600	 171.55 	1 	171.39 	0.16 	0 	-3	 7.69	 171.59 
15700	 171.81 	1 	171.60 	0.21 	0 	-3	 6.95	 171.75 
15800	 178.40 	1 	175.00 	3.40 	0 	-3	 6.91	 176.40 
15900	 166.74 	1 	170.87 	4.13 	0 	-3	 7.39	 169.64 
16000	 183.65 	1 	177.26 	6.39 	0 	-3	 8.34	 179.45 
16100	 198.95 	1 	188.10 	10.85 	0 	-3	 9.03	 193.10 
16200	 170.57 	1 	179.34 	8.77 	0 	-3	 10.97	 177.33 
16300	 170.57 	1 	174.95 	4.38 	0 	-3	 9.87	 172.60 
16400	 167.81 	1 	171.38 	3.57 	0 	-3	 9.16	 169.25 
16500	 168.97 	1 	170.18 	1.21 	0 	-3	 8.36	 169.05 
16600	 169.59 	1 	169.88 	0.29 	0 	-3	 7.59	 169.43 
16700	 171.81 	1 	170.85 	0.96 	0 	-3	 7.05	 171.10 
16800	 168.43 	1 	169.64 	1.21 	0 	-3	 6.68	 169.23 
16900	 170.03 	1 	169.83 	0.20 	0 	-3	 6.17	 169.79 
17000	 167.72 	1 	168.78 	1.06 	0 	-3	 5.79	 168.34 
17100	 167.72 	1 	168.25 	0.53 	0 	-3	 5.21	 167.91 
17200	 167.81 	1 	168.03 	0.22 	0 	-3	 4.70	 167.84 
17300	 169.50 	1 	168.76 	0.74 	0 	-3	 4.40	 169.00 
17400	 168.43 	1 	168.60 	0.17 	0 	-3	 4.06	 168.60 
17500	 170.66 	1 	169.63 	1.03 	0 	-3	 3.88	 170.04 
17600	 169.50 	1 	169.56 	0.06 	0 	-3	 3.61	 169.66 
17700	 170.66 	1 	170.11 	0.55 	0 	-3	 3.36	 170.36 
17800	 169.50 	1 	169.81 	0.31 	0 	-3	 3.14	 169.76 
17900	 168.97 	1 	169.39 	0.42 	0 	-3	 2.88	 169.21 
18000	 168.08 	1 	168.73 	0.65 	0 	-3	 2.68	 168.42 
18100	 167.36 	1 	168.05 	0.69 	0 	-3	 2.49	 167.68 
18200	 165.32 	1 	166.68 	1.36 	0 	-3	 2.44	 166.03 
18300	 170.03 	1 	168.36 	1.67 	0 	-3	 2.67	 168.83 
18400	 168.97 	1 	168.66 	0.31 	0 	-3	 2.51	 168.93 
18500	 167.81 	1 	168.24 	0.43 	0 	-3	 2.37	 168.15 
18600	 164.96 	1 	166.60 	1.64 	0 	-3	 2.42	 165.92 
18700	 168.43 	1 	167.51 	0.92 	0 	-3	 2.53	 167.68 
18800	 169.59 	1 	168.55 	1.04 	0 	-3	 2.39	 169.02 
18900	 168.43 	1 	168.49 	0.06 	0 	-3	 2.27	 168.61 
19000	 178.40 	1 	173.45 	4.95 	0 	-3	 3.04	 175.46 
19100	 169.59 	1 	171.52 	1.93 	0 	-3	 3.61	 171.35 
19200	 171.19 	1 	171.35 	0.16 	0 	-3	 3.41	 171.24 
19300	 170.12 	1 	170.74 	0.62 	0 	-3	 3.18	 170.46 
19400	 167.81 	1 	169.27 	1.46 	0 	-3	 3.09	 168.60 
19500	 177.24 	1 	173.26 	3.98 	0 	-3	 3.73	 174.65 
19600	 175.55 	1 	174.40 	1.15 	0 	-3	 3.52	 175.28 
19700	 175.46 	1 	174.93 	0.53 	0 	-3	 3.18	 175.41 
19800	 169.50 	1 	172.22 	2.72 	0 	-3	 3.46	 171.27 
19900	 174.66 	1 	173.44 	1.22 	0 	-3	 3.63	 173.64 
20000	 179.38 	1 	176.41 	2.97 	0 	-3	 3.74	 177.66 
20100	 168.43 	1 	172.42 	3.99 	0 	-3	 4.46	 171.20 
