#Time(ms)	 Value 	 Validity 	 avgValue 	 Diff 	 Outliers 	 invalidReason	 SD 
200	 130.17 	0 	65.08 	65.08 	0 	65.08	 13.12	 91.12 
300	 138.62 	0 	101.85 	36.77 	0 	36.77	 12.65	 124.37 
400	 138.80 	1 	120.33 	18.47 	0 	-3	 11.40	 134.47 
500	 138.35 	1 	129.34 	9.01 	0 	-3	 10.31	 137.19 
600	 137.73 	1 	133.53 	4.20 	0 	-3	 9.34	 137.57 
700	 137.29 	1 	135.41 	1.88 	0 	-3	 8.45	 137.37 
800	 138.98 	1 	137.20 	1.78 	0 	-3	 7.77	 138.50 
900	 129.01 	1 	133.10 	4.09 	0 	-3	 7.99	 131.86 
1000	 139.96 	1 	136.53 	3.43 	0 	-3	 8.29	 137.53 
1100	 106.76 	1 	121.65 	14.89 	0 	-3	 10.78	 115.99 
1200	 124.83 	1 	123.24 	1.59 	0 	-3	 11.51	 122.18 
1300	 138.09 	1 	130.66 	7.43 	0 	-3	 11.68	 133.32 
1400	 137.82 	1 	134.24 	3.58 	0 	-3	 10.54	 136.47 
1500	 126.87 	1 	130.56 	3.69 	0 	-3	 10.58	 129.75 
1600	 127.41 	1 	128.98 	1.57 	0 	-3	 9.58	 128.11 
1700	 127.68 	1 	128.33 	0.65 	0 	-3	 8.65	 127.81 
1800	 115.13 	1 	121.73 	6.60 	0 	-3	 9.04	 118.93 
1900	 129.45 	1 	125.59 	3.86 	0 	-3	 9.57	 126.30 
2000	 124.74 	1 	125.17 	0.43 	0 	-3	 9.08	 125.21 
2100	 139.96 	1 	132.56 	7.40 	0 	-3	 9.69	 135.53 
2200	 102.40 	1 	117.48 	15.08 	0 	-3	 12.48	 112.34 
2300	 138.62 	1 	128.05 	10.57 	0 	-3	 14.86	 130.74 
2400	 73.39 	0 	100.72 	27.33 	0 	27.33	 19.89	 90.59 
2500	 143.07 	1 	121.90 	21.17 	0 	-3	 24.87	 127.33 
2600	 143.78 	1 	132.84 	10.94 	0 	-3	 22.46	 138.84 
2700	 82.65 	0 	107.74 	25.09 	0 	25.09	 26.32	 99.51 
2800	 110.95 	1 	109.35 	1.60 	0 	-3	 26.52	 107.52 
2900	 76.86 	1 	93.10 	16.24 	0 	-3	 27.28	 86.06 
3000	 118.78 	1 	105.94 	12.84 	0 	-3	 28.74	 108.96 
3100	 126.16 	1 	116.05 	10.11 	0 	-3	 26.61	 121.00 
3200	 99.82 	1 	107.94 	8.12 	0 	-3	 26.58	 106.17 
3300	 107.65 	1 	107.79 	0.14 	0 	-3	 24.70	 107.21 
3400	 127.68 	1 	117.74 	9.94 	0 	-3	 24.24	 121.54 
3500	 135.42 	1 	126.58 	8.84 	0 	-3	 22.59	 131.26 
3600	 140.49 	1 	133.53 	6.96 	0 	-3	 20.84	 137.72 
3700	 114.95 	1 	124.24 	9.29 	0 	-3	 21.31	 121.78 
3800	 108.54 	1 	116.39 	7.85 	0 	-3	 19.82	 112.51 
3900	 136.40 	1 	126.40 	10.00 	0 	-3	 20.62	 129.23 
4000	 144.32 	1 	135.36 	8.96 	0 	-3	 19.35	 139.79 
4100	 134.79 	1 	135.07 	0.28 	0 	-3	 18.37	 136.29 
4200	 140.22 	1 	137.65 	2.57 	0 	-3	 17.07	 139.04 
4300	 97.95 	1 	117.80 	19.85 	0 	-3	 19.59	 110.28 
4400	 120.20 	1 	119.00 	1.20 	0 	-3	 19.86	 117.22 
4500	 106.94 	1 	112.97 	6.03 	0 	-3	 19.20	 110.02 
4600	 112.64 	1 	112.80 	0.16 	0 	-3	 17.85	 111.86 
4700	 134.62 	1 	123.71 	10.91 	0 	-3	 18.26	 127.79 
4800	 135.86 	1 	129.79 	6.07 	0 	-3	 16.56	 133.44 
4900	 92.70 	1 	111.24 	18.54 	0 	-3	 19.22	 104.92 
5000	 137.73 	1 	124.49 	13.24 	0 	-3	 21.80	 127.89 
5100	 139.07 	1 	131.78 	7.29 	0 	-3	 19.76	 135.72 
5200	 74.37 	0 	103.07 	28.70 	0 	28.70	 24.25	 92.77 
5300	 145.21 	1 	124.14 	21.07 	0 	-3	 28.91	 129.48 
5400	 125.81 	1 	124.98 	0.83 	0 	-3	 27.96	 126.91 
5500	 147.25 	1 	136.11 	11.14 	0 	-3	 27.31	 141.15 
5600	 124.47 	1 	130.29 	5.82 	0 	-3	 26.85	 129.47 
5700	 92.97 	1 	111.63 	18.66 	0 	-3	 27.32	 103.92 
5800	 92.70 	1 	102.17 	9.47 	0 	-3	 24.61	 96.07 
5900	 93.59 	1 	97.88 	4.29 	0 	-3	 22.24	 94.33 
6000	 105.87 	1 	101.87 	4.00 	0 	-3	 21.24	 102.41 
6100	 99.82 	1 	100.85 	1.03 	0 	-3	 19.73	 100.60 
6200	 130.08 	1 	115.46 	14.62 	0 	-3	 20.78	 121.23 
6300	 84.07 	1 	99.77 	15.70 	0 	-3	 23.30	 95.22 
6400	 110.68 	1 	105.22 	5.46 	0 	-3	 23.63	 106.04 
6500	 113.17 	1 	109.20 	3.97 	0 	-3	 21.52	 111.03 
6600	 103.47 	1 	106.33 	2.86 	0 	-3	 20.34	 105.74 
6700	 131.59 	1 	118.96 	12.63 	0 	-3	 21.11	 123.83 
6800	 114.95 	1 	116.96 	2.01 	0 	-3	 20.67	 117.62 
6900	 134.79 	1 	125.87 	8.92 	0 	-3	 20.58	 129.64 
7000	 144.58 	1 	135.23 	9.35 	0 	-3	 19.51	 140.10 
7100	 129.19 	1 	132.21 	3.02 	0 	-3	 19.09	 132.46 
7200	 100.80 	1 	116.50 	15.70 	0 	-3	 20.02	 110.30 
7300	 122.96 	1 	119.73 	3.23 	0 	-3	 20.24	 119.16 
7400	 140.76 	1 	130.25 	10.51 	0 	-3	 19.99	 134.28 
7500	 110.77 	1 	120.51 	9.74 	0 	-3	 20.99	 117.82 
7600	 130.79 	1 	125.65 	5.14 	0 	-3	 20.90	 126.90 
7700	 126.70 	1 	126.17 	0.53 	0 	-3	 19.22	 126.76 
7800	 134.26 	1 	130.22 	4.04 	0 	-3	 18.05	 132.01 
7900	 139.15 	1 	134.68 	4.47 	0 	-3	 16.73	 137.01 
8000	 115.48 	1 	125.08 	9.60 	0 	-3	 17.43	 121.94 
8100	 144.14 	1 	134.61 	9.53 	0 	-3	 18.55	 137.48 
8200	 79.44 	0 	107.03 	27.59 	0 	27.59	 23.17	 96.85 
8300	 106.76 	1 	106.89 	0.13 	0 	-3	 23.58	 103.79 
8400	 131.68 	1 	119.29 	12.39 	0 	-3	 23.71	 123.31 
8500	 138.62 	1 	128.95 	9.67 	0 	-3	 22.04	 134.03 
8600	 138.98 	1 	133.97 	5.01 	0 	-3	 19.87	 137.49 
8700	 136.13 	1 	135.05 	1.08 	0 	-3	 18.17	 136.54 
8800	 122.42 	1 	128.73 	6.31 	0 	-3	 17.72	 126.66 
8900	 130.61 	1 	129.67 	0.94 	0 	-3	 16.77	 129.42 
9000	 127.14 	1 	128.41 	1.27 	0 	-3	 15.44	 127.83 
9100	 95.82 	1 	112.11 	16.29 	0 	-3	 17.03	 105.42 
9200	 120.73 	1 	116.42 	4.31 	0 	-3	 17.82	 116.14 
9300	 89.50 	1 	102.96 	13.46 	0 	-3	 19.16	 97.49 
9400	 116.02 	1 	109.49 	6.53 	0 	-3	 19.89	 110.46 
9500	 111.66 	1 	110.58 	1.08 	0 	-3	 18.34	 111.30 
9600	 109.08 	1 	109.83 	0.75 	0 	-3	 16.76	 109.75 
9700	 108.45 	1 	109.14 	0.69 	0 	-3	 15.15	 108.84 
9800	 107.30 	1 	108.22 	0.92 	0 	-3	 13.75	 107.76 
9900	 106.50 	1 	107.36 	0.86 	0 	-3	 12.46	 106.88 
10000	 96.44 	1 	101.90 	5.46 	0 	-3	 12.22	 99.57 
10100	 104.72 	1 	103.31 	1.41 	0 	-3	 11.82	 103.18 
10200	 107.83 	1 	105.57 	2.26 	0 	-3	 10.95	 106.43 
10300	 104.72 	1 	105.14 	0.42 	0 	-3	 10.17	 105.23 
10400	 88.25 	1 	96.70 	8.45 	0 	-3	 10.80	 93.35 
10500	 94.30 	1 	95.50 	1.20 	0 	-3	 10.32	 94.01 
10600	 106.76 	1 	101.13 	5.63 	0 	-3	 10.54	 102.94 
10700	 106.32 	1 	103.72 	2.60 	0 	-3	 9.53	 105.30 
10800	 109.08 	1 	106.40 	2.68 	0 	-3	 8.85	 107.95 
10900	 109.79 	1 	108.10 	1.69 	0 	-3	 8.04	 109.24 
11000	 111.21 	1 	109.65 	1.56 	0 	-3	 7.37	 110.62 
11100	 114.24 	1 	111.95 	2.29 	0 	-3	 6.94	 113.15 
11200	 109.08 	1 	110.51 	1.43 	0 	-3	 6.76	 110.30 
11300	 119.13 	1 	114.82 	4.31 	0 	-3	 7.09	 116.48 
11400	 121.62 	1 	118.22 	3.40 	0 	-3	 6.63	 120.08 
11500	 123.85 	1 	121.04 	2.81 	0 	-3	 6.19	 122.72 
11600	 126.61 	1 	123.82 	2.79 	0 	-3	 5.85	 125.44 
11700	 131.23 	1 	127.53 	3.70 	0 	-3	 5.72	 129.49 
11800	 130.43 	1 	128.98 	1.45 	0 	-3	 5.23	 130.15 
11900	 133.19 	1 	131.08 	2.11 	0 	-3	 4.99	 132.28 
12000	 135.06 	1 	133.07 	1.99 	0 	-3	 4.67	 134.23 
12100	 135.77 	1 	134.42 	1.35 	0 	-3	 4.28	 135.31 
12200	 137.73 	1 	136.08 	1.65 	0 	-3	 4.05	 137.00 
12300	 137.02 	1 	136.55 	0.47 	0 	-3	 3.71	 137.01 
12400	 136.75 	1 	136.65 	0.10 	0 	-3	 3.37	 136.83 
12500	 135.95 	1 	136.30 	0.35 	0 	-3	 3.11	 136.21 
12600	 136.04 	1 	136.17 	0.13 	0 	-3	 2.81	 136.09 
12700	 135.68 	1 	135.92 	0.24 	0 	-3	 2.56	 135.80 
12800	 136.04 	1 	135.98 	0.06 	0 	-3	 2.34	 135.97 
12900	 136.04 	1 	136.01 	0.03 	0 	-3	 2.11	 136.02 
13000	 137.20 	1 	136.61 	0.59 	0 	-3	 2.01	 136.85 
13100	 137.82 	1 	137.21 	0.61 	0 	-3	 1.87	 137.53 
13200	 135.95 	1 	136.58 	0.63 	0 	-3	 1.87	 136.42 
13300	 136.57 	1 	136.58 	0.01 	0 	-3	 1.75	 136.53 
13400	 135.42 	1 	136.00 	0.58 	0 	-3	 1.69	 135.75 
13500	 136.93 	1 	136.46 	0.47 	0 	-3	 1.67	 136.58 
13600	 137.20 	1 	136.83 	0.37 	0 	-3	 1.53	 137.01 
13700	 136.93 	1 	136.88 	0.05 	0 	-3	 1.40	 136.95 
13800	 136.93 	1 	136.91 	0.02 	0 	-3	 1.26	 136.94 
13900	 137.82 	1 	137.36 	0.46 	0 	-3	 1.23	 137.56 
14000	 136.93 	1 	137.15 	0.22 	0 	-3	 1.19	 137.12 
14100	 136.93 	1 	137.04 	0.11 	0 	-3	 1.07	 136.99 
14200	 137.20 	1 	137.12 	0.08 	0 	-3	 0.99	 137.14 
14300	 137.20 	1 	137.16 	0.04 	0 	-3	 0.89	 137.18 
14400	 137.82 	1 	137.49 	0.33 	0 	-3	 0.87	 137.63 
14500	 137.82 	1 	137.65 	0.17 	0 	-3	 0.78	 137.76 
14600	 136.84 	1 	137.25 	0.41 	0 	-3	 0.80	 137.12 
14700	 137.82 	1 	137.53 	0.29 	0 	-3	 0.82	 137.61 
14800	 137.29 	1 	137.41 	0.12 	0 	-3	 0.79	 137.39 
14900	 137.29 	1 	137.35 	0.06 	0 	-3	 0.71	 137.32 
15000	 137.02 	1 	137.19 	0.17 	0 	-3	 0.67	 137.11 
15100	 136.66 	1 	136.92 	0.26 	0 	-3	 0.64	 136.79 
15200	 136.66 	1 	136.79 	0.13 	0 	-3	 0.57	 136.70 
15300	 136.66 	1 	136.73 	0.07 	0 	-3	 0.51	 136.67 
15400	 136.66 	1 	136.69 	0.03 	0 	-3	 0.46	 136.66 
15500	 136.66 	1 	136.68 	0.02 	0 	-3	 0.42	 136.66 
15600	 135.77 	1 	136.22 	0.45 	0 	-3	 0.46	 136.04 
15700	 136.75 	1 	136.49 	0.26 	0 	-3	 0.52	 136.54 
15800	 137.29 	1 	136.89 	0.40 	0 	-3	 0.52	 137.06 
15900	 136.13 	1 	136.51 	0.38 	0 	-3	 0.58	 136.41 
16000	 136.40 	1 	136.45 	0.05 	0 	-3	 0.55	 136.40 
16100	 137.20 	1 	136.83 	0.37 	0 	-3	 0.58	 136.96 
16200	 136.04 	1 	136.43 	0.39 	0 	-3	 0.63	 136.32 
16300	 136.13 	1 	136.28 	0.15 	0 	-3	 0.58	 136.19 
16400	 136.04 	1 	136.16 	0.12 	0 	-3	 0.53	 136.08 
16500	 137.82 	1 	136.99 	0.83 	0 	-3	 0.66	 137.30 
16600	 137.29 	1 	137.14 	0.15 	0 	-3	 0.64	 137.29 
16700	 137.73 	1 	137.44 	0.29 	0 	-3	 0.62	 137.60 
16800	 137.11 	1 	137.27 	0.16 	0 	-3	 0.62	 137.26 
16900	 137.73 	1 	137.50 	0.23 	0 	-3	 0.62	 137.59 
17000	 137.82 	1 	137.66 	0.16 	0 	-3	 0.57	 137.75 
17100	 137.82 	1 	137.74 	0.08 	0 	-3	 0.51	 137.80 
17200	 137.82 	1 	137.78 	0.04 	0 	-3	 0.46	 137.81 
17300	 137.82 	1 	137.80 	0.02 	0 	-3	 0.41	 137.82 
17400	 137.82 	1 	137.81 	0.01 	0 	-3	 0.37	 137.82 
17500	 137.20 	1 	137.51 	0.31 	0 	-3	 0.40	 137.39 
17600	 137.29 	1 	137.40 	0.11 	0 	-3	 0.37	 137.32 
17700	 136.66 	1 	137.03 	0.37 	0 	-3	 0.39	 136.86 
17800	 137.91 	1 	137.47 	0.44 	0 	-3	 0.48	 137.59 
17900	 137.82 	1 	137.64 	0.18 	0 	-3	 0.44	 137.75 
18000	 136.84 	1 	137.24 	0.40 	0 	-3	 0.49	 137.11 
18100	 137.73 	1 	137.49 	0.24 	0 	-3	 0.53	 137.55 
18200	 136.93 	1 	137.21 	0.28 	0 	-3	 0.56	 137.11 
18300	 136.66 	1 	136.93 	0.27 	0 	-3	 0.53	 136.80 
18400	 137.82 	1 	137.38 	0.44 	0 	-3	 0.59	 137.51 
18500	 137.20 	1 	137.29 	0.09 	0 	-3	 0.60	 137.29 
18600	 135.42 	1 	136.35 	0.93 	0 	-3	 0.72	 135.98 
18700	 137.82 	1 	137.09 	0.73 	0 	-3	 0.88	 137.27 
18800	 136.75 	1 	136.92 	0.17 	0 	-3	 0.90	 136.91 
18900	 136.13 	1 	136.52 	0.39 	0 	-3	 0.87	 136.36 
19000	 137.37 	1 	136.95 	0.42 	0 	-3	 0.91	 137.07 
19100	 135.51 	1 	136.23 	0.72 	0 	-3	 1.01	 135.98 
19200	 137.82 	1 	137.02 	0.80 	0 	-3	 1.14	 137.27 
19300	 137.82 	1 	137.42 	0.40 	0 	-3	 1.02	 137.65 
19400	 137.29 	1 	137.36 	0.07 	0 	-3	 0.97	 137.40 
19500	 136.66 	1 	137.01 	0.35 	0 	-3	 0.94	 136.88 
19600	 136.66 	1 	136.83 	0.17 	0 	-3	 0.84	 136.73 
19700	 136.13 	1 	136.48 	0.35 	0 	-3	 0.81	 136.31 
19800	 136.75 	1 	136.62 	0.13 	0 	-3	 0.79	 136.62 
19900	 135.77 	1 	136.19 	0.42 	0 	-3	 0.81	 136.02 
20000	 137.91 	1 	137.05 	0.86 	0 	-3	 0.95	 137.34 
20100	 137.29 	1 	137.17 	0.12 	0 	-3	 0.91	 137.31 
