#Time(ms)	 Value 	 Validity 	 avgValue 	 Diff 	 Outliers 	 invalidReason	 SD 
200	 -1.00 	0 	0.00 	1.00 	0 	0	 0.00	 0.00 
300	 148.05 	0 	74.03 	74.03 	0 	74.03	 14.91	 103.64 
400	 289.01 	0 	181.52 	107.49 	0 	107.49	 27.51	 233.40 
500	 288.21 	0 	234.86 	53.35 	0 	53.35	 24.84	 271.77 
600	 286.96 	1 	260.91 	26.05 	0 	-3	 22.48	 282.40 
700	 288.83 	1 	274.87 	13.96 	0 	-3	 20.42	 286.90 
800	 149.92 	0 	212.40 	62.48 	0 	62.48	 32.27	 191.01 
900	 165.58 	1 	188.99 	23.41 	0 	-3	 30.61	 173.21 
1000	 150.01 	1 	169.50 	19.49 	0 	-3	 29.10	 156.97 
1100	 159.71 	1 	164.60 	4.89 	0 	-3	 27.16	 158.89 
1200	 121.71 	1 	143.16 	21.45 	0 	-3	 28.25	 132.86 
1300	 148.50 	1 	145.83 	2.67 	0 	-3	 28.10	 143.81 
1400	 165.32 	1 	155.57 	9.75 	0 	-3	 26.97	 158.87 
1500	 148.50 	1 	152.04 	3.54 	0 	-3	 25.96	 151.61 
1600	 -1.00 	0 	152.04 	153.04 	0 	0	 25.96	 151.61 
1700	 -1.00 	0 	152.04 	153.04 	0 	0	 25.96	 151.61 
1800	 148.68 	1 	150.36 	1.68 	0 	-3	 38.33	 149.56 
1900	 148.50 	1 	149.43 	0.93 	0 	-3	 34.52	 148.82 
2000	 151.43 	1 	150.43 	1.00 	0 	-3	 31.36	 150.65 
2100	 148.77 	1 	149.60 	0.83 	0 	-3	 28.49	 149.33 
2200	 148.23 	1 	148.91 	0.68 	0 	-3	 25.69	 148.56 
2300	 153.13 	1 	151.02 	2.11 	0 	-3	 23.61	 151.76 
2400	 125.01 	1 	138.02 	13.01 	0 	-3	 24.06	 133.03 
2500	 143.69 	1 	140.85 	2.84 	0 	-3	 23.53	 140.49 
2600	 140.93 	1 	140.89 	0.04 	0 	-3	 21.45	 140.80 
2700	 158.91 	1 	149.90 	9.01 	0 	-3	 21.10	 153.48 
2800	 125.01 	1 	137.46 	12.45 	0 	-3	 22.38	 133.55 
2900	 89.05 	0 	113.25 	24.20 	0 	24.20	 23.74	 102.40 
3000	 115.84 	1 	114.55 	1.29 	0 	-3	 24.04	 111.81 
3100	 156.69 	1 	135.62 	21.07 	0 	-3	 25.73	 143.23 
3200	 158.91 	1 	147.26 	11.65 	0 	-3	 23.37	 154.20 
3300	 164.34 	1 	155.80 	8.54 	0 	-3	 21.58	 161.30 
3400	 157.93 	1 	156.87 	1.06 	0 	-3	 20.06	 158.94 
3500	 156.33 	1 	156.60 	0.27 	0 	-3	 18.22	 157.11 
3600	 125.63 	1 	141.11 	15.48 	0 	-3	 19.47	 135.07 
3700	 144.94 	1 	143.03 	1.91 	0 	-3	 19.45	 141.98 
3800	 145.74 	1 	144.38 	1.36 	0 	-3	 17.58	 144.61 
3900	 154.02 	1 	149.20 	4.82 	0 	-3	 16.65	 151.20 
4000	 146.45 	1 	147.83 	1.38 	0 	-3	 15.75	 147.87 
4100	 157.04 	1 	152.43 	4.61 	0 	-3	 15.23	 154.29 
4200	 152.95 	1 	152.69 	0.26 	0 	-3	 14.12	 153.35 
4300	 131.59 	1 	142.14 	10.55 	0 	-3	 14.84	 138.12 
4400	 161.31 	1 	151.73 	9.58 	0 	-3	 16.33	 154.35 
4500	 144.76 	1 	148.24 	3.48 	0 	-3	 16.35	 147.64 
4600	 132.57 	1 	140.41 	7.84 	0 	-3	 15.93	 137.09 
4700	 147.52 	1 	143.96 	3.56 	0 	-3	 15.84	 144.39 
4800	 151.26 	1 	147.61 	3.65 	0 	-3	 14.63	 149.20 
4900	 163.27 	1 	155.44 	7.83 	0 	-3	 14.36	 159.05 
5000	 125.54 	1 	140.49 	14.95 	0 	-3	 16.70	 135.59 
5100	 165.58 	1 	153.04 	12.54 	0 	-3	 19.04	 156.58 
5200	 120.38 	1 	136.71 	16.33 	0 	-3	 21.65	 131.24 
5300	 151.17 	1 	143.94 	7.23 	0 	-3	 22.57	 145.19 
5400	 138.89 	1 	141.41 	2.52 	0 	-3	 21.54	 140.78 
5500	 132.21 	1 	136.81 	4.60 	0 	-3	 20.05	 134.78 
5600	 142.45 	1 	139.63 	2.82 	0 	-3	 19.07	 140.15 
5700	 125.54 	1 	132.59 	7.05 	0 	-3	 18.85	 129.92 
5800	 159.44 	1 	146.01 	13.43 	0 	-3	 20.36	 150.58 
5900	 159.00 	1 	152.51 	6.49 	0 	-3	 18.37	 156.48 
6000	 120.56 	1 	136.53 	15.97 	0 	-3	 20.37	 131.33 
6100	 146.27 	1 	141.40 	4.87 	0 	-3	 20.91	 141.79 
6200	 160.87 	1 	151.14 	9.73 	0 	-3	 20.28	 155.15 
6300	 147.25 	1 	149.19 	1.94 	0 	-3	 19.61	 149.62 
6400	 160.51 	1 	154.85 	5.66 	0 	-3	 18.98	 157.24 
6500	 153.39 	1 	154.12 	0.73 	0 	-3	 17.79	 154.55 
6600	 117.53 	1 	135.83 	18.30 	0 	-3	 19.60	 128.63 
6700	 130.43 	1 	133.13 	2.70 	0 	-3	 18.93	 129.89 
6800	 156.42 	1 	144.77 	11.65 	0 	-3	 19.63	 148.46 
6900	 119.67 	1 	132.22 	12.55 	0 	-3	 21.35	 128.31 
7000	 163.45 	1 	147.84 	15.61 	0 	-3	 23.59	 152.91 
7100	 154.91 	1 	151.37 	3.54 	0 	-3	 22.08	 154.31 
7200	 147.34 	1 	149.36 	2.02 	0 	-3	 20.63	 149.43 
7300	 161.76 	1 	155.56 	6.20 	0 	-3	 20.01	 158.06 
7400	 159.09 	1 	157.32 	1.77 	0 	-3	 18.28	 158.78 
7500	 157.31 	1 	157.32 	0.01 	0 	-3	 16.63	 157.75 
7600	 149.12 	1 	153.22 	4.10 	0 	-3	 15.78	 151.71 
7700	 158.29 	1 	155.75 	2.54 	0 	-3	 15.12	 156.32 
7800	 141.74 	1 	148.75 	7.01 	0 	-3	 15.27	 146.11 
7900	 135.51 	1 	142.13 	6.62 	0 	-3	 14.36	 138.69 
8000	 130.97 	1 	136.55 	5.58 	0 	-3	 13.38	 133.29 
8100	 126.34 	1 	131.44 	5.10 	0 	-3	 12.50	 128.42 
8200	 125.18 	1 	128.31 	3.13 	0 	-3	 11.37	 126.15 
8300	 139.87 	1 	134.09 	5.78 	0 	-3	 11.70	 135.75 
8400	 156.24 	1 	145.17 	11.07 	0 	-3	 12.17	 150.09 
8500	 156.77 	1 	150.97 	5.80 	0 	-3	 11.00	 154.77 
8600	 -1.00 	0 	150.97 	151.97 	0 	0	 11.00	 154.77 
8700	 -1.00 	0 	150.97 	151.97 	0 	0	 11.00	 154.77 
8800	 129.10 	1 	140.03 	10.93 	0 	-3	 22.91	 136.80 
8900	 137.82 	1 	138.93 	1.11 	0 	-3	 21.50	 137.51 
9000	 140.67 	1 	139.80 	0.87 	0 	-3	 19.63	 139.72 
9100	 134.53 	1 	137.16 	2.63 	0 	-3	 18.28	 136.09 
9200	 115.57 	1 	126.37 	10.80 	0 	-3	 18.35	 121.73 
9300	 122.34 	1 	124.35 	2.01 	0 	-3	 17.19	 122.16 
9400	 126.25 	1 	125.30 	0.95 	0 	-3	 15.86	 125.02 
9500	 129.19 	1 	127.25 	1.94 	0 	-3	 14.57	 127.94 
9600	 126.87 	1 	127.06 	0.19 	0 	-3	 13.35	 127.19 
9700	 120.82 	1 	123.94 	3.12 	0 	-3	 12.62	 122.73 
9800	 217.55 	0 	170.74 	46.81 	0 	46.81	 21.03	 189.10 
9900	 150.46 	1 	160.60 	10.14 	0 	-3	 25.63	 162.05 
10000	 141.65 	1 	151.13 	9.48 	0 	-3	 23.95	 147.77 
10100	 213.10 	1 	182.11 	30.99 	0 	-3	 28.70	 193.50 
10200	 123.58 	1 	152.85 	29.27 	0 	-3	 34.78	 144.56 
10300	 126.25 	1 	139.55 	13.30 	0 	-3	 31.57	 131.74 
10400	 152.24 	1 	145.89 	6.35 	0 	-3	 31.01	 146.09 
10500	 199.40 	1 	172.65 	26.75 	0 	-3	 32.63	 183.41 
10600	 119.04 	1 	145.84 	26.80 	0 	-3	 37.40	 138.35 
10700	 133.90 	1 	139.87 	5.97 	0 	-3	 35.15	 135.24 
10800	 49.90 	0 	94.89 	44.99 	0 	44.99	 40.03	 75.50 
10900	 132.39 	1 	113.64 	18.75 	0 	-3	 44.28	 115.32 
11000	 125.09 	1 	119.36 	5.73 	0 	-3	 40.58	 122.16 
11100	 136.31 	1 	127.84 	8.47 	0 	-3	 37.64	 132.06 
11200	 128.12 	1 	127.98 	0.14 	0 	-3	 34.70	 129.30 
11300	 126.43 	1 	127.20 	0.77 	0 	-3	 31.40	 127.29 
11400	 136.93 	1 	132.07 	4.86 	0 	-3	 29.31	 134.04 
11500	 141.20 	1 	136.63 	4.57 	0 	-3	 26.80	 139.05 
11600	 136.75 	1 	136.69 	0.06 	0 	-3	 24.57	 137.44 
11700	 145.47 	1 	141.08 	4.39 	0 	-3	 22.98	 143.06 
11800	 148.68 	1 	144.88 	3.80 	0 	-3	 21.01	 146.99 
11900	 141.91 	1 	143.40 	1.49 	0 	-3	 19.58	 143.44 
12000	 148.59 	1 	145.99 	2.60 	0 	-3	 18.29	 147.04 
12100	 147.16 	1 	146.58 	0.58 	0 	-3	 16.61	 147.13 
12200	 147.96 	1 	147.27 	0.69 	0 	-3	 15.03	 147.71 
12300	 146.27 	1 	146.77 	0.50 	0 	-3	 13.69	 146.70 
12400	 147.70 	1 	147.23 	0.47 	0 	-3	 12.47	 147.40 
12500	 264.27 	0 	205.75 	58.52 	0 	58.52	 22.88	 229.21 
12600	 147.79 	1 	176.77 	28.98 	0 	-3	 32.24	 172.22 
12700	 147.52 	1 	162.15 	14.63 	0 	-3	 29.04	 154.93 
12800	 148.32 	1 	155.23 	6.91 	0 	-3	 26.22	 150.30 
12900	 150.46 	1 	152.85 	2.39 	0 	-3	 23.81	 150.41 
13000	 151.08 	1 	151.96 	0.88 	0 	-3	 21.49	 150.88 
13100	 148.85 	1 	150.41 	1.56 	0 	-3	 19.56	 149.46 
13200	 149.83 	1 	150.12 	0.29 	0 	-3	 17.71	 149.72 
13300	 147.16 	1 	148.64 	1.48 	0 	-3	 16.20	 147.93 
13400	 148.94 	1 	148.79 	0.15 	0 	-3	 14.76	 148.64 
13500	 136.75 	1 	142.77 	6.02 	0 	-3	 14.50	 140.32 
13600	 148.85 	1 	145.81 	3.04 	0 	-3	 14.26	 146.29 
13700	 147.52 	1 	146.66 	0.86 	0 	-3	 12.97	 147.15 
13800	 151.43 	1 	149.05 	2.38 	0 	-3	 12.06	 150.15 
13900	 151.70 	1 	150.37 	1.33 	0 	-3	 10.88	 151.23 
14000	 149.21 	1 	149.79 	0.58 	0 	-3	 10.04	 149.82 
14100	 148.68 	1 	149.24 	0.56 	0 	-3	 9.09	 149.02 
14200	 147.79 	1 	148.51 	0.72 	0 	-3	 8.27	 148.16 
14300	 288.30 	0 	218.41 	69.89 	0 	69.89	 21.50	 246.26 
14400	 162.83 	1 	190.62 	27.79 	0 	-3	 31.89	 187.86 
14500	 149.92 	1 	170.27 	20.35 	0 	-3	 30.00	 161.30 
14600	 159.18 	1 	164.72 	5.54 	0 	-3	 27.92	 159.82 
14700	 158.91 	1 	161.82 	2.91 	0 	-3	 25.16	 159.18 
14800	 162.91 	1 	162.36 	0.55 	0 	-3	 23.04	 161.79 
14900	 287.41 	0 	224.89 	62.52 	0 	62.52	 33.19	 249.72 
15000	 138.35 	0 	181.62 	43.27 	0 	43.27	 44.77	 171.76 
15100	 155.53 	1 	168.57 	13.04 	0 	-3	 42.01	 160.40 
15200	 151.08 	1 	159.83 	8.75 	0 	-3	 38.26	 153.88 
15300	 158.82 	1 	159.32 	0.50 	0 	-3	 35.21	 157.34 
15400	 147.25 	1 	153.29 	6.04 	0 	-3	 32.84	 150.28 
15500	 148.85 	1 	151.07 	2.22 	0 	-3	 29.72	 149.28 
15600	 150.81 	1 	150.94 	0.13 	0 	-3	 26.94	 150.35 
15700	 148.85 	1 	149.89 	1.04 	0 	-3	 24.44	 149.30 
15800	 287.50 	0 	218.70 	68.80 	0 	68.80	 35.86	 246.04 
15900	 151.79 	1 	185.24 	33.45 	0 	-3	 45.85	 180.07 
16000	 149.21 	1 	167.23 	18.02 	0 	-3	 41.52	 158.47 
16100	 287.94 	0 	227.58 	60.36 	0 	60.36	 51.24	 249.10 
16200	 148.85 	0 	188.22 	39.37 	0 	39.37	 60.03	 178.92 
16300	 152.86 	1 	170.54 	17.68 	0 	-3	 54.43	 160.68 
16400	 151.61 	1 	161.07 	9.46 	0 	-3	 49.11	 154.33 
16500	 150.99 	1 	156.03 	5.04 	0 	-3	 44.26	 151.99 
16600	 147.79 	1 	151.91 	4.12 	0 	-3	 40.15	 149.05 
16700	 148.85 	1 	150.38 	1.53 	0 	-3	 36.24	 148.91 
16800	 147.70 	1 	149.04 	1.34 	0 	-3	 32.73	 148.06 
16900	 149.30 	1 	149.17 	0.13 	0 	-3	 29.62	 148.93 
17000	 148.32 	1 	148.75 	0.43 	0 	-3	 26.76	 148.50 
17100	 149.83 	1 	149.29 	0.54 	0 	-3	 24.23	 149.43 
17200	 149.39 	1 	149.34 	0.05 	0 	-3	 21.85	 149.40 
17300	 149.92 	1 	149.63 	0.29 	0 	-3	 19.72	 149.76 
17400	 148.32 	1 	148.97 	0.65 	0 	-3	 17.91	 148.75 
17500	 151.08 	1 	150.03 	1.05 	0 	-3	 16.39	 150.38 
17600	 150.46 	1 	150.24 	0.22 	0 	-3	 14.82	 150.44 
17700	 156.15 	1 	153.20 	2.95 	0 	-3	 13.90	 154.44 
17800	 149.39 	1 	151.29 	1.90 	0 	-3	 13.19	 150.90 
17900	 149.21 	1 	150.25 	1.04 	0 	-3	 11.89	 149.72 
18000	 153.04 	1 	151.65 	1.39 	0 	-3	 11.08	 152.04 
18100	 153.21 	1 	152.43 	0.78 	0 	-3	 9.99	 152.86 
18200	 152.50 	1 	152.46 	0.04 	0 	-3	 9.06	 152.61 
18300	 151.17 	1 	151.82 	0.65 	0 	-3	 8.29	 151.60 
18400	 148.32 	1 	150.07 	1.75 	0 	-3	 7.75	 149.30 
18500	 151.70 	1 	150.88 	0.82 	0 	-3	 7.31	 150.98 
18600	 160.51 	1 	155.70 	4.81 	0 	-3	 7.46	 157.65 
18700	 148.32 	1 	152.01 	3.69 	0 	-3	 7.93	 151.12 
18800	 150.55 	1 	151.28 	0.73 	0 	-3	 7.36	 150.72 
18900	 151.70 	1 	151.49 	0.21 	0 	-3	 6.74	 151.41 
19000	 289.54 	0 	220.51 	69.03 	0 	69.03	 19.85	 248.10 
19100	 150.55 	1 	185.53 	34.98 	0 	-3	 31.76	 179.81 
19200	 160.51 	1 	173.02 	12.51 	0 	-3	 29.58	 166.30 
19300	 151.08 	1 	162.05 	10.97 	0 	-3	 27.57	 155.65 
19400	 151.70 	1 	156.88 	5.18 	0 	-3	 24.87	 152.88 
19500	 154.37 	1 	155.62 	1.25 	0 	-3	 22.65	 153.92 
19600	 148.85 	1 	152.24 	3.39 	0 	-3	 20.94	 150.37 
19700	 151.17 	1 	151.70 	0.53 	0 	-3	 19.08	 150.93 
19800	 153.21 	1 	152.46 	0.75 	0 	-3	 17.37	 152.53 
19900	 155.88 	1 	154.17 	1.71 	0 	-3	 15.90	 154.87 
20000	 151.08 	1 	152.62 	1.54 	0 	-3	 14.79	 152.22 
20100	 148.85 	1 	150.74 	1.89 	0 	-3	 13.54	 149.86 
