#Time(ms)	 Value 	 Validity 	 avgValue 	 Diff 	 Outliers 	 invalidReason	 SD 
200	 9.68 	0 	4.84 	4.84 	0 	4.84	 1.07	 6.78 
300	 8.52 	0 	6.68 	1.84 	0 	1.84	 1.08	 8.00 
400	 10.83 	0 	8.75 	2.08 	0 	2.08	 1.20	 9.98 
500	 8.52 	1 	8.64 	0.12 	0 	-3	 1.31	 8.96 
600	 10.75 	1 	9.69 	1.06 	0 	-3	 1.40	 10.21 
700	 10.21 	1 	9.95 	0.26 	0 	-3	 1.32	 10.21 
800	 8.43 	1 	9.19 	0.76 	0 	-3	 1.36	 8.96 
900	 8.43 	1 	8.81 	0.38 	0 	-3	 1.23	 8.59 
1000	 8.52 	1 	8.67 	0.15 	0 	-3	 1.11	 8.54 
1100	 8.52 	1 	8.59 	0.07 	0 	-3	 1.00	 8.53 
1200	 10.83 	1 	9.71 	1.12 	0 	-3	 1.13	 10.14 
1300	 8.52 	1 	9.12 	0.60 	0 	-3	 1.25	 9.01 
1400	 8.52 	1 	8.82 	0.30 	0 	-3	 1.13	 8.67 
1500	 8.61 	1 	8.71 	0.10 	0 	-3	 1.02	 8.63 
1600	 8.52 	1 	8.62 	0.10 	0 	-3	 0.93	 8.55 
1700	 10.21 	1 	9.41 	0.80 	0 	-3	 1.00	 9.71 
1800	 8.52 	1 	8.97 	0.45 	0 	-3	 1.07	 8.88 
1900	 10.21 	1 	9.59 	0.62 	0 	-3	 1.13	 9.81 
2000	 8.88 	1 	9.23 	0.35 	0 	-3	 1.15	 9.16 
2100	 10.83 	1 	10.03 	0.80 	0 	-3	 1.23	 10.33 
2200	 8.61 	1 	9.32 	0.71 	0 	-3	 1.33	 9.13 
2300	 10.83 	1 	10.08 	0.75 	0 	-3	 1.42	 10.32 
2400	 8.52 	1 	9.30 	0.78 	0 	-3	 1.51	 9.06 
2500	 8.43 	1 	8.86 	0.43 	0 	-3	 1.37	 8.62 
2600	 10.30 	1 	9.58 	0.72 	0 	-3	 1.42	 9.80 
2700	 10.30 	1 	9.94 	0.36 	0 	-3	 1.28	 10.15 
2800	 8.61 	1 	9.28 	0.67 	0 	-3	 1.32	 9.07 
2900	 8.52 	1 	8.90 	0.38 	0 	-3	 1.20	 8.69 
3000	 8.52 	1 	8.71 	0.19 	0 	-3	 1.08	 8.57 
3100	 8.52 	1 	8.61 	0.09 	0 	-3	 0.97	 8.53 
3200	 8.52 	1 	8.57 	0.05 	0 	-3	 0.87	 8.52 
3300	 8.61 	1 	8.59 	0.02 	0 	-3	 0.79	 8.58 
3400	 8.43 	1 	8.51 	0.08 	0 	-3	 0.73	 8.48 
3500	 10.21 	1 	9.36 	0.85 	0 	-3	 0.84	 9.69 
3600	 8.52 	1 	8.94 	0.42 	0 	-3	 0.92	 8.87 
3700	 8.52 	1 	8.73 	0.21 	0 	-3	 0.83	 8.63 
3800	 10.75 	1 	9.74 	1.01 	0 	-3	 0.97	 10.11 
3900	 8.61 	1 	9.17 	0.56 	0 	-3	 1.09	 9.06 
4000	 10.83 	1 	10.00 	0.83 	0 	-3	 1.20	 10.30 
4100	 8.43 	1 	9.22 	0.79 	0 	-3	 1.32	 8.99 
4200	 8.52 	1 	8.87 	0.35 	0 	-3	 1.20	 8.66 
4300	 8.52 	1 	8.69 	0.17 	0 	-3	 1.08	 8.56 
4400	 10.83 	1 	9.76 	1.07 	0 	-3	 1.20	 10.15 
4500	 8.52 	1 	9.14 	0.62 	0 	-3	 1.31	 9.01 
4600	 8.52 	1 	8.83 	0.31 	0 	-3	 1.18	 8.67 
4700	 10.30 	1 	9.57 	0.73 	0 	-3	 1.24	 9.81 
4800	 8.52 	1 	9.04 	0.52 	0 	-3	 1.29	 8.91 
4900	 8.52 	1 	8.78 	0.26 	0 	-3	 1.16	 8.64 
5000	 10.21 	1 	9.50 	0.71 	0 	-3	 1.22	 9.74 
5100	 8.52 	1 	9.01 	0.49 	0 	-3	 1.26	 8.89 
5200	 8.61 	1 	8.81 	0.20 	0 	-3	 1.15	 8.69 
5300	 10.83 	1 	9.82 	1.01 	0 	-3	 1.25	 10.19 
5400	 8.52 	1 	9.17 	0.65 	0 	-3	 1.36	 9.02 
5500	 8.52 	1 	8.84 	0.32 	0 	-3	 1.22	 8.67 
5600	 9.05 	1 	8.95 	0.10 	0 	-3	 1.15	 8.94 
5700	 10.30 	1 	9.62 	0.68 	0 	-3	 1.16	 9.89 
5800	 8.52 	1 	9.07 	0.55 	0 	-3	 1.23	 8.93 
5900	 8.61 	1 	8.84 	0.23 	0 	-3	 1.11	 8.71 
6000	 8.61 	1 	8.73 	0.12 	0 	-3	 1.00	 8.64 
6100	 9.50 	1 	9.11 	0.39 	0 	-3	 0.99	 9.24 
6200	 10.39 	1 	9.75 	0.64 	0 	-3	 0.98	 10.05 
6300	 14.04 	1 	11.90 	2.14 	0 	-3	 1.25	 12.84 
6400	 16.71 	1 	14.30 	2.41 	0 	-3	 1.39	 15.55 
6500	 22.85 	0 	18.58 	4.27 	0 	4.27	 1.86	 20.66 
6600	 28.45 	0 	23.51 	4.94 	0 	4.94	 2.24	 26.11 
6700	 34.68 	1 	29.10 	5.58 	0 	-3	 2.64	 32.11 
6800	 37.89 	1 	33.49 	4.40 	0 	-3	 2.69	 36.16 
6900	 40.20 	1 	36.85 	3.35 	0 	-3	 2.66	 38.99 
7000	 42.96 	1 	39.90 	3.06 	0 	-3	 2.67	 41.77 
7100	 46.43 	1 	43.17 	3.26 	0 	-3	 2.75	 45.03 
7200	 48.57 	1 	45.87 	2.70 	0 	-3	 2.69	 47.51 
7300	 47.23 	1 	46.55 	0.68 	0 	-3	 2.55	 47.31 
7400	 47.68 	1 	47.11 	0.57 	0 	-3	 2.34	 47.57 
7500	 48.74 	1 	47.93 	0.81 	0 	-3	 2.21	 48.39 
7600	 49.28 	1 	48.60 	0.68 	0 	-3	 2.05	 49.01 
7700	 46.61 	1 	47.61 	1.00 	0 	-3	 2.11	 47.33 
7800	 46.16 	1 	46.88 	0.72 	0 	-3	 1.94	 46.51 
7900	 44.38 	1 	45.63 	1.25 	0 	-3	 1.93	 45.02 
8000	 43.49 	1 	44.56 	1.07 	0 	-3	 1.82	 43.95 
8100	 44.47 	1 	44.52 	0.05 	0 	-3	 1.74	 44.31 
8200	 43.14 	1 	43.83 	0.69 	0 	-3	 1.70	 43.49 
8300	 41.18 	1 	42.50 	1.32 	0 	-3	 1.72	 41.87 
8400	 43.31 	1 	42.91 	0.40 	0 	-3	 1.76	 42.88 
8500	 45.18 	1 	44.04 	1.14 	0 	-3	 1.77	 44.49 
8600	 46.87 	1 	45.46 	1.41 	0 	-3	 1.77	 46.16 
8700	 46.34 	1 	45.90 	0.44 	0 	-3	 1.64	 46.28 
8800	 51.06 	1 	48.48 	2.58 	0 	-3	 1.95	 49.63 
8900	 52.75 	1 	50.61 	2.14 	0 	-3	 1.92	 51.81 
9000	 54.35 	1 	52.48 	1.87 	0 	-3	 1.89	 53.59 
9100	 56.13 	1 	54.31 	1.82 	0 	-3	 1.88	 55.37 
9200	 58.98 	1 	56.64 	2.34 	0 	-3	 1.98	 57.90 
9300	 58.80 	1 	57.72 	1.08 	0 	-3	 1.80	 58.53 
9400	 61.82 	1 	59.77 	2.05 	0 	-3	 1.92	 60.83 
9500	 62.36 	1 	61.07 	1.29 	0 	-3	 1.78	 61.90 
9600	 59.33 	1 	60.20 	0.87 	0 	-3	 1.91	 60.10 
9700	 63.34 	1 	61.77 	1.57 	0 	-3	 2.12	 62.37 
9800	 62.98 	1 	62.37 	0.61 	0 	-3	 1.94	 62.80 
9900	 65.65 	1 	64.01 	1.64 	0 	-3	 2.01	 64.79 
10000	 68.41 	1 	66.21 	2.20 	0 	-3	 2.09	 67.33 
10100	 71.70 	1 	68.96 	2.74 	0 	-3	 2.21	 70.39 
10200	 74.82 	1 	71.89 	2.93 	0 	-3	 2.30	 73.49 
10300	 78.64 	1 	75.26 	3.38 	0 	-3	 2.45	 77.10 
10400	 83.63 	1 	79.45 	4.18 	0 	-3	 2.71	 81.67 
10500	 83.63 	1 	81.54 	2.09 	0 	-3	 2.44	 83.04 
10600	 83.72 	1 	82.63 	1.09 	0 	-3	 2.20	 83.52 
10700	 87.99 	1 	85.31 	2.68 	0 	-3	 2.41	 86.65 
10800	 88.08 	1 	86.69 	1.39 	0 	-3	 2.18	 87.65 
10900	 92.53 	1 	89.61 	2.92 	0 	-3	 2.40	 91.07 
11000	 95.64 	1 	92.63 	3.01 	0 	-3	 2.47	 94.27 
11100	 99.02 	1 	95.82 	3.20 	0 	-3	 2.56	 97.59 
11200	 100.18 	1 	98.00 	2.18 	0 	-3	 2.42	 99.40 
11300	 104.27 	1 	101.14 	3.13 	0 	-3	 2.59	 102.81 
11400	 111.92 	1 	106.53 	5.39 	0 	-3	 3.10	 109.19 
11500	 112.10 	1 	109.31 	2.79 	0 	-3	 2.80	 111.23 
11600	 111.57 	1 	110.44 	1.13 	0 	-3	 2.58	 111.47 
11700	 116.11 	1 	113.28 	2.83 	0 	-3	 2.77	 114.72 
11800	 113.26 	1 	113.27 	0.01 	0 	-3	 2.78	 113.70 
11900	 113.62 	1 	113.44 	0.18 	0 	-3	 2.54	 113.64 
12000	 8.79 	0 	61.12 	52.33 	0 	52.33	 12.77	 40.25 
12100	 120.91 	0 	91.01 	29.90 	0 	29.90	 22.70	 96.71 
12200	 119.13 	1 	105.07 	14.06 	0 	-3	 20.61	 112.40 
12300	 117.17 	1 	111.12 	6.05 	0 	-3	 18.75	 115.74 
12400	 120.29 	1 	115.71 	4.58 	0 	-3	 17.18	 118.93 
12500	 122.60 	1 	119.15 	3.45 	0 	-3	 15.70	 121.50 
12600	 123.94 	1 	121.55 	2.39 	0 	-3	 14.26	 123.21 
12700	 128.30 	1 	124.92 	3.38 	0 	-3	 13.27	 126.77 
12800	 139.33 	1 	132.13 	7.20 	0 	-3	 13.05	 135.56 
12900	 202.34 	0 	167.23 	35.11 	0 	35.11	 18.04	 182.31 
13000	 133.37 	1 	150.30 	16.93 	0 	-3	 23.14	 148.05 
13100	 135.86 	1 	143.08 	7.22 	0 	-3	 21.07	 139.52 
13200	 140.13 	1 	141.61 	1.48 	0 	-3	 19.39	 139.95 
13300	 142.71 	1 	142.16 	0.55 	0 	-3	 17.71	 141.88 
13400	 142.54 	1 	142.35 	0.19 	0 	-3	 15.96	 142.34 
13500	 146.10 	1 	144.22 	1.88 	0 	-3	 14.72	 144.97 
13600	 146.01 	1 	145.12 	0.89 	0 	-3	 13.25	 145.70 
13700	 147.61 	1 	146.36 	1.25 	0 	-3	 12.09	 147.04 
13800	 148.68 	1 	147.52 	1.16 	0 	-3	 10.99	 148.19 
13900	 147.43 	1 	147.48 	0.05 	0 	-3	 10.01	 147.66 
14000	 146.99 	1 	147.23 	0.24 	0 	-3	 9.06	 147.19 
14100	 146.99 	1 	147.11 	0.12 	0 	-3	 8.15	 147.05 
14200	 145.03 	1 	146.07 	1.04 	0 	-3	 7.53	 145.64 
14300	 146.81 	1 	146.44 	0.37 	0 	-3	 6.96	 146.46 
14400	 146.18 	1 	146.31 	0.13 	0 	-3	 6.32	 146.26 
14500	 145.65 	1 	145.98 	0.33 	0 	-3	 5.74	 145.83 
14600	 147.07 	1 	146.53 	0.54 	0 	-3	 5.31	 146.70 
14700	 148.05 	1 	147.29 	0.76 	0 	-3	 4.88	 147.64 
14800	 200.47 	1 	173.88 	26.59 	0 	-3	 9.63	 184.62 
14900	 152.50 	1 	163.19 	10.69 	0 	-3	 13.47	 162.14 
15000	 151.79 	1 	157.49 	5.70 	0 	-3	 12.19	 154.89 
15100	 151.17 	1 	154.33 	3.16 	0 	-3	 11.03	 152.29 
15200	 151.61 	1 	152.97 	1.36 	0 	-3	 9.97	 151.81 
15300	 150.01 	1 	151.49 	1.48 	0 	-3	 9.14	 150.55 
15400	 142.45 	1 	146.97 	4.52 	0 	-3	 8.98	 144.88 
15500	 143.07 	1 	145.02 	1.95 	0 	-3	 8.14	 143.61 
15600	 133.64 	1 	139.33 	5.69 	0 	-3	 8.27	 136.63 
15700	 130.26 	1 	134.79 	4.53 	0 	-3	 7.78	 132.17 
15800	 125.36 	1 	130.08 	4.72 	0 	-3	 7.49	 127.40 
15900	 123.49 	1 	126.78 	3.29 	0 	-3	 6.93	 124.66 
16000	 117.62 	1 	122.20 	4.58 	0 	-3	 6.83	 119.73 
16100	 118.51 	1 	120.36 	1.85 	0 	-3	 6.23	 118.88 
16200	 109.97 	1 	115.16 	5.19 	0 	-3	 6.46	 112.64 
16300	 -1.00 	0 	115.16 	116.16 	0 	0	 6.46	 112.64 
16400	 106.14 	1 	110.65 	4.51 	0 	-3	 16.53	 108.09 
16500	 101.51 	1 	106.08 	4.57 	0 	-3	 15.34	 103.48 
16600	 96.26 	1 	101.17 	4.91 	0 	-3	 14.33	 98.43 
16700	 93.06 	1 	97.12 	4.06 	0 	-3	 13.22	 94.67 
16800	 89.23 	1 	93.17 	3.94 	0 	-3	 12.28	 90.86 
16900	 86.65 	1 	89.91 	3.26 	0 	-3	 11.31	 87.91 
17000	 86.47 	1 	88.19 	1.72 	0 	-3	 10.20	 86.90 
17100	 83.54 	1 	85.87 	2.33 	0 	-3	 9.47	 84.55 
17200	 83.09 	1 	84.48 	1.39 	0 	-3	 8.57	 83.53 
17300	 86.92 	1 	85.70 	1.22 	0 	-3	 8.09	 85.90 
17400	 85.58 	1 	85.64 	0.06 	0 	-3	 7.42	 85.68 
17500	 89.41 	1 	87.52 	1.89 	0 	-3	 7.06	 88.29 
17600	 94.93 	1 	91.23 	3.70 	0 	-3	 6.91	 92.94 
17700	 99.47 	1 	95.35 	4.12 	0 	-3	 6.67	 97.51 
17800	 104.54 	1 	99.94 	4.60 	0 	-3	 6.51	 102.43 
17900	 111.66 	1 	105.80 	5.86 	0 	-3	 6.57	 108.89 
18000	 119.04 	1 	112.42 	6.62 	0 	-3	 6.65	 116.00 
18100	 127.32 	1 	119.87 	7.45 	0 	-3	 6.81	 123.92 
18200	 135.68 	1 	127.78 	7.90 	0 	-3	 6.97	 132.15 
18300	 143.60 	1 	135.69 	7.91 	0 	-3	 7.06	 140.17 
18400	 126.61 	1 	131.15 	4.54 	0 	-3	 8.06	 130.68 
18500	 152.06 	1 	141.60 	10.46 	0 	-3	 9.80	 145.65 
18600	 158.29 	1 	149.95 	8.34 	0 	-3	 9.44	 154.50 
18700	 161.13 	1 	155.54 	5.59 	0 	-3	 8.78	 159.14 
18800	 169.14 	1 	162.34 	6.80 	0 	-3	 8.70	 166.14 
18900	 171.10 	1 	166.72 	4.38 	0 	-3	 8.03	 169.61 
19000	 173.59 	1 	170.15 	3.44 	0 	-3	 7.47	 172.40 
19100	 175.73 	1 	172.94 	2.79 	0 	-3	 6.94	 174.73 
19200	 168.43 	1 	170.69 	2.26 	0 	-3	 6.98	 170.32 
19300	 180.44 	1 	175.56 	4.88 	0 	-3	 7.48	 177.40 
19400	 177.24 	1 	176.40 	0.84 	0 	-3	 7.05	 177.29 
19500	 170.92 	1 	173.66 	2.74 	0 	-3	 6.98	 172.83 
19600	 170.57 	1 	172.12 	1.55 	0 	-3	 6.32	 171.25 
19700	 169.41 	1 	170.76 	1.35 	0 	-3	 5.80	 169.96 
19800	 162.91 	1 	166.84 	3.93 	0 	-3	 5.87	 165.03 
19900	 161.22 	1 	164.03 	2.81 	0 	-3	 5.45	 162.36 
20000	 153.48 	1 	158.75 	5.27 	0 	-3	 5.68	 156.14 
20100	 149.57 	1 	154.16 	4.59 	0 	-3	 5.50	 151.54 
20200	 145.65 	1 	149.91 	4.26 	0 	-3	 5.35	 147.42 
20300	 139.87 	1 	144.89 	5.02 	0 	-3	 5.39	 142.13 
20400	 134.26 	1 	139.57 	5.31 	0 	-3	 5.41	 136.62 
20500	 128.30 	1 	133.94 	5.64 	0 	-3	 5.47	 130.80 
20600	 123.67 	1 	128.80 	5.13 	0 	-3	 5.38	 125.81 
20700	 120.65 	1 	124.73 	4.08 	0 	-3	 5.15	 122.20 
20800	 115.04 	1 	119.88 	4.84 	0 	-3	 5.19	 117.19 
20900	 107.21 	1 	113.55 	6.34 	0 	-3	 5.46	 110.20 
21000	 100.62 	1 	107.08 	6.46 	0 	-3	 5.57	 103.49 
21100	 96.26 	1 	101.67 	5.41 	0 	-3	 5.45	 98.43 
21200	 95.37 	1 	98.52 	3.15 	0 	-3	 4.99	 96.29 
21300	 96.89 	1 	97.71 	0.82 	0 	-3	 4.65	 96.71 
21400	 91.28 	1 	94.49 	3.21 	0 	-3	 4.74	 92.91 
21500	 94.93 	1 	94.71 	0.22 	0 	-3	 4.63	 94.32 
21600	 91.72 	1 	93.22 	1.50 	0 	-3	 4.49	 92.50 
21700	 89.50 	1 	91.36 	1.86 	0 	-3	 4.26	 90.40 
21800	 89.05 	1 	90.20 	1.15 	0 	-3	 3.88	 89.46 
21900	 89.77 	1 	89.99 	0.22 	0 	-3	 3.57	 89.68 
22000	 163.45 	0 	126.72 	36.73 	0 	36.73	 10.58	 141.32 
22100	 86.12 	1 	106.42 	20.30 	0 	-3	 17.25	 102.68 
22200	 77.22 	1 	91.82 	14.60 	0 	-3	 16.42	 84.86 
22300	 61.82 	1 	76.82 	15.00 	0 	-3	 16.32	 68.73 
22400	 35.48 	0 	56.15 	20.67 	0 	20.67	 17.32	 45.46 
22500	 10.66 	0 	33.40 	22.74 	0 	22.74	 18.07	 21.10 
22600	 91.99 	0 	62.70 	29.29 	0 	29.29	 24.39	 70.72 
22700	 228.23 	0 	145.46 	82.77 	0 	82.77	 35.58	 180.98 
22800	 450.43 	0 	297.95 	152.48 	0 	0	 54.24	 369.59 
22900	 10.83 	0 	154.39 	143.56 	0 	143.56	 92.78	 118.46 
23000	 545.29 	0 	349.84 	195.45 	0 	0	 136.95	 417.24 
23100	 185.43 	0 	267.63 	82.20 	0 	82.20	 159.24	 254.97 
23200	 136.66 	0 	202.15 	65.49 	0 	65.49	 148.19	 172.15 
23300	 130.88 	0 	166.51 	35.63 	0 	35.63	 133.95	 143.26 
23400	 132.57 	1 	149.54 	16.97 	0 	-3	 120.72	 135.78 
23500	 130.34 	1 	139.94 	9.60 	0 	-3	 108.87	 131.97 
23600	 131.32 	1 	135.63 	4.31 	0 	-3	 98.08	 131.52 
23700	 133.37 	1 	134.50 	1.13 	0 	-3	 88.48	 132.81 
23800	 132.48 	1 	133.49 	1.01 	0 	-3	 79.72	 132.58 
23900	 134.44 	1 	133.97 	0.47 	0 	-3	 71.95	 133.88 
24000	 130.79 	1 	132.38 	1.59 	0 	-3	 65.12	 131.72 
24100	 132.84 	1 	132.61 	0.23 	0 	-3	 58.81	 132.50 
24200	 134.17 	1 	133.39 	0.78 	0 	-3	 53.06	 133.67 
24300	 132.93 	1 	133.16 	0.23 	0 	-3	 47.88	 133.15 
24400	 132.48 	1 	132.82 	0.34 	0 	-3	 43.14	 132.68 
24500	 132.57 	1 	132.69 	0.12 	0 	-3	 38.83	 132.60 
24600	 132.84 	1 	132.77 	0.07 	0 	-3	 34.98	 132.77 
24700	 132.84 	1 	132.80 	0.04 	0 	-3	 31.48	 132.82 
24800	 131.95 	1 	132.38 	0.43 	0 	-3	 28.42	 132.21 
24900	 133.37 	1 	132.87 	0.50 	0 	-3	 25.72	 133.02 
25000	 131.50 	1 	132.19 	0.69 	0 	-3	 23.33	 131.96 
25100	 130.26 	1 	131.22 	0.96 	0 	-3	 21.12	 130.77 
25200	 131.86 	1 	131.54 	0.32 	0 	-3	 19.17	 131.53 
25300	 131.50 	1 	131.52 	0.02 	0 	-3	 17.29	 131.51 
25400	 133.73 	1 	132.63 	1.10 	0 	-3	 15.79	 133.06 
25500	 9.05 	0 	70.84 	61.79 	0 	61.79	 26.67	 46.25 
25600	 138.44 	0 	104.64 	33.80 	0 	33.80	 36.95	 110.78 
25700	 139.69 	1 	122.16 	17.53 	0 	-3	 33.38	 131.02 
25800	 136.40 	1 	129.28 	7.12 	0 	-3	 30.37	 134.79 
25900	 92.88 	1 	111.08 	18.20 	0 	-3	 31.68	 105.45 
26000	 38.60 	0 	74.84 	36.24 	0 	36.24	 33.94	 58.66 
26100	 13.50 	0 	44.17 	30.67 	0 	30.67	 33.06	 27.05 
26200	 13.86 	0 	29.02 	15.16 	0 	15.16	 29.79	 17.82 
26300	 12.17 	0 	20.59 	8.42 	0 	8.42	 26.98	 13.86 
26400	 11.64 	0 	16.12 	4.48 	0 	4.48	 24.33	 12.31 
26500	 9.05 	0 	12.58 	3.53 	0 	3.53	 22.16	 10.03 
26600	 10.48 	1 	11.53 	1.05 	0 	-3	 20.09	 10.34 
26700	 9.68 	1 	10.61 	0.93 	0 	-3	 18.16	 9.88 
26800	 10.30 	1 	10.45 	0.15 	0 	-3	 16.40	 10.17 
26900	 -1.00 	0 	10.45 	11.45 	0 	0	 16.40	 10.17 
27000	 8.61 	1 	9.53 	0.92 	0 	-3	 15.72	 9.08 
27100	 8.70 	1 	9.12 	0.42 	0 	-3	 14.16	 8.81 
27200	 11.10 	1 	10.11 	0.99 	0 	-3	 12.99	 10.41 
27300	 8.43 	1 	9.27 	0.84 	0 	-3	 11.95	 9.03 
27400	 10.66 	1 	9.96 	0.70 	0 	-3	 10.98	 10.17 
27500	 10.03 	1 	10.00 	0.03 	0 	-3	 9.95	 10.07 
27600	 8.34 	1 	9.17 	0.83 	0 	-3	 9.12	 8.86 
27700	 8.34 	1 	8.75 	0.41 	0 	-3	 8.21	 8.50 
27800	 10.75 	1 	9.75 	1.00 	0 	-3	 7.63	 10.07 
27900	 8.70 	1 	9.23 	0.53 	0 	-3	 7.07	 9.11 
28000	 10.75 	1 	9.99 	0.76 	0 	-3	 6.57	 10.26 
28100	 8.34 	1 	9.16 	0.82 	0 	-3	 6.15	 8.92 
28200	 8.34 	1 	8.75 	0.41 	0 	-3	 5.54	 8.51 
28300	 8.34 	1 	8.55 	0.21 	0 	-3	 4.98	 8.39 
28400	 8.34 	1 	8.44 	0.10 	0 	-3	 4.49	 8.36 
28500	 8.34 	1 	8.39 	0.05 	0 	-3	 4.04	 8.34 
28600	 8.34 	1 	8.37 	0.03 	0 	-3	 3.63	 8.34 
28700	 10.12 	1 	9.24 	0.88 	0 	-3	 3.45	 9.59 
28800	 8.34 	1 	8.79 	0.45 	0 	-3	 3.28	 8.71 
28900	 8.34 	1 	8.57 	0.23 	0 	-3	 2.95	 8.45 
29000	 8.88 	1 	8.72 	0.16 	0 	-3	 2.71	 8.75 
29100	 10.83 	1 	9.78 	1.05 	0 	-3	 2.64	 10.21 
29200	 11.19 	1 	10.48 	0.71 	0 	-3	 2.41	 10.89 
29300	 8.34 	1 	9.41 	1.07 	0 	-3	 2.45	 9.11 
29400	 10.75 	1 	10.08 	0.67 	0 	-3	 2.45	 10.26 
29500	 8.43 	1 	9.26 	0.83 	0 	-3	 2.44	 8.98 
29600	 8.34 	1 	8.80 	0.46 	0 	-3	 2.20	 8.53 
29700	 10.03 	1 	9.41 	0.62 	0 	-3	 2.15	 9.58 
29800	 10.66 	1 	10.04 	0.62 	0 	-3	 2.00	 10.34 
29900	 10.75 	1 	10.39 	0.36 	0 	-3	 1.81	 10.63 
30000	 8.43 	1 	9.41 	0.98 	0 	-3	 1.86	 9.09 
30100	 8.43 	1 	8.92 	0.49 	0 	-3	 1.67	 8.63 
