#Time(ms)	 Value 	 Validity 	 avgValue 	 Diff 	 Outliers 	 invalidReason	 SD 
200	 133.46 	0 	66.73 	66.73 	0 	66.73	 13.45	 93.42 
300	 139.24 	0 	102.99 	36.25 	0 	36.25	 12.68	 125.49 
400	 137.46 	1 	120.22 	17.24 	0 	-3	 11.59	 133.87 
500	 139.24 	1 	129.73 	9.51 	0 	-3	 10.61	 137.63 
600	 137.55 	1 	133.64 	3.91 	0 	-3	 9.72	 137.57 
700	 137.29 	1 	135.47 	1.82 	0 	-3	 8.77	 137.38 
800	 139.24 	1 	137.35 	1.89 	0 	-3	 8.09	 138.68 
900	 139.24 	1 	138.30 	0.94 	0 	-3	 7.28	 139.07 
1000	 139.24 	1 	138.77 	0.47 	0 	-3	 6.55	 139.19 
1100	 139.42 	1 	139.09 	0.33 	0 	-3	 5.91	 139.35 
1200	 137.82 	1 	138.46 	0.64 	0 	-3	 5.48	 138.28 
1300	 139.24 	1 	138.85 	0.39 	0 	-3	 5.08	 138.95 
1400	 139.78 	1 	139.31 	0.47 	0 	-3	 4.62	 139.53 
1500	 139.24 	1 	139.28 	0.04 	0 	-3	 4.21	 139.33 
1600	 139.15 	1 	139.21 	0.06 	0 	-3	 3.80	 139.20 
1700	 137.20 	1 	138.21 	1.01 	0 	-3	 3.62	 137.80 
1800	 139.15 	1 	138.68 	0.47 	0 	-3	 3.45	 138.75 
1900	 137.20 	1 	137.94 	0.74 	0 	-3	 3.30	 137.66 
2000	 136.75 	1 	137.34 	0.59 	0 	-3	 3.02	 137.02 
2100	 137.46 	1 	137.40 	0.06 	0 	-3	 2.78	 137.33 
2200	 139.24 	1 	138.32 	0.92 	0 	-3	 2.68	 138.67 
2300	 137.55 	1 	137.94 	0.39 	0 	-3	 2.58	 137.89 
2400	 139.69 	1 	138.81 	0.88 	0 	-3	 2.54	 139.15 
2500	 139.69 	1 	139.25 	0.44 	0 	-3	 2.29	 139.53 
2600	 137.64 	1 	138.45 	0.81 	0 	-3	 2.26	 138.21 
2700	 137.64 	1 	138.04 	0.40 	0 	-3	 2.04	 137.81 
2800	 139.69 	1 	138.87 	0.82 	0 	-3	 2.04	 139.13 
2900	 139.78 	1 	139.32 	0.46 	0 	-3	 1.84	 139.58 
3000	 139.24 	1 	139.28 	0.04 	0 	-3	 1.71	 139.34 
3100	 139.69 	1 	139.49 	0.20 	0 	-3	 1.59	 139.59 
3200	 139.24 	1 	139.36 	0.12 	0 	-3	 1.47	 139.34 
3300	 139.78 	1 	139.57 	0.21 	0 	-3	 1.38	 139.65 
3400	 139.69 	1 	139.63 	0.06 	0 	-3	 1.25	 139.68 
3500	 137.73 	1 	138.68 	0.95 	0 	-3	 1.32	 138.31 
3600	 139.07 	1 	138.88 	0.19 	0 	-3	 1.32	 138.84 
3700	 138.53 	1 	138.70 	0.17 	0 	-3	 1.25	 138.62 
3800	 137.37 	1 	138.04 	0.67 	0 	-3	 1.24	 137.75 
3900	 138.53 	1 	138.28 	0.25 	0 	-3	 1.23	 138.29 
4000	 138.26 	1 	138.27 	0.01 	0 	-3	 1.13	 138.27 
4100	 139.60 	1 	138.94 	0.66 	0 	-3	 1.15	 139.20 
4200	 140.76 	1 	139.85 	0.91 	0 	-3	 1.15	 140.29 
4300	 138.62 	1 	139.23 	0.61 	0 	-3	 1.25	 139.12 
4400	 136.93 	1 	138.08 	1.15 	0 	-3	 1.30	 137.59 
4500	 139.24 	1 	138.66 	0.58 	0 	-3	 1.40	 138.74 
4600	 139.69 	1 	139.18 	0.51 	0 	-3	 1.30	 139.41 
4700	 137.11 	1 	138.14 	1.03 	0 	-3	 1.43	 137.80 
4800	 139.60 	1 	138.87 	0.73 	0 	-3	 1.54	 139.06 
4900	 139.60 	1 	139.24 	0.36 	0 	-3	 1.38	 139.44 
5000	 137.55 	1 	138.39 	0.84 	0 	-3	 1.45	 138.12 
5100	 139.51 	1 	138.95 	0.56 	0 	-3	 1.50	 139.09 
5200	 138.26 	1 	138.61 	0.35 	0 	-3	 1.48	 138.51 
5300	 137.29 	1 	137.95 	0.66 	0 	-3	 1.43	 137.66 
5400	 138.71 	1 	138.33 	0.38 	0 	-3	 1.42	 138.39 
5500	 138.35 	1 	138.34 	0.01 	0 	-3	 1.32	 138.36 
5600	 139.15 	1 	138.74 	0.41 	0 	-3	 1.27	 138.91 
5700	 136.84 	1 	137.79 	0.95 	0 	-3	 1.37	 137.46 
5800	 138.18 	1 	137.99 	0.19 	0 	-3	 1.37	 137.96 
5900	 137.91 	1 	137.95 	0.04 	0 	-3	 1.26	 137.93 
6000	 136.13 	1 	137.04 	0.91 	0 	-3	 1.31	 136.67 
6100	 136.22 	1 	136.63 	0.41 	0 	-3	 1.19	 136.35 
6200	 135.60 	1 	136.11 	0.51 	0 	-3	 1.13	 135.83 
6300	 104.81 	1 	120.46 	15.65 	0 	-3	 4.10	 114.11 
6400	 131.32 	1 	125.89 	5.43 	0 	-3	 6.34	 126.16 
6500	 127.50 	1 	126.70 	0.80 	0 	-3	 6.09	 127.10 
6600	 126.87 	1 	126.78 	0.09 	0 	-3	 5.54	 126.94 
6700	 123.23 	1 	125.01 	1.78 	0 	-3	 5.35	 124.34 
6800	 121.36 	1 	123.18 	1.82 	0 	-3	 5.00	 122.25 
6900	 120.82 	1 	122.00 	1.18 	0 	-3	 4.56	 121.25 
7000	 117.71 	1 	119.86 	2.15 	0 	-3	 4.41	 118.77 
7100	 113.17 	1 	116.51 	3.34 	0 	-3	 4.42	 114.85 
7200	 110.23 	1 	113.37 	3.14 	0 	-3	 4.28	 111.62 
7300	 109.43 	1 	111.40 	1.97 	0 	-3	 3.93	 110.09 
7400	 106.76 	1 	109.08 	2.32 	0 	-3	 3.80	 107.76 
7500	 101.78 	1 	105.43 	3.65 	0 	-3	 3.92	 103.57 
7600	 99.82 	1 	102.63 	2.81 	0 	-3	 3.72	 100.95 
7700	 98.84 	1 	100.73 	1.89 	0 	-3	 3.45	 99.47 
7800	 98.58 	1 	99.66 	1.08 	0 	-3	 3.13	 98.85 
7900	 97.78 	1 	98.72 	0.94 	0 	-3	 2.90	 98.10 
8000	 98.04 	1 	98.38 	0.34 	0 	-3	 2.63	 98.06 
8100	 95.55 	1 	96.96 	1.41 	0 	-3	 2.62	 96.30 
8200	 95.46 	1 	96.21 	0.75 	0 	-3	 2.37	 95.71 
8300	 98.13 	1 	97.17 	0.96 	0 	-3	 2.40	 97.40 
8400	 96.97 	1 	97.07 	0.10 	0 	-3	 2.27	 97.10 
8500	 95.28 	1 	96.18 	0.90 	0 	-3	 2.21	 95.83 
8600	 96.62 	1 	96.40 	0.22 	0 	-3	 2.13	 96.38 
8700	 97.42 	1 	96.91 	0.51 	0 	-3	 1.99	 97.11 
8800	 96.71 	1 	96.81 	0.10 	0 	-3	 1.87	 96.83 
8900	 99.91 	1 	98.36 	1.55 	0 	-3	 2.00	 98.99 
9000	 100.18 	1 	99.27 	0.91 	0 	-3	 1.83	 99.82 
9100	 100.09 	1 	99.68 	0.41 	0 	-3	 1.65	 100.01 
9200	 99.11 	1 	99.39 	0.28 	0 	-3	 1.59	 99.38 
9300	 96.89 	1 	98.14 	1.25 	0 	-3	 1.65	 97.64 
9400	 97.78 	1 	97.96 	0.18 	0 	-3	 1.57	 97.74 
9500	 95.37 	1 	96.67 	1.30 	0 	-3	 1.66	 96.08 
9600	 94.13 	1 	95.40 	1.27 	0 	-3	 1.62	 94.72 
9700	 90.83 	1 	93.11 	2.28 	0 	-3	 1.78	 92.00 
9800	 91.99 	1 	92.55 	0.56 	0 	-3	 1.72	 91.99 
9900	 92.53 	1 	92.54 	0.01 	0 	-3	 1.60	 92.37 
10000	 93.86 	1 	93.20 	0.66 	0 	-3	 1.58	 93.41 
10100	 96.35 	1 	94.78 	1.57 	0 	-3	 1.67	 95.47 
10200	 98.04 	1 	96.41 	1.63 	0 	-3	 1.67	 97.27 
10300	 100.09 	1 	98.25 	1.84 	0 	-3	 1.71	 99.24 
10400	 103.03 	1 	100.64 	2.39 	0 	-3	 1.83	 101.89 
10500	 107.30 	1 	103.97 	3.33 	0 	-3	 2.07	 105.68 
10600	 113.44 	1 	108.70 	4.74 	0 	-3	 2.48	 111.11 
10700	 112.99 	1 	110.85 	2.14 	0 	-3	 2.28	 112.43 
10800	 118.15 	1 	114.50 	3.65 	0 	-3	 2.57	 116.43 
10900	 118.06 	1 	116.28 	1.78 	0 	-3	 2.32	 117.57 
11000	 120.02 	1 	118.15 	1.87 	0 	-3	 2.28	 119.29 
11100	 124.03 	1 	121.09 	2.94 	0 	-3	 2.46	 122.61 
11200	 126.07 	1 	123.58 	2.49 	0 	-3	 2.41	 125.03 
11300	 127.05 	1 	125.31 	1.74 	0 	-3	 2.27	 126.44 
11400	 108.28 	1 	116.80 	8.52 	0 	-3	 3.92	 113.73 
11500	 127.50 	1 	122.15 	5.35 	0 	-3	 5.45	 123.37 
11600	 128.03 	1 	125.09 	2.94 	0 	-3	 4.96	 126.63 
11700	 127.41 	1 	126.25 	1.16 	0 	-3	 4.52	 127.18 
11800	 104.27 	1 	115.26 	10.99 	0 	-3	 6.39	 111.14 
11900	 127.14 	1 	121.20 	5.94 	0 	-3	 8.03	 122.34 
12000	 124.65 	1 	122.92 	1.73 	0 	-3	 7.48	 123.96 
12100	 126.07 	1 	124.50 	1.57 	0 	-3	 6.87	 125.44 
12200	 124.65 	1 	124.57 	0.08 	0 	-3	 6.33	 124.89 
12300	 124.12 	1 	124.35 	0.23 	0 	-3	 5.75	 124.35 
12400	 123.58 	1 	123.96 	0.38 	0 	-3	 5.23	 123.81 
12500	 121.27 	1 	122.62 	1.35 	0 	-3	 4.94	 122.03 
12600	 119.67 	1 	121.14 	1.47 	0 	-3	 4.60	 120.38 
12700	 115.22 	1 	118.18 	2.96 	0 	-3	 4.59	 116.77 
12800	 115.13 	1 	116.66 	1.53 	0 	-3	 4.14	 115.62 
12900	 109.97 	1 	113.31 	3.34 	0 	-3	 4.24	 111.67 
13000	 108.36 	1 	110.84 	2.48 	0 	-3	 3.98	 109.35 
13100	 105.87 	1 	108.35 	2.48 	0 	-3	 3.83	 106.91 
13200	 101.51 	1 	104.93 	3.42 	0 	-3	 3.88	 103.13 
13300	 100.00 	1 	102.47 	2.47 	0 	-3	 3.64	 100.94 
13400	 99.11 	1 	100.79 	1.68 	0 	-3	 3.37	 99.66 
13500	 94.93 	1 	97.86 	2.93 	0 	-3	 3.45	 96.35 
13600	 96.00 	1 	96.93 	0.93 	0 	-3	 3.21	 96.10 
13700	 96.26 	1 	96.59 	0.33 	0 	-3	 2.92	 96.21 
13800	 95.82 	1 	96.21 	0.39 	0 	-3	 2.67	 95.94 
13900	 97.60 	1 	96.90 	0.70 	0 	-3	 2.58	 97.10 
14000	 100.36 	1 	98.63 	1.73 	0 	-3	 2.60	 99.38 
14100	 100.00 	1 	99.32 	0.68 	0 	-3	 2.37	 99.81 
14200	 104.89 	1 	102.10 	2.79 	0 	-3	 2.63	 103.37 
14300	 108.36 	1 	105.23 	3.13 	0 	-3	 2.71	 106.86 
14400	 109.61 	1 	107.42 	2.19 	0 	-3	 2.56	 108.79 
14500	 112.99 	1 	110.21 	2.78 	0 	-3	 2.65	 111.73 
14600	 117.98 	1 	114.09 	3.89 	0 	-3	 2.88	 116.10 
14700	 120.38 	1 	117.24 	3.14 	0 	-3	 2.83	 119.10 
14800	 125.72 	1 	121.48 	4.24 	0 	-3	 3.08	 123.73 
14900	 128.03 	1 	124.75 	3.28 	0 	-3	 3.01	 126.74 
15000	 131.77 	1 	128.26 	3.51 	0 	-3	 3.08	 130.26 
15100	 136.48 	1 	132.37 	4.11 	0 	-3	 3.24	 134.61 
15200	 136.22 	1 	134.30 	1.92 	0 	-3	 2.94	 135.74 
15300	 142.27 	1 	138.28 	3.99 	0 	-3	 3.25	 140.31 
15400	 148.59 	1 	143.44 	5.15 	0 	-3	 3.56	 146.11 
15500	 151.61 	1 	147.52 	4.09 	0 	-3	 3.51	 149.96 
15600	 155.17 	1 	151.35 	3.82 	0 	-3	 3.51	 153.61 
15700	 152.06 	1 	151.70 	0.36 	0 	-3	 3.47	 152.52 
15800	 148.32 	1 	150.01 	1.69 	0 	-3	 3.50	 149.58 
15900	 153.13 	1 	151.57 	1.56 	0 	-3	 3.63	 152.07 
16000	 147.34 	1 	149.46 	2.12 	0 	-3	 3.85	 148.76 
16100	 134.17 	1 	141.81 	7.64 	0 	-3	 4.78	 138.55 
16200	 150.28 	1 	146.05 	4.23 	0 	-3	 5.91	 146.76 
16300	 150.99 	1 	148.52 	2.47 	0 	-3	 5.39	 149.72 
16400	 151.97 	1 	150.24 	1.73 	0 	-3	 4.95	 151.30 
16500	 153.30 	1 	151.77 	1.53 	0 	-3	 4.59	 152.70 
16600	 129.01 	1 	140.39 	11.38 	0 	-3	 6.56	 136.12 
16700	 145.21 	1 	142.80 	2.41 	0 	-3	 7.52	 142.48 
16800	 133.37 	1 	138.09 	4.72 	0 	-3	 7.95	 136.10 
16900	 133.37 	1 	135.73 	2.36 	0 	-3	 7.16	 134.19 
17000	 140.93 	1 	138.33 	2.60 	0 	-3	 7.20	 138.91 
17100	 153.66 	1 	145.99 	7.67 	0 	-3	 7.75	 149.23 
17200	 144.76 	1 	145.38 	0.62 	0 	-3	 7.87	 146.10 
17300	 143.43 	1 	144.40 	0.97 	0 	-3	 7.21	 144.23 
17400	 139.51 	1 	141.96 	2.45 	0 	-3	 6.88	 140.93 
17500	 133.64 	1 	137.80 	4.16 	0 	-3	 6.78	 135.83 
17600	 127.68 	1 	132.74 	5.06 	0 	-3	 6.70	 130.12 
17700	 123.14 	1 	127.94 	4.80 	0 	-3	 6.48	 125.24 
17800	 124.12 	1 	126.03 	1.91 	0 	-3	 5.93	 124.45 
17900	 123.23 	1 	124.63 	1.40 	0 	-3	 5.43	 123.60 
18000	 119.40 	1 	122.01 	2.61 	0 	-3	 5.27	 120.66 
18100	 115.48 	1 	118.75 	3.27 	0 	-3	 5.13	 117.03 
18200	 113.44 	1 	116.09 	2.65 	0 	-3	 4.83	 114.52 
18300	 110.41 	1 	113.25 	2.84 	0 	-3	 4.65	 111.64 
18400	 108.99 	1 	111.12 	2.13 	0 	-3	 4.32	 109.79 
18500	 107.74 	1 	109.43 	1.69 	0 	-3	 4.02	 108.35 
18600	 104.81 	1 	107.12 	2.31 	0 	-3	 3.91	 105.87 
18700	 107.12 	1 	107.12 	0.00 	0 	-3	 3.75	 106.75 
18800	 103.20 	1 	105.16 	1.96 	0 	-3	 3.76	 104.26 
18900	 106.85 	1 	106.01 	0.84 	0 	-3	 3.75	 106.07 
19000	 143.52 	1 	124.76 	18.76 	0 	-3	 7.04	 132.29 
19100	 108.28 	1 	116.52 	8.24 	0 	-3	 9.86	 115.48 
19200	 110.68 	1 	113.60 	2.92 	0 	-3	 9.12	 112.12 
19300	 115.84 	1 	114.72 	1.12 	0 	-3	 8.72	 114.72 
19400	 125.18 	1 	119.95 	5.23 	0 	-3	 8.78	 122.04 
19500	 130.26 	1 	125.11 	5.15 	0 	-3	 8.41	 127.79 
19600	 132.48 	1 	128.79 	3.69 	0 	-3	 7.79	 131.07 
19700	 137.82 	1 	133.31 	4.51 	0 	-3	 7.55	 135.80 
19800	 149.12 	1 	141.21 	7.91 	0 	-3	 7.92	 145.12 
19900	 144.23 	1 	142.72 	1.51 	0 	-3	 7.62	 144.50 
20000	 249.32 	0 	196.02 	53.30 	0 	53.30	 17.37	 217.87 
20100	 176.71 	1 	186.37 	9.66 	0 	-3	 22.89	 189.06 
20200	 163.98 	1 	175.17 	11.19 	0 	-3	 21.88	 171.50 
20300	 168.16 	1 	171.67 	3.51 	0 	-3	 20.11	 169.16 
20400	 208.03 	1 	189.85 	18.18 	0 	-3	 22.08	 196.37 
20500	 172.79 	1 	181.32 	8.53 	0 	-3	 23.40	 179.86 
20600	 292.75 	0 	237.03 	55.72 	0 	55.72	 33.05	 258.88 
20700	 163.27 	1 	200.15 	36.88 	0 	-3	 42.70	 191.95 
20800	 145.03 	1 	172.59 	27.56 	0 	-3	 40.25	 159.11 
20900	 223.25 	1 	197.92 	25.33 	0 	-3	 44.05	 204.01 
21000	 176.35 	1 	187.14 	10.79 	0 	-3	 44.33	 184.65 
21100	 165.05 	1 	176.09 	11.04 	0 	-3	 41.03	 170.93 
21200	 149.12 	1 	162.61 	13.49 	0 	-3	 38.52	 155.66 
21300	 133.37 	1 	147.99 	14.62 	0 	-3	 36.24	 140.06 
21400	 120.20 	1 	134.09 	13.89 	0 	-3	 33.94	 126.16 
21500	 104.00 	1 	119.05 	15.05 	0 	-3	 32.16	 110.65 
21600	 95.11 	1 	107.08 	11.97 	0 	-3	 29.83	 99.77 
21700	 80.78 	1 	93.93 	13.15 	0 	-3	 28.28	 86.48 
21800	 65.56 	1 	79.74 	14.18 	0 	-3	 26.98	 71.84 
21900	 53.82 	1 	66.78 	12.96 	0 	-3	 25.45	 59.22 
22000	 39.31 	0 	53.05 	13.74 	0 	13.74	 24.36	 45.28 
22100	 65.92 	1 	59.48 	6.44 	0 	-3	 24.58	 59.73 
22200	 47.68 	1 	53.58 	5.90 	0 	-3	 23.95	 51.29 
22300	 24.98 	0 	39.28 	14.30 	0 	14.30	 23.83	 32.87 
22400	 12.26 	0 	25.77 	13.51 	0 	13.51	 22.71	 18.44 
22500	 17.95 	1 	21.86 	3.91 	0 	-3	 21.01	 18.10 
22600	 142.09 	0 	81.98 	60.11 	0 	60.11	 31.33	 104.89 
22700	 252.70 	0 	167.34 	85.36 	0 	85.36	 39.25	 208.36 
22800	 148.50 	1 	157.92 	9.42 	0 	-3	 45.75	 166.46 
22900	 138.00 	1 	147.96 	9.96 	0 	-3	 42.22	 146.54 
23000	 87.63 	0 	117.79 	30.16 	0 	30.16	 43.04	 105.30 
23100	 108.10 	1 	112.95 	4.85 	0 	-3	 40.78	 107.26 
23200	 99.64 	1 	106.29 	6.65 	0 	-3	 37.55	 101.93 
23300	 103.11 	1 	104.70 	1.59 	0 	-3	 34.14	 102.75 
23400	 111.12 	1 	107.91 	3.21 	0 	-3	 31.53	 108.61 
23500	 104.45 	1 	106.18 	1.73 	0 	-3	 29.04	 105.70 
23600	 93.95 	1 	100.07 	6.12 	0 	-3	 27.19	 97.47 
23700	 112.01 	1 	106.04 	5.97 	0 	-3	 26.28	 107.65 
23800	 107.03 	1 	106.53 	0.50 	0 	-3	 24.15	 107.22 
23900	 80.07 	1 	93.30 	13.23 	0 	-3	 24.43	 88.21 
24000	 99.64 	1 	96.47 	3.17 	0 	-3	 23.94	 96.21 
24100	 76.77 	1 	86.62 	9.85 	0 	-3	 23.83	 82.60 
24200	 71.52 	1 	79.07 	7.55 	0 	-3	 21.98	 74.84 
24300	 57.91 	1 	68.49 	10.58 	0 	-3	 21.14	 62.99 
24400	 115.04 	0 	91.77 	23.27 	0 	23.27	 24.74	 99.43 
24500	 54.97 	0 	73.37 	18.40 	0 	18.40	 28.27	 68.31 
24600	 51.41 	1 	62.39 	10.98 	0 	-3	 25.80	 56.48 
24700	 48.03 	1 	55.21 	7.18 	0 	-3	 23.56	 50.56 
24800	 54.53 	1 	54.87 	0.34 	0 	-3	 21.85	 53.34 
24900	 47.50 	1 	51.18 	3.68 	0 	-3	 20.37	 49.25 
25000	 46.79 	1 	48.99 	2.20 	0 	-3	 18.40	 47.53 
25100	 46.70 	1 	47.84 	1.14 	0 	-3	 16.57	 46.95 
25200	 46.61 	1 	47.23 	0.62 	0 	-3	 14.92	 46.71 
25300	 49.01 	1 	48.12 	0.89 	0 	-3	 13.67	 48.32 
25400	 46.70 	1 	47.41 	0.71 	0 	-3	 12.54	 47.19 
25500	 47.85 	1 	47.63 	0.22 	0 	-3	 11.40	 47.65 
25600	 54.97 	1 	51.30 	3.67 	0 	-3	 10.97	 52.77 
25700	 143.78 	0 	97.54 	46.24 	0 	46.24	 18.75	 116.48 
25800	 140.22 	1 	118.88 	21.34 	0 	-3	 17.23	 133.10 
25900	 142.36 	1 	130.62 	11.74 	0 	-3	 15.72	 139.58 
26000	 143.25 	1 	136.93 	6.32 	0 	-3	 14.24	 142.15 
26100	 143.07 	1 	140.00 	3.07 	0 	-3	 12.84	 142.79 
26200	 42.96 	0 	91.48 	48.52 	0 	48.52	 21.56	 72.91 
26300	 145.12 	0 	118.30 	26.82 	0 	26.82	 29.62	 123.46 
26400	 41.36 	0 	79.83 	38.47 	0 	38.47	 37.04	 65.99 
26500	 44.38 	0 	62.11 	17.73 	0 	17.73	 33.63	 50.86 
26600	 144.23 	0 	103.17 	41.06 	0 	41.06	 40.26	 116.22 
26700	 195.48 	0 	149.32 	46.16 	0 	46.16	 41.36	 171.70 
26800	 144.14 	1 	146.73 	2.59 	0 	-3	 42.35	 152.41 
26900	 145.74 	1 	146.24 	0.50 	0 	-3	 38.28	 147.74 
27000	 148.59 	1 	147.41 	1.18 	0 	-3	 34.74	 148.34 
27100	 145.92 	1 	146.67 	0.75 	0 	-3	 31.53	 146.64 
27200	 143.52 	1 	145.09 	1.57 	0 	-3	 28.62	 144.46 
27300	 146.27 	1 	145.68 	0.59 	0 	-3	 26.03	 145.73 
27400	 142.45 	1 	144.07 	1.62 	0 	-3	 23.81	 143.43 
27500	 142.54 	1 	143.30 	0.76 	0 	-3	 21.44	 142.81 
27600	 144.58 	1 	143.94 	0.64 	0 	-3	 19.50	 144.05 
27700	 146.90 	1 	145.42 	1.48 	0 	-3	 17.78	 146.04 
27800	 143.78 	1 	144.60 	0.82 	0 	-3	 16.31	 144.46 
27900	 144.14 	1 	144.37 	0.23 	0 	-3	 14.72	 144.24 
28000	 144.05 	1 	144.21 	0.16 	0 	-3	 13.26	 144.11 
28100	 146.90 	1 	145.56 	1.34 	0 	-3	 12.21	 146.06 
28200	 144.14 	1 	144.85 	0.71 	0 	-3	 11.27	 144.72 
28300	 144.49 	1 	144.67 	0.18 	0 	-3	 10.18	 144.56 
28400	 149.12 	1 	146.89 	2.23 	0 	-3	 9.62	 147.75 
28500	 114.42 	1 	130.66 	16.24 	0 	-3	 12.13	 124.42 
28600	 98.75 	1 	114.70 	15.95 	0 	-3	 12.48	 106.45 
28700	 142.63 	1 	128.67 	13.96 	0 	-3	 15.62	 131.78 
28800	 146.90 	1 	137.78 	9.12 	0 	-3	 14.49	 142.36 
28900	 145.83 	1 	141.81 	4.02 	0 	-3	 13.15	 144.79 
29000	 144.14 	1 	142.97 	1.17 	0 	-3	 12.00	 144.33 
29100	 144.32 	1 	143.65 	0.67 	0 	-3	 10.82	 144.32 
29200	 145.74 	1 	144.69 	1.05 	0 	-3	 9.88	 145.32 
29300	 144.05 	1 	144.37 	0.32 	0 	-3	 9.06	 144.43 
29400	 146.81 	1 	145.59 	1.22 	0 	-3	 8.43	 146.10 
29500	 145.21 	1 	145.40 	0.19 	0 	-3	 7.75	 145.48 
29600	 146.36 	1 	145.88 	0.48 	0 	-3	 7.09	 146.09 
29700	 142.71 	1 	144.30 	1.59 	0 	-3	 6.74	 143.73 
29800	 142.36 	1 	143.33 	0.97 	0 	-3	 6.10	 142.77 
29900	 142.98 	1 	143.15 	0.17 	0 	-3	 5.56	 142.92 
30000	 147.52 	1 	145.34 	2.18 	0 	-3	 5.45	 146.14 
30100	 145.21 	1 	145.27 	0.06 	0 	-3	 5.14	 145.49 
