#Time(ms)	 Value 	 Validity 	 avgValue 	 Diff 	 Outliers 	 invalidReason	 SD 
200	 -1.00 	0 	0.00 	1.00 	0 	0	 0.00	 0.00 
300	 -1.00 	0 	0.00 	1.00 	1 	0	 0.00	 0.00 
400	 142.36 	0 	71.18 	71.18 	1 	71.18	 14.34	 99.65 
500	 151.35 	1 	111.27 	40.08 	0 	-3	 13.80	 135.84 
600	 158.82 	1 	135.04 	23.78 	0 	-3	 13.17	 151.93 
700	 152.59 	1 	143.82 	8.77 	0 	-3	 12.47	 152.39 
800	 149.39 	1 	146.60 	2.79 	0 	-3	 11.55	 150.29 
900	 143.52 	1 	145.06 	1.54 	0 	-3	 10.98	 145.55 
1000	 152.15 	1 	148.61 	3.54 	0 	-3	 10.74	 150.17 
1100	 151.08 	1 	149.84 	1.24 	0 	-3	 9.78	 150.81 
1200	 157.40 	1 	153.62 	3.78 	0 	-3	 9.43	 155.42 
1300	 153.04 	1 	153.33 	0.29 	0 	-3	 8.92	 153.75 
1400	 162.02 	1 	157.68 	4.34 	0 	-3	 8.93	 159.54 
1500	 159.09 	1 	158.38 	0.71 	0 	-3	 8.33	 159.23 
1600	 152.24 	1 	155.31 	3.07 	0 	-3	 8.18	 154.34 
1700	 153.93 	1 	154.62 	0.69 	0 	-3	 7.53	 154.05 
1800	 159.80 	1 	157.21 	2.59 	0 	-3	 7.37	 158.08 
1900	 160.51 	1 	158.86 	1.65 	0 	-3	 6.70	 159.78 
2000	 162.74 	1 	160.80 	1.94 	0 	-3	 6.25	 161.85 
2100	 158.20 	1 	159.50 	1.30 	0 	-3	 6.08	 159.30 
2200	 163.18 	1 	161.34 	1.84 	0 	-3	 5.97	 162.01 
2300	 143.69 	1 	152.52 	8.83 	0 	-3	 7.32	 149.19 
2400	 148.68 	1 	150.60 	1.92 	0 	-3	 7.09	 148.83 
2500	 139.96 	1 	145.28 	5.32 	0 	-3	 7.25	 142.62 
2600	 156.15 	1 	150.71 	5.44 	0 	-3	 8.15	 152.09 
2700	 154.37 	1 	152.54 	1.83 	0 	-3	 7.51	 153.69 
2800	 153.30 	1 	152.92 	0.38 	0 	-3	 6.87	 153.42 
2900	 146.01 	1 	149.47 	3.46 	0 	-3	 6.91	 148.23 
3000	 150.10 	1 	149.78 	0.32 	0 	-3	 6.63	 149.54 
3100	 122.87 	1 	136.33 	13.46 	0 	-3	 8.69	 130.87 
3200	 123.14 	1 	129.73 	6.59 	0 	-3	 7.85	 125.46 
3300	 146.27 	1 	138.00 	8.27 	0 	-3	 9.37	 140.03 
3400	 102.76 	1 	120.38 	17.62 	0 	-3	 12.79	 113.94 
3500	 148.85 	1 	134.62 	14.23 	0 	-3	 16.12	 138.38 
3600	 146.18 	1 	140.40 	5.78 	0 	-3	 14.77	 143.84 
3700	 122.07 	1 	131.23 	9.16 	0 	-3	 15.71	 128.60 
3800	 135.86 	1 	133.55 	2.31 	0 	-3	 15.52	 133.68 
3900	 143.52 	1 	138.53 	4.99 	0 	-3	 14.73	 140.57 
4000	 132.75 	1 	135.64 	2.89 	0 	-3	 14.33	 135.10 
4100	 137.46 	1 	136.55 	0.91 	0 	-3	 13.37	 136.75 
4200	 93.33 	1 	114.94 	21.61 	0 	-3	 16.45	 106.36 
4300	 93.33 	1 	114.94 	21.61 	1 	-3	 16.45	 106.36 
4400	 143.25 	1 	129.10 	14.15 	1 	-3	 19.79	 132.18 
4500	 -1.00 	0 	129.10 	130.10 	1 	0	 19.79	 132.18 
4600	 -1.00 	0 	129.10 	130.10 	1 	0	 19.79	 132.18 
4700	 140.40 	1 	134.75 	5.65 	1 	-3	 31.95	 137.93 
4800	 143.78 	1 	139.26 	4.52 	0 	-3	 29.10	 142.03 
4900	 150.63 	1 	144.95 	5.68 	0 	-3	 26.87	 148.05 
5000	 148.77 	1 	146.86 	1.91 	0 	-3	 24.37	 148.55 
5100	 148.85 	1 	147.85 	1.00 	0 	-3	 21.94	 148.76 
5200	 155.80 	1 	151.83 	3.97 	0 	-3	 20.44	 153.69 
5300	 -1.00 	0 	151.83 	152.83 	0 	0	 20.44	 153.69 
5400	 -1.00 	0 	151.83 	152.83 	0 	0	 20.44	 153.69 
5500	 -1.00 	0 	151.83 	152.83 	1 	0	 20.44	 153.69 
5600	 153.84 	1 	152.83 	1.01 	1 	-3	 33.88	 153.79 
5700	 150.10 	1 	151.47 	1.37 	0 	-3	 30.87	 151.21 
5800	 156.77 	1 	154.12 	2.65 	0 	-3	 28.45	 155.10 
5900	 166.21 	1 	160.16 	6.05 	0 	-3	 26.55	 162.88 
6000	 164.16 	1 	162.16 	2.00 	0 	-3	 24.10	 163.78 
6100	 172.35 	1 	167.26 	5.09 	0 	-3	 22.51	 169.78 
6200	 168.61 	1 	167.93 	0.68 	0 	-3	 20.63	 168.96 
6300	 154.55 	1 	161.24 	6.69 	0 	-3	 19.97	 158.87 
6400	 164.16 	1 	162.70 	1.46 	0 	-3	 18.94	 162.57 
6500	 146.63 	1 	154.67 	8.04 	0 	-3	 18.80	 151.41 
6600	 165.23 	1 	159.95 	5.28 	0 	-3	 18.78	 161.08 
6700	 146.27 	1 	153.11 	6.84 	0 	-3	 18.80	 150.71 
6800	 146.27 	1 	153.11 	6.84 	1 	-3	 18.80	 150.71 
6900	 159.80 	1 	156.45 	3.35 	0 	-3	 18.27	 157.07 
7000	 159.80 	1 	156.45 	3.35 	1 	-3	 18.27	 157.07 
7100	 154.99 	1 	155.72 	0.73 	0 	-3	 16.92	 155.62 
7200	 152.06 	1 	153.89 	1.83 	0 	-3	 15.52	 153.13 
7300	 152.68 	1 	153.29 	0.61 	0 	-3	 14.03	 152.81 
7400	 152.06 	1 	152.67 	0.61 	0 	-3	 12.69	 152.29 
7500	 147.96 	1 	150.32 	2.36 	0 	-3	 11.83	 149.26 
7600	 148.85 	1 	149.58 	0.73 	0 	-3	 10.74	 148.97 
7700	 157.66 	1 	153.62 	4.04 	0 	-3	 10.55	 155.05 
7800	 154.82 	1 	154.22 	0.60 	0 	-3	 9.77	 154.89 
7900	 156.86 	1 	155.54 	1.32 	0 	-3	 9.00	 156.27 
8000	 159.09 	1 	157.32 	1.77 	0 	-3	 8.32	 158.24 
8100	 159.44 	1 	158.38 	1.06 	0 	-3	 7.53	 159.08 
8200	 171.28 	1 	164.83 	6.45 	0 	-3	 7.96	 167.62 
8300	 170.39 	1 	167.61 	2.78 	0 	-3	 7.25	 169.56 
8400	 172.88 	1 	170.24 	2.64 	0 	-3	 6.78	 171.88 
8500	 154.91 	1 	162.58 	7.67 	0 	-3	 7.89	 160.00 
8600	 161.94 	1 	162.26 	0.32 	0 	-3	 7.81	 161.36 
8700	 181.51 	1 	171.88 	9.63 	0 	-3	 8.98	 175.46 
8800	 179.47 	1 	175.68 	3.79 	0 	-3	 8.29	 178.27 
8900	 111.39 	1 	143.53 	32.14 	0 	-3	 14.27	 131.45 
9000	 111.39 	1 	143.53 	32.14 	1 	-3	 14.27	 131.45 
9100	 124.65 	1 	134.09 	9.44 	0 	-3	 14.17	 126.69 
9200	 170.57 	1 	152.33 	18.24 	0 	-3	 17.34	 157.41 
9300	 146.72 	1 	149.53 	2.81 	0 	-3	 17.99	 149.93 
9400	 116.82 	1 	133.17 	16.35 	0 	-3	 19.18	 126.75 
9500	 165.41 	1 	149.29 	16.12 	0 	-3	 22.13	 153.81 
9600	 158.64 	1 	153.97 	4.67 	0 	-3	 20.59	 157.19 
9700	 147.16 	1 	150.56 	3.40 	0 	-3	 19.68	 150.17 
9800	 146.45 	1 	148.51 	2.06 	0 	-3	 17.78	 147.57 
9900	 162.74 	1 	155.62 	7.12 	0 	-3	 17.63	 158.19 
10000	 143.07 	1 	149.35 	6.28 	0 	-3	 17.84	 147.61 
10100	 140.22 	1 	144.78 	4.56 	0 	-3	 16.34	 142.44 
