#Time(ms)	 Value 	 Validity 	 avgValue 	 Diff 	 Outliers 	 invalidReason	 SD 
200	 -1.00 	0 	0.00 	1.00 	0 	0	 0.00	 0.00 
300	 -1.00 	0 	0.00 	1.00 	1 	0	 0.00	 0.00 
400	 171.64 	0 	85.82 	85.82 	1 	85.82	 17.26	 120.15 
500	 176.26 	1 	131.04 	45.22 	0 	-3	 16.00	 159.43 
600	 175.55 	1 	153.30 	22.25 	0 	-3	 14.47	 170.71 
700	 179.82 	1 	166.56 	13.26 	0 	-3	 13.45	 177.09 
800	 206.79 	1 	186.67 	20.12 	0 	-3	 14.80	 197.88 
900	 182.40 	1 	184.54 	2.14 	0 	-3	 15.76	 187.04 
1000	 181.25 	1 	182.89 	1.64 	0 	-3	 14.30	 182.99 
1100	 178.04 	1 	180.47 	2.43 	0 	-3	 13.19	 179.52 
1200	 174.75 	1 	177.61 	2.86 	0 	-3	 12.20	 176.18 
1300	 129.63 	1 	153.62 	23.99 	0 	-3	 15.49	 143.60 
1400	 129.63 	1 	153.62 	23.99 	1 	-3	 15.49	 143.60 
1500	 193.62 	1 	173.62 	20.00 	1 	-3	 20.34	 178.61 
1600	 129.01 	1 	151.31 	22.30 	0 	-3	 24.77	 143.89 
1700	 180.44 	1 	165.88 	14.56 	0 	-3	 27.44	 169.48 
1800	 181.33 	1 	173.60 	7.73 	0 	-3	 24.78	 177.77 
1900	 207.76 	1 	190.68 	17.08 	0 	-3	 24.95	 198.76 
2000	 183.29 	1 	186.99 	3.70 	0 	-3	 24.90	 187.93 
2100	 206.34 	1 	196.66 	9.68 	0 	-3	 24.71	 200.82 
2200	 184.89 	1 	190.78 	5.89 	0 	-3	 24.39	 189.67 
2300	 187.12 	1 	188.95 	1.83 	0 	-3	 22.17	 187.88 
2400	 124.03 	1 	156.49 	32.46 	0 	-3	 26.26	 143.19 
2500	 179.91 	1 	168.20 	11.71 	0 	-3	 29.22	 168.89 
2600	 146.45 	1 	157.32 	10.87 	0 	-3	 29.65	 153.18 
2700	 192.55 	1 	174.94 	17.61 	0 	-3	 31.29	 180.74 
2800	 205.36 	1 	190.15 	15.21 	0 	-3	 29.45	 197.97 
2900	 203.49 	1 	196.82 	6.67 	0 	-3	 26.69	 201.84 
3000	 204.29 	1 	200.55 	3.74 	0 	-3	 24.10	 203.55 
3100	 147.52 	1 	174.04 	26.52 	0 	-3	 27.37	 164.33 
3200	 149.48 	1 	161.76 	12.28 	0 	-3	 24.83	 153.94 
3300	 179.38 	1 	170.57 	8.81 	0 	-3	 25.33	 171.75 
3400	 168.61 	1 	169.59 	0.98 	0 	-3	 23.88	 169.55 
3500	 145.03 	1 	157.31 	12.28 	0 	-3	 23.85	 152.39 
3600	 139.69 	1 	148.50 	8.81 	0 	-3	 22.00	 143.50 
3700	 134.53 	1 	141.51 	6.98 	0 	-3	 20.31	 137.22 
3800	 163.54 	1 	152.53 	11.01 	0 	-3	 21.18	 155.64 
3900	 134.08 	1 	143.30 	9.22 	0 	-3	 22.01	 140.55 
4000	 163.27 	1 	153.29 	9.98 	0 	-3	 22.73	 156.45 
4100	 156.42 	1 	154.85 	1.57 	0 	-3	 21.14	 156.43 
4200	 130.97 	1 	142.91 	11.94 	0 	-3	 21.57	 138.61 
4300	 -1.00 	0 	142.91 	143.91 	0 	0	 21.57	 138.61 
4400	 -1.00 	0 	142.91 	143.91 	0 	0	 21.57	 138.61 
4500	 -1.00 	0 	142.91 	143.91 	1 	0	 21.57	 138.61 
4600	 156.77 	1 	149.84 	6.93 	1 	-3	 35.19	 151.32 
4700	 114.24 	1 	132.04 	17.80 	0 	-3	 35.93	 125.36 
4800	 130.61 	1 	131.33 	0.72 	0 	-3	 33.97	 129.04 
4900	 132.30 	1 	131.81 	0.49 	0 	-3	 30.74	 131.32 
5000	 158.20 	1 	145.01 	13.19 	0 	-3	 30.26	 150.14 
5100	 125.81 	1 	135.41 	9.60 	0 	-3	 30.47	 133.11 
5200	 115.31 	1 	125.36 	10.05 	0 	-3	 28.47	 120.65 
5300	 115.31 	1 	125.36 	10.05 	1 	-3	 28.47	 120.65 
5400	 122.51 	1 	123.93 	1.42 	0 	-3	 26.35	 121.95 
5500	 164.34 	1 	144.14 	20.20 	0 	-3	 27.89	 151.62 
5600	 137.55 	1 	140.84 	3.29 	0 	-3	 27.78	 141.77 
5700	 136.93 	1 	138.89 	1.96 	0 	-3	 25.07	 138.38 
5800	 121.54 	1 	130.21 	8.67 	0 	-3	 24.10	 126.59 
5900	 138.44 	1 	134.33 	4.11 	0 	-3	 23.38	 134.89 
6000	 147.16 	1 	140.74 	6.42 	0 	-3	 21.91	 143.48 
6100	 141.47 	1 	141.11 	0.36 	0 	-3	 20.29	 142.07 
6200	 142.09 	1 	141.60 	0.49 	0 	-3	 18.32	 142.08 
6300	 140.40 	1 	141.00 	0.60 	0 	-3	 16.66	 140.91 
6400	 139.24 	1 	140.12 	0.88 	0 	-3	 15.11	 139.74 
6500	 133.99 	1 	137.05 	3.06 	0 	-3	 14.12	 135.71 
6600	 112.81 	1 	124.93 	12.12 	0 	-3	 14.83	 119.68 
6700	 134.71 	1 	129.82 	4.89 	0 	-3	 15.54	 130.20 
6800	 120.38 	1 	125.10 	4.72 	0 	-3	 15.42	 123.33 
6900	 139.96 	1 	132.53 	7.43 	0 	-3	 15.83	 134.97 
7000	 129.10 	1 	130.82 	1.72 	0 	-3	 15.34	 130.86 
7100	 133.46 	1 	132.14 	1.32 	0 	-3	 14.24	 132.68 
7200	 139.42 	1 	135.78 	3.64 	0 	-3	 13.41	 137.40 
7300	 118.51 	1 	127.14 	8.63 	0 	-3	 14.16	 124.18 
7400	 138.71 	1 	132.93 	5.78 	0 	-3	 14.76	 134.35 
7500	 125.81 	1 	129.37 	3.56 	0 	-3	 14.58	 128.37 
7600	 130.88 	1 	130.12 	0.76 	0 	-3	 13.63	 130.13 
7700	 158.02 	1 	144.07 	13.95 	0 	-3	 14.98	 149.65 
7800	 135.24 	1 	139.66 	4.42 	0 	-3	 15.76	 139.56 
7900	 129.54 	1 	134.60 	5.06 	0 	-3	 14.75	 132.55 
8000	 119.40 	1 	127.00 	7.60 	0 	-3	 14.29	 123.34 
8100	 153.30 	1 	140.15 	13.15 	0 	-3	 16.25	 144.31 
8200	 158.20 	1 	149.17 	9.03 	0 	-3	 15.12	 154.03 
8300	 123.49 	1 	136.33 	12.84 	0 	-3	 17.08	 132.65 
8400	 132.48 	1 	134.41 	1.93 	0 	-3	 16.27	 132.53 
8500	 169.50 	1 	151.95 	17.55 	0 	-3	 18.34	 158.41 
8600	 131.23 	1 	141.59 	10.36 	0 	-3	 20.34	 139.38 
8700	 155.08 	1 	148.34 	6.74 	0 	-3	 20.69	 150.37 
8800	 137.55 	1 	142.94 	5.39 	0 	-3	 20.37	 141.40 
8900	 175.46 	1 	159.20 	16.26 	0 	-3	 22.13	 165.24 
9000	 162.29 	1 	160.75 	1.54 	0 	-3	 21.23	 163.18 
9100	 146.81 	1 	153.78 	6.97 	0 	-3	 20.65	 151.72 
9200	 131.86 	1 	142.82 	10.96 	0 	-3	 20.08	 137.82 
9300	 117.71 	1 	130.26 	12.55 	0 	-3	 19.49	 123.74 
9400	 131.23 	1 	130.75 	0.48 	0 	-3	 18.89	 128.98 
9500	 152.24 	1 	141.49 	10.75 	0 	-3	 19.11	 145.26 
9600	 129.45 	1 	135.47 	6.02 	0 	-3	 19.47	 134.19 
9700	 125.63 	1 	130.55 	4.92 	0 	-3	 17.91	 128.20 
9800	 133.28 	1 	131.92 	1.36 	0 	-3	 16.88	 131.76 
9900	 118.24 	1 	125.08 	6.84 	0 	-3	 16.70	 122.29 
10000	 135.60 	1 	130.34 	5.26 	0 	-3	 16.76	 131.61 
10100	 142.36 	1 	136.35 	6.01 	0 	-3	 15.76	 139.13 
