#Time(ms)	 Value 	 Validity 	 avgValue 	 Diff 	 Outliers 	 invalidReason	 SD 
200	 -1.00 	0 	0.00 	1.00 	0 	0	 0.00	 0.00 
300	 -1.00 	0 	0.00 	1.00 	1 	0	 0.00	 0.00 
400	 175.02 	0 	87.51 	87.51 	1 	87.51	 17.60	 122.51 
500	 152.95 	1 	120.23 	32.72 	0 	-3	 18.05	 143.82 
600	 175.02 	1 	147.62 	27.40 	0 	-3	 18.45	 165.66 
700	 176.97 	1 	162.30 	14.67 	0 	-3	 16.80	 173.58 
800	 175.64 	1 	168.97 	6.67 	0 	-3	 15.25	 175.02 
900	 174.57 	1 	171.77 	2.80 	0 	-3	 13.84	 174.71 
1000	 174.57 	1 	173.17 	1.40 	0 	-3	 12.45	 174.61 
1100	 173.50 	1 	173.33 	0.17 	0 	-3	 11.31	 173.83 
1200	 172.61 	1 	172.97 	0.36 	0 	-3	 10.27	 172.98 
1300	 173.59 	1 	173.28 	0.31 	0 	-3	 9.34	 173.41 
1400	 171.55 	1 	172.42 	0.87 	0 	-3	 8.61	 172.11 
1500	 165.58 	1 	169.00 	3.42 	0 	-3	 8.35	 167.54 
1600	 170.92 	1 	169.96 	0.96 	0 	-3	 8.05	 169.91 
1700	 165.94 	1 	167.95 	2.01 	0 	-3	 7.74	 167.13 
1800	 175.82 	1 	171.88 	3.94 	0 	-3	 7.95	 173.21 
1900	 168.97 	1 	170.43 	1.46 	0 	-3	 7.84	 170.24 
2000	 172.44 	1 	171.43 	1.01 	0 	-3	 7.41	 171.78 
2100	 161.13 	1 	166.28 	5.15 	0 	-3	 7.80	 164.33 
2200	 172.88 	1 	169.58 	3.30 	0 	-3	 8.19	 170.31 
2300	 170.83 	1 	170.21 	0.62 	0 	-3	 7.58	 170.68 
2400	 182.58 	1 	176.39 	6.19 	0 	-3	 8.00	 179.01 
2500	 176.97 	1 	176.68 	0.29 	0 	-3	 7.76	 177.58 
2600	 144.49 	1 	160.59 	16.10 	0 	-3	 10.23	 154.42 
2700	 170.66 	1 	165.62 	5.04 	0 	-3	 11.82	 165.79 
2800	 192.55 	1 	179.09 	13.46 	0 	-3	 12.83	 184.52 
2900	 187.56 	1 	183.32 	4.24 	0 	-3	 12.05	 186.65 
3000	 138.35 	1 	160.84 	22.49 	0 	-3	 15.76	 152.84 
3100	 164.78 	1 	162.81 	1.97 	0 	-3	 16.83	 161.20 
3200	 139.24 	1 	151.02 	11.78 	0 	-3	 17.70	 145.83 
3300	 183.03 	1 	167.03 	16.00 	0 	-3	 20.31	 171.87 
3400	 160.51 	1 	163.77 	3.26 	0 	-3	 20.53	 163.92 
3500	 185.96 	1 	174.86 	11.10 	0 	-3	 21.02	 179.35 
3600	 149.03 	1 	161.95 	12.92 	0 	-3	 22.61	 158.13 
3700	 180.18 	1 	171.06 	9.12 	0 	-3	 23.47	 173.56 
3800	 175.46 	1 	173.26 	2.20 	0 	-3	 21.59	 174.89 
3900	 141.38 	1 	157.32 	15.94 	0 	-3	 22.84	 151.43 
4000	 123.23 	1 	140.28 	17.05 	0 	-3	 22.37	 131.69 
4100	 153.57 	1 	146.92 	6.65 	0 	-3	 23.17	 147.01 
4200	 135.95 	1 	141.44 	5.49 	0 	-3	 22.61	 139.27 
4300	 130.17 	1 	135.80 	5.63 	0 	-3	 20.93	 132.90 
4400	 136.40 	1 	136.10 	0.30 	0 	-3	 19.46	 135.35 
4500	 170.21 	1 	153.16 	17.05 	0 	-3	 20.90	 159.75 
4600	 177.69 	1 	165.42 	12.27 	0 	-3	 19.55	 172.31 
4700	 133.19 	1 	149.31 	16.12 	0 	-3	 22.05	 144.93 
4800	 179.56 	1 	164.43 	15.13 	0 	-3	 24.48	 169.17 
4900	 137.55 	1 	150.99 	13.44 	0 	-3	 26.23	 147.04 
5000	 138.18 	1 	144.59 	6.41 	0 	-3	 23.67	 140.84 
5100	 152.50 	1 	148.54 	3.96 	0 	-3	 22.74	 149.00 
5200	 140.76 	1 	144.65 	3.89 	0 	-3	 21.64	 143.23 
5300	 143.60 	1 	144.13 	0.53 	0 	-3	 19.76	 143.49 
5400	 145.47 	1 	144.80 	0.67 	0 	-3	 17.97	 144.88 
5500	 179.02 	1 	161.91 	17.11 	0 	-3	 19.53	 168.78 
5600	 150.99 	1 	156.45 	5.46 	0 	-3	 20.38	 156.33 
5700	 166.56 	1 	161.50 	5.06 	0 	-3	 19.90	 163.49 
5800	 153.39 	1 	157.45 	4.06 	0 	-3	 19.22	 156.42 
5900	 161.22 	1 	159.33 	1.89 	0 	-3	 18.08	 159.78 
6000	 147.96 	1 	153.65 	5.69 	0 	-3	 17.60	 151.51 
6100	 143.87 	1 	148.76 	4.89 	0 	-3	 16.25	 146.16 
6200	 155.62 	1 	152.19 	3.43 	0 	-3	 15.80	 152.78 
6300	 126.87 	1 	139.53 	12.66 	0 	-3	 17.10	 134.64 
6400	 146.72 	1 	143.12 	3.60 	0 	-3	 17.37	 143.10 
6500	 145.56 	1 	144.34 	1.22 	0 	-3	 15.75	 144.82 
6600	 167.45 	1 	155.90 	11.55 	0 	-3	 16.36	 160.66 
6700	 140.49 	1 	148.19 	7.70 	0 	-3	 17.42	 146.54 
6800	 137.46 	1 	142.83 	5.37 	0 	-3	 15.98	 140.18 
6900	 138.71 	1 	140.77 	2.06 	0 	-3	 14.51	 139.15 
7000	 132.57 	1 	136.67 	4.10 	0 	-3	 13.67	 134.54 
7100	 174.48 	1 	155.57 	18.91 	0 	-3	 16.50	 162.50 
7200	 145.83 	1 	150.70 	4.87 	0 	-3	 17.71	 150.83 
7300	 138.98 	1 	144.84 	5.86 	0 	-3	 16.63	 142.54 
7400	 149.74 	1 	147.29 	2.45 	0 	-3	 16.04	 147.58 
7500	 130.43 	1 	138.86 	8.43 	0 	-3	 16.37	 135.57 
7600	 120.38 	1 	129.62 	9.24 	0 	-3	 15.74	 124.94 
7700	 164.43 	1 	147.03 	17.40 	0 	-3	 18.57	 152.58 
7800	 123.58 	1 	135.30 	11.72 	0 	-3	 20.79	 132.28 
7900	 173.24 	1 	154.27 	18.97 	0 	-3	 23.68	 160.95 
8000	 130.70 	1 	142.49 	11.79 	0 	-3	 25.57	 139.78 
8100	 136.84 	1 	139.66 	2.82 	0 	-3	 23.62	 137.72 
8200	 178.75 	1 	159.21 	19.54 	0 	-3	 25.45	 166.44 
8300	 151.26 	1 	155.23 	3.97 	0 	-3	 25.66	 155.81 
8400	 159.27 	1 	157.25 	2.02 	0 	-3	 23.89	 158.23 
8500	 180.53 	1 	168.89 	11.64 	0 	-3	 23.63	 173.84 
8600	 181.96 	1 	175.43 	6.53 	0 	-3	 21.41	 179.52 
8700	 161.67 	1 	168.55 	6.88 	0 	-3	 21.30	 167.03 
8800	 167.81 	1 	168.18 	0.37 	0 	-3	 19.78	 167.57 
8900	 191.48 	1 	179.83 	11.65 	0 	-3	 20.17	 184.31 
9000	 191.84 	1 	185.83 	6.01 	0 	-3	 18.19	 189.58 
9100	 190.68 	1 	188.26 	2.42 	0 	-3	 16.49	 190.35 
9200	 190.77 	1 	189.51 	1.26 	0 	-3	 14.85	 190.64 
9300	 187.92 	1 	188.72 	0.80 	0 	-3	 13.65	 188.74 
9400	 190.50 	1 	189.61 	0.89 	0 	-3	 12.54	 189.97 
9500	 189.88 	1 	189.74 	0.14 	0 	-3	 11.35	 189.91 
9600	 190.41 	1 	190.08 	0.33 	0 	-3	 10.27	 190.26 
9700	 191.57 	1 	190.82 	0.75 	0 	-3	 9.36	 191.18 
9800	 187.92 	1 	189.37 	1.45 	0 	-3	 8.79	 188.90 
9900	 189.34 	1 	189.36 	0.02 	0 	-3	 8.05	 189.21 
10000	 191.57 	1 	190.46 	1.11 	0 	-3	 7.47	 190.86 
10100	 189.97 	1 	190.22 	0.25 	0 	-3	 6.88	 190.24 
10200	 169.68 	1 	179.95 	10.27 	0 	-3	 8.22	 175.85 
10300	 172.44 	1 	176.19 	3.75 	0 	-3	 7.68	 173.46 
10400	 171.90 	1 	174.05 	2.15 	0 	-3	 6.96	 172.37 
10500	 189.43 	1 	181.74 	7.69 	0 	-3	 8.02	 184.31 
10600	 188.90 	1 	185.32 	3.58 	0 	-3	 7.27	 187.52 
10700	 189.43 	1 	187.37 	2.06 	0 	-3	 6.60	 188.86 
10800	 188.90 	1 	188.14 	0.76 	0 	-3	 5.99	 188.89 
10900	 187.65 	1 	187.89 	0.24 	0 	-3	 5.52	 188.02 
11000	 189.43 	1 	188.66 	0.77 	0 	-3	 5.14	 189.01 
11100	 190.59 	1 	189.63 	0.96 	0 	-3	 4.74	 190.12 
11200	 189.43 	1 	189.53 	0.10 	0 	-3	 4.39	 189.64 
11300	 187.92 	1 	188.72 	0.80 	0 	-3	 4.10	 188.43 
11400	 189.43 	1 	189.08 	0.35 	0 	-3	 3.84	 189.13 
11500	 190.59 	1 	189.83 	0.76 	0 	-3	 3.57	 190.15 
11600	 189.43 	1 	189.63 	0.20 	0 	-3	 3.33	 189.65 
11700	 189.52 	1 	189.58 	0.06 	0 	-3	 3.01	 189.56 
11800	 188.45 	1 	189.01 	0.56 	0 	-3	 2.81	 188.78 
11900	 190.06 	1 	189.54 	0.52 	0 	-3	 2.69	 189.68 
12000	 189.43 	1 	189.48 	0.05 	0 	-3	 2.49	 189.50 
12100	 190.06 	1 	189.77 	0.29 	0 	-3	 2.30	 189.89 
12200	 191.12 	1 	190.45 	0.67 	0 	-3	 2.18	 190.75 
12300	 191.12 	1 	190.78 	0.34 	0 	-3	 1.96	 191.01 
12400	 189.43 	1 	190.11 	0.68 	0 	-3	 1.93	 189.90 
12500	 188.36 	1 	189.23 	0.87 	0 	-3	 1.85	 188.82 
12600	 191.66 	1 	190.45 	1.21 	0 	-3	 1.99	 190.81 
12700	 187.56 	1 	189.00 	1.44 	0 	-3	 2.20	 188.53 
12800	 188.90 	1 	188.95 	0.05 	0 	-3	 2.12	 188.79 
12900	 189.43 	1 	189.19 	0.24 	0 	-3	 1.96	 189.24 
13000	 191.12 	1 	190.16 	0.96 	0 	-3	 1.93	 190.56 
13100	 188.81 	1 	189.48 	0.67 	0 	-3	 1.97	 189.33 
13200	 187.74 	1 	188.61 	0.87 	0 	-3	 1.88	 188.22 
13300	 189.52 	1 	189.07 	0.45 	0 	-3	 1.87	 189.13 
13400	 189.52 	1 	189.29 	0.23 	0 	-3	 1.68	 189.40 
13500	 189.52 	1 	189.41 	0.11 	0 	-3	 1.51	 189.48 
13600	 189.52 	1 	189.46 	0.06 	0 	-3	 1.36	 189.51 
13700	 188.28 	1 	188.87 	0.59 	0 	-3	 1.35	 188.65 
13800	 190.06 	1 	189.47 	0.59 	0 	-3	 1.39	 189.64 
13900	 188.90 	1 	189.18 	0.28 	0 	-3	 1.37	 189.12 
14000	 190.06 	1 	189.62 	0.44 	0 	-3	 1.35	 189.78 
14100	 189.97 	1 	189.80 	0.17 	0 	-3	 1.22	 189.91 
14200	 188.90 	1 	189.35 	0.45 	0 	-3	 1.21	 189.20 
14300	 188.90 	1 	189.12 	0.22 	0 	-3	 1.09	 188.99 
14400	 187.74 	1 	188.43 	0.69 	0 	-3	 1.09	 188.12 
14500	 190.06 	1 	189.25 	0.81 	0 	-3	 1.22	 189.48 
14600	 189.97 	1 	189.61 	0.36 	0 	-3	 1.10	 189.82 
14700	 188.81 	1 	189.21 	0.40 	0 	-3	 1.11	 189.11 
14800	 189.97 	1 	189.59 	0.38 	0 	-3	 1.11	 189.71 
14900	 188.90 	1 	189.24 	0.34 	0 	-3	 1.11	 189.14 
15000	 190.06 	1 	189.65 	0.41 	0 	-3	 1.12	 189.79 
15100	 189.34 	1 	189.50 	0.16 	0 	-3	 1.08	 189.47 
