#Time(ms)	 Value 	 Validity 	 avgValue 	 Diff 	 Outliers 	 invalidReason	 SD 
200	 -1.00 	0 	0.00 	1.00 	0 	0	 0.00	 0.00 
300	 -1.00 	0 	0.00 	1.00 	1 	0	 0.00	 0.00 
400	 208.39 	0 	104.19 	104.19 	1 	104.19	 20.94	 145.87 
500	 200.65 	1 	152.42 	48.23 	0 	-3	 19.62	 184.22 
600	 208.39 	1 	180.41 	27.98 	0 	-3	 18.43	 201.14 
700	 196.73 	1 	188.57 	8.16 	0 	-3	 17.75	 198.05 
800	 199.67 	1 	194.12 	5.55 	0 	-3	 16.27	 199.18 
900	 197.00 	1 	195.56 	1.44 	0 	-3	 14.91	 197.66 
1000	 205.90 	1 	200.73 	5.17 	0 	-3	 14.31	 203.43 
1100	 205.98 	1 	203.35 	2.63 	0 	-3	 12.89	 205.21 
1200	 206.70 	1 	205.03 	1.67 	0 	-3	 11.67	 206.25 
1300	 132.04 	1 	168.53 	36.49 	0 	-3	 17.97	 154.30 
1400	 183.29 	1 	175.91 	7.38 	0 	-3	 21.30	 174.59 
1500	 183.29 	1 	175.91 	7.38 	1 	-3	 21.30	 174.59 
1600	 186.41 	1 	181.16 	5.25 	0 	-3	 19.48	 182.87 
1700	 143.43 	1 	162.30 	18.87 	0 	-3	 21.83	 155.26 
1800	 100.00 	1 	131.15 	31.15 	0 	-3	 23.99	 116.58 
1900	 100.00 	1 	131.15 	31.15 	1 	-3	 23.99	 116.58 
2000	 170.12 	1 	150.63 	19.49 	1 	-3	 28.60	 154.06 
2100	 115.57 	1 	133.10 	17.53 	0 	-3	 31.20	 127.12 
2200	 92.53 	1 	112.82 	20.29 	0 	-3	 30.38	 102.91 
2300	 92.53 	1 	112.82 	20.29 	1 	-3	 30.38	 102.91 
2400	 86.30 	1 	99.56 	13.26 	0 	-3	 27.97	 91.28 
2500	 103.56 	1 	101.56 	2.00 	0 	-3	 26.90	 99.88 
2600	 137.55 	1 	119.55 	18.00 	0 	-3	 27.61	 126.25 
2700	 137.55 	1 	119.55 	18.00 	1 	-3	 27.61	 126.25 
2800	 79.09 	1 	99.32 	20.23 	1 	-3	 30.69	 93.24 
2900	 74.64 	1 	86.98 	12.34 	0 	-3	 28.07	 80.22 
3000	 74.64 	1 	86.98 	12.34 	1 	-3	 28.07	 80.22 
3100	 72.50 	1 	79.74 	7.24 	0 	-3	 25.47	 74.82 
3200	 68.32 	1 	74.03 	5.71 	0 	-3	 23.34	 70.27 
3300	 68.32 	1 	74.03 	5.71 	1 	-3	 23.34	 70.27 
3400	 124.47 	1 	99.25 	25.22 	1 	-3	 26.63	 108.21 
3500	 124.56 	1 	111.91 	12.65 	0 	-3	 23.97	 119.65 
3600	 125.18 	1 	118.54 	6.64 	0 	-3	 21.64	 123.52 
3700	 121.18 	1 	119.86 	1.32 	0 	-3	 19.87	 121.88 
3800	 121.45 	1 	120.66 	0.79 	0 	-3	 17.91	 121.58 
3900	 118.24 	1 	119.45 	1.21 	0 	-3	 16.44	 119.24 
4000	 117.98 	1 	118.71 	0.73 	0 	-3	 14.82	 118.36 
4100	 117.98 	1 	118.35 	0.37 	0 	-3	 13.34	 118.09 
4200	 121.36 	1 	119.85 	1.51 	0 	-3	 12.35	 120.38 
4300	 121.36 	1 	119.85 	1.51 	1 	-3	 12.35	 120.38 
4400	 44.65 	0 	82.25 	37.60 	1 	37.60	 18.78	 67.37 
4500	 127.94 	1 	105.10 	22.84 	1 	-3	 25.23	 109.77 
4600	 26.85 	0 	65.97 	39.12 	1 	39.12	 32.82	 51.73 
4700	 26.41 	0 	46.19 	19.78 	0 	19.78	 29.58	 34.00 
4800	 26.41 	0 	36.30 	9.89 	0 	9.89	 26.62	 28.69 
4900	 26.41 	0 	36.30 	9.89 	1 	9.89	 26.62	 28.69 
5000	 111.48 	0 	73.89 	37.59 	1 	37.59	 32.47	 86.64 
5100	 114.77 	1 	94.33 	20.44 	0 	-3	 29.55	 106.33 
5200	 110.95 	1 	102.64 	8.31 	0 	-3	 26.98	 109.56 
5300	 112.46 	1 	107.55 	4.91 	0 	-3	 24.43	 111.59 
5400	 112.46 	1 	107.55 	4.91 	1 	-3	 24.43	 111.59 
5500	 144.23 	1 	125.89 	18.34 	0 	-3	 25.16	 134.44 
5600	 146.63 	1 	136.26 	10.37 	0 	-3	 22.89	 142.97 
5700	 146.63 	1 	136.26 	10.37 	1 	-3	 22.89	 142.97 
5800	 42.78 	0 	89.52 	46.74 	1 	46.74	 30.98	 72.84 
5900	 110.86 	1 	100.19 	10.67 	1 	-3	 34.69	 99.45 
6000	 42.42 	0 	71.31 	28.89 	1 	28.89	 38.07	 59.53 
6100	 117.00 	1 	94.15 	22.85 	1 	-3	 41.72	 99.76 
6200	 143.25 	1 	118.70 	24.55 	0 	-3	 40.17	 130.20 
6300	 143.25 	1 	130.98 	12.27 	0 	-3	 36.16	 139.34 
6400	 140.13 	1 	135.55 	4.58 	0 	-3	 32.85	 139.89 
6500	 114.68 	1 	125.12 	10.44 	0 	-3	 32.11	 122.24 
6600	 133.37 	1 	129.24 	4.13 	0 	-3	 30.77	 130.03 
6700	 114.68 	1 	121.96 	7.28 	0 	-3	 29.56	 119.29 
6800	 111.03 	1 	116.50 	5.47 	0 	-3	 26.97	 113.51 
6900	 131.41 	1 	123.95 	7.46 	0 	-3	 26.31	 126.04 
7000	 131.06 	1 	127.51 	3.55 	0 	-3	 23.72	 129.55 
7100	 133.28 	1 	130.39 	2.89 	0 	-3	 21.57	 132.16 
7200	 133.28 	1 	130.39 	2.89 	1 	-3	 21.57	 132.16 
7300	 140.76 	1 	135.58 	5.18 	0 	-3	 20.16	 138.18 
7400	 140.93 	1 	138.25 	2.68 	0 	-3	 18.16	 140.11 
7500	 146.72 	1 	142.49 	4.23 	0 	-3	 16.92	 144.74 
7600	 146.72 	1 	142.49 	4.23 	1 	-3	 16.92	 144.74 
7700	 157.31 	1 	149.90 	7.41 	0 	-3	 16.29	 153.54 
7800	 159.80 	1 	154.85 	4.95 	0 	-3	 14.91	 157.92 
7900	 162.47 	1 	158.66 	3.81 	0 	-3	 13.68	 161.11 
8000	 133.64 	1 	146.15 	12.51 	0 	-3	 15.20	 141.88 
8100	 173.33 	1 	159.74 	13.59 	0 	-3	 17.65	 163.89 
8200	 173.33 	1 	159.74 	13.59 	1 	-3	 17.65	 163.89 
8300	 173.68 	1 	166.71 	6.97 	0 	-3	 15.92	 170.74 
8400	 130.26 	1 	148.48 	18.22 	0 	-3	 18.67	 142.41 
8500	 113.97 	1 	131.23 	17.26 	0 	-3	 18.43	 122.50 
8600	 113.97 	1 	131.23 	17.26 	1 	-3	 18.43	 122.50 
8700	 179.38 	1 	155.30 	24.08 	1 	-3	 23.13	 162.32 
8800	 97.78 	1 	126.54 	28.76 	1 	-3	 28.98	 117.14 
8900	 156.51 	1 	141.53 	14.98 	1 	-3	 31.95	 144.70 
9000	 175.64 	1 	158.58 	17.06 	0 	-3	 30.67	 166.36 
9100	 175.64 	1 	158.58 	17.06 	1 	-3	 30.67	 166.36 
9200	 101.16 	1 	129.87 	28.71 	1 	-3	 35.05	 120.72 
9300	 93.95 	1 	111.91 	17.96 	0 	-3	 32.27	 101.98 
9400	 98.67 	1 	105.29 	6.62 	0 	-3	 29.51	 99.66 
9500	 101.78 	1 	103.54 	1.76 	0 	-3	 26.87	 101.14 
9600	 100.98 	1 	102.26 	1.28 	0 	-3	 24.26	 101.03 
9700	 101.87 	1 	102.06 	0.19 	0 	-3	 21.93	 101.62 
9800	 93.24 	1 	97.65 	4.41 	0 	-3	 20.60	 95.75 
9900	 100.98 	1 	99.32 	1.66 	0 	-3	 19.31	 99.41 
10000	 101.78 	1 	100.55 	1.23 	0 	-3	 17.46	 101.07 
10100	 101.87 	1 	101.21 	0.66 	0 	-3	 15.72	 101.63 
10200	 94.39 	1 	97.80 	3.41 	0 	-3	 14.90	 96.56 
10300	 101.60 	1 	99.70 	1.90 	0 	-3	 14.13	 100.09 
10400	 100.89 	1 	100.29 	0.60 	0 	-3	 12.79	 100.65 
10500	 100.89 	1 	100.59 	0.30 	0 	-3	 11.51	 100.82 
10600	 94.75 	1 	97.67 	2.92 	0 	-3	 10.97	 96.57 
10700	 101.07 	1 	99.37 	1.70 	0 	-3	 10.51	 99.72 
10800	 100.89 	1 	100.13 	0.76 	0 	-3	 9.47	 100.54 
10900	 93.95 	1 	97.04 	3.09 	0 	-3	 9.22	 95.93 
11000	 93.15 	1 	95.10 	1.95 	0 	-3	 8.38	 93.98 
11100	 101.33 	1 	98.21 	3.12 	0 	-3	 8.36	 99.13 
11200	 101.60 	1 	99.91 	1.69 	0 	-3	 7.55	 100.86 
11300	 93.95 	1 	96.93 	2.98 	0 	-3	 7.56	 96.02 
11400	 101.51 	1 	99.22 	2.29 	0 	-3	 7.56	 99.86 
11500	 92.17 	1 	95.69 	3.52 	0 	-3	 7.74	 94.48 
11600	 95.19 	1 	95.44 	0.25 	0 	-3	 7.27	 94.98 
11700	 95.28 	1 	95.36 	0.08 	0 	-3	 6.55	 95.19 
11800	 101.96 	1 	98.66 	3.30 	0 	-3	 6.56	 99.93 
11900	 95.02 	1 	96.84 	1.82 	0 	-3	 6.60	 96.49 
12000	 101.87 	1 	99.36 	2.51 	0 	-3	 6.62	 100.26 
12100	 95.02 	1 	97.19 	2.17 	0 	-3	 6.65	 96.59 
12200	 101.96 	1 	99.57 	2.39 	0 	-3	 6.68	 100.35 
12300	 95.11 	1 	97.34 	2.23 	0 	-3	 6.69	 96.68 
12400	 95.28 	1 	96.31 	1.03 	0 	-3	 6.04	 95.70 
12500	 93.86 	1 	95.09 	1.23 	0 	-3	 5.58	 94.41 
12600	 95.19 	1 	95.14 	0.05 	0 	-3	 5.15	 94.96 
12700	 93.33 	1 	94.23 	0.90 	0 	-3	 4.82	 93.82 
12800	 93.77 	1 	94.00 	0.23 	0 	-3	 4.39	 93.78 
12900	 92.35 	1 	93.18 	0.83 	0 	-3	 4.09	 92.78 
13000	 101.16 	1 	97.17 	3.99 	0 	-3	 4.56	 98.65 
13100	 101.87 	1 	99.52 	2.35 	0 	-3	 4.18	 100.90 
13200	 93.59 	1 	96.55 	2.96 	0 	-3	 4.59	 95.78 
13300	 101.87 	1 	99.21 	2.66 	0 	-3	 4.96	 100.04 
13400	 101.51 	1 	100.36 	1.15 	0 	-3	 4.50	 101.07 
13500	 101.69 	1 	101.03 	0.66 	0 	-3	 4.06	 101.50 
13600	 95.28 	1 	98.15 	2.87 	0 	-3	 4.30	 97.15 
13700	 102.58 	1 	100.37 	2.21 	0 	-3	 4.60	 100.95 
13800	 95.11 	1 	97.74 	2.63 	0 	-3	 4.89	 96.86 
13900	 100.89 	1 	99.31 	1.58 	0 	-3	 4.98	 99.68 
14000	 101.51 	1 	100.41 	1.10 	0 	-3	 4.54	 100.96 
14100	 100.89 	1 	100.65 	0.24 	0 	-3	 4.15	 100.91 
14200	 95.37 	1 	98.01 	2.64 	0 	-3	 4.29	 97.03 
14300	 94.93 	1 	96.47 	1.54 	0 	-3	 3.90	 95.56 
14400	 94.30 	1 	95.39 	1.09 	0 	-3	 3.57	 94.68 
14500	 101.51 	1 	98.45 	3.06 	0 	-3	 3.94	 99.46 
14600	 100.89 	1 	99.67 	1.22 	0 	-3	 3.61	 100.46 
14700	 101.07 	1 	100.37 	0.70 	0 	-3	 3.26	 100.89 
14800	 101.42 	1 	100.89 	0.53 	0 	-3	 2.97	 101.26 
14900	 101.25 	1 	101.07 	0.18 	0 	-3	 2.69	 101.25 
15000	 95.55 	1 	98.31 	2.76 	0 	-3	 2.99	 97.26 
15100	 95.46 	1 	96.89 	1.43 	0 	-3	 2.70	 96.00 
