#Time(ms)	 Value 	 Validity 	 avgValue 	 Diff 	 Outliers 	 invalidReason	 SD 
200	 0.00 	1 	0.00 	0.00 	1 	-3	 0.00	 0.00 
300	 229.66 	0 	114.83 	114.83 	1 	114.83	 22.97	 160.76 
400	 233.48 	1 	174.16 	59.32 	0 	-3	 21.05	 211.66 
500	 233.48 	1 	174.16 	59.32 	1 	-3	 21.05	 211.66 
600	 127.59 	1 	150.87 	23.28 	1 	-3	 29.54	 152.81 
700	 215.15 	1 	183.01 	32.14 	1 	-3	 35.34	 196.45 
800	 212.93 	1 	197.97 	14.96 	0 	-3	 32.03	 207.99 
900	 228.94 	1 	213.46 	15.48 	0 	-3	 30.42	 222.65 
1000	 228.94 	1 	213.46 	15.48 	1 	-3	 30.42	 222.65 
1100	 138.62 	1 	176.04 	37.42 	1 	-3	 36.41	 163.83 
1200	 215.33 	1 	195.68 	19.65 	1 	-3	 40.44	 199.88 
1300	 217.82 	1 	206.75 	11.07 	0 	-3	 36.65	 212.44 
1400	 215.51 	1 	211.13 	4.38 	0 	-3	 33.21	 214.59 
1500	 215.51 	1 	211.13 	4.38 	1 	-3	 33.21	 214.59 
1600	 126.43 	1 	168.78 	42.35 	1 	-3	 38.80	 152.88 
1700	 231.08 	1 	199.93 	31.15 	1 	-3	 45.39	 207.62 
1800	 229.92 	1 	214.93 	14.99 	0 	-3	 40.96	 223.23 
1900	 229.92 	1 	214.93 	14.99 	1 	-3	 40.96	 223.23 
2000	 238.02 	1 	226.47 	11.55 	0 	-3	 37.68	 233.58 
2100	 238.02 	1 	226.47 	11.55 	1 	-3	 37.68	 233.58 
2200	 141.74 	1 	184.11 	42.37 	1 	-3	 43.54	 169.29 
2300	 76.51 	0 	130.31 	53.80 	0 	53.80	 45.71	 104.34 
2400	 99.29 	1 	114.80 	15.51 	0 	-3	 43.41	 100.81 
2500	 99.29 	1 	114.80 	15.51 	1 	-3	 43.41	 100.81 
2600	 230.90 	0 	172.85 	58.05 	1 	58.05	 52.23	 191.87 
2700	 220.85 	1 	196.85 	24.00 	0 	-3	 48.02	 212.16 
2800	 220.85 	1 	196.85 	24.00 	1 	-3	 48.02	 212.16 
2900	 212.66 	1 	204.75 	7.91 	0 	-3	 44.03	 212.51 
3000	 212.66 	1 	204.75 	7.91 	1 	-3	 44.03	 212.51 
3100	 67.79 	0 	136.27 	68.48 	1 	68.48	 54.12	 111.21 
3200	 171.46 	1 	153.87 	17.59 	1 	-3	 59.07	 153.38 
3300	 129.90 	1 	141.88 	11.98 	0 	-3	 57.32	 136.95 
3400	 80.33 	0 	111.11 	30.78 	0 	30.78	 56.55	 97.31 
3500	 80.33 	0 	111.11 	30.78 	1 	30.78	 56.55	 97.31 
3600	 199.49 	1 	155.30 	44.19 	1 	-3	 62.81	 168.84 
3700	 204.29 	1 	179.79 	24.50 	0 	-3	 57.01	 193.65 
3800	 132.66 	1 	156.23 	23.57 	0 	-3	 58.47	 150.96 
3900	 93.68 	1 	124.95 	31.27 	0 	-3	 56.52	 110.86 
4000	 88.16 	1 	106.56 	18.40 	0 	-3	 51.42	 94.97 
4100	 88.16 	1 	106.56 	18.40 	1 	-3	 51.42	 94.97 
4200	 118.06 	1 	112.31 	5.75 	0 	-3	 49.27	 111.13 
4300	 118.06 	1 	112.31 	5.75 	1 	-3	 49.27	 111.13 
4400	 216.22 	1 	164.26 	51.96 	1 	-3	 54.16	 184.69 
4500	 94.30 	1 	129.28 	34.98 	1 	-3	 60.93	 121.42 
4600	 165.14 	1 	147.21 	17.93 	1 	-3	 61.92	 152.02 
4700	 165.23 	1 	156.22 	9.01 	0 	-3	 55.74	 161.27 
4800	 167.10 	1 	161.66 	5.44 	0 	-3	 50.35	 165.35 
4900	 167.10 	1 	161.66 	5.44 	1 	-3	 50.35	 165.35 
5000	 143.16 	1 	152.41 	9.25 	0 	-3	 47.71	 149.82 
5100	 157.75 	1 	155.08 	2.67 	0 	-3	 44.40	 155.37 
5200	 144.23 	1 	149.66 	5.43 	0 	-3	 41.31	 147.57 
5300	 163.63 	1 	156.64 	6.99 	0 	-3	 39.12	 158.81 
5400	 162.56 	1 	159.60 	2.96 	0 	-3	 35.32	 161.44 
5500	 162.56 	1 	159.60 	2.96 	1 	-3	 35.32	 161.44 
5600	 78.20 	0 	118.90 	40.70 	1 	40.70	 40.22	 103.17 
5700	 78.20 	1 	98.55 	20.35 	0 	-3	 36.20	 85.69 
5800	 451.00 	0 	98.55 	352.45 	0 	0	 36.20	 85.69 
5900	 451.00 	0 	98.55 	352.45 	1 	0	 36.20	 85.69 
6000	 130.52 	1 	114.54 	15.98 	1 	-3	 64.63	 117.07 
6100	 173.41 	1 	143.97 	29.44 	0 	-3	 62.45	 156.51 
6200	 218.53 	1 	181.25 	37.28 	0 	-3	 60.72	 199.92 
6300	 218.53 	1 	181.25 	37.28 	1 	-3	 60.72	 199.92 
6400	 69.48 	0 	125.37 	55.89 	1 	55.89	 69.55	 108.61 
6500	 53.01 	0 	89.19 	36.18 	0 	36.18	 64.24	 69.69 
6600	 53.01 	0 	89.19 	36.18 	1 	36.18	 64.24	 69.69 
6700	 142.71 	1 	115.95 	26.76 	1 	-3	 66.79	 120.80 
6800	 85.32 	1 	100.63 	15.31 	1 	-3	 65.85	 95.97 
6900	 90.92 	1 	95.78 	4.86 	0 	-3	 59.82	 92.43 
7000	 90.92 	1 	95.78 	4.86 	1 	-3	 59.82	 92.43 
7100	 97.60 	1 	96.69 	0.91 	0 	-3	 54.51	 96.05 
7200	 103.74 	1 	100.21 	3.53 	0 	-3	 49.67	 101.43 
7300	 103.74 	1 	100.21 	3.53 	1 	-3	 49.67	 101.43 
7400	 115.22 	1 	107.72 	7.50 	0 	-3	 45.85	 111.08 
7500	 118.24 	1 	112.98 	5.26 	0 	-3	 41.57	 116.09 
7600	 163.09 	1 	138.03 	25.06 	0 	-3	 41.90	 148.99 
7700	 163.09 	1 	138.03 	25.06 	1 	-3	 41.90	 148.99 
7800	 190.14 	1 	164.09 	26.05 	0 	-3	 40.41	 177.80 
7900	 173.86 	1 	168.97 	4.89 	0 	-3	 38.00	 175.04 
8000	 185.96 	1 	177.47 	8.49 	0 	-3	 35.41	 182.68 
8100	 211.95 	1 	194.71 	17.24 	0 	-3	 34.47	 203.17 
8200	 211.95 	1 	194.71 	17.24 	1 	-3	 34.47	 203.17 
8300	 144.76 	1 	169.73 	24.97 	0 	-3	 37.74	 162.28 
8400	 144.76 	1 	169.73 	24.97 	1 	-3	 37.74	 162.28 
8500	 198.95 	1 	184.34 	14.61 	0 	-3	 39.39	 187.95 
8600	 198.95 	1 	184.34 	14.61 	1 	-3	 39.39	 187.95 
8700	 209.10 	1 	196.72 	12.38 	0 	-3	 36.46	 202.75 
8800	 221.74 	1 	209.23 	12.51 	0 	-3	 34.08	 216.04 
8900	 171.99 	1 	190.61 	18.62 	0 	-3	 35.65	 185.21 
9000	 203.76 	1 	197.19 	6.57 	0 	-3	 35.26	 198.19 
9100	 232.77 	1 	214.98 	17.79 	0 	-3	 34.63	 222.40 
9200	 232.77 	1 	214.98 	17.79 	1 	-3	 34.63	 222.40 
9300	 160.60 	1 	187.79 	27.19 	0 	-3	 38.39	 179.14 
9400	 137.91 	1 	162.85 	24.94 	0 	-3	 36.82	 150.28 
9500	 173.77 	1 	168.31 	5.46 	0 	-3	 36.72	 166.72 
9600	 173.77 	1 	168.31 	5.46 	1 	-3	 36.72	 166.72 
9700	 153.57 	1 	160.94 	7.37 	0 	-3	 35.07	 157.52 
9800	 153.57 	1 	157.25 	3.68 	0 	-3	 31.56	 154.75 
9900	 153.57 	1 	157.25 	3.68 	1 	-3	 31.56	 154.75 
10000	 121.18 	1 	139.22 	18.04 	0 	-3	 31.65	 131.25 
10100	 146.54 	1 	142.88 	3.66 	0 	-3	 31.02	 141.95 
10200	 183.11 	1 	162.99 	20.12 	0 	-3	 31.57	 170.76 
10300	 211.59 	1 	187.29 	24.30 	0 	-3	 31.26	 199.34 
10400	 211.59 	1 	187.29 	24.30 	1 	-3	 31.26	 199.34 
10500	 102.85 	0 	145.07 	42.22 	1 	42.22	 39.01	 131.80 
10600	 136.31 	1 	140.69 	4.38 	0 	-3	 38.46	 134.96 
10700	 136.31 	1 	140.69 	4.38 	1 	-3	 38.46	 134.96 
10800	 245.05 	1 	192.87 	52.18 	1 	-3	 45.48	 212.02 
10900	 162.38 	1 	177.63 	15.25 	1 	-3	 49.20	 177.27 
11000	 112.90 	1 	145.26 	32.36 	0 	-3	 49.23	 132.21 
11100	 110.32 	1 	127.79 	17.47 	0 	-3	 44.57	 116.89 
11200	 107.21 	1 	117.50 	10.29 	0 	-3	 40.42	 110.11 
11300	 104.45 	1 	110.98 	6.53 	0 	-3	 36.65	 106.15 
11400	 104.45 	1 	110.98 	6.53 	1 	-3	 36.65	 106.15 
11500	 61.56 	0 	86.27 	24.71 	0 	24.71	 37.28	 74.94 
11600	 61.56 	0 	86.27 	24.71 	1 	24.71	 37.28	 74.94 
11700	 184.98 	0 	135.62 	49.36 	1 	49.36	 45.89	 151.97 
11800	 154.91 	1 	145.27 	9.64 	0 	-3	 44.31	 154.03 
11900	 154.91 	1 	145.27 	9.64 	1 	-3	 44.31	 154.03 
12000	 89.41 	1 	117.34 	27.93 	1 	-3	 46.43	 108.80 
12100	 88.97 	1 	103.15 	14.18 	0 	-3	 41.83	 94.92 
12200	 88.97 	1 	103.15 	14.18 	1 	-3	 41.83	 94.92 
12300	 84.61 	1 	93.88 	9.27 	0 	-3	 38.08	 87.70 
12400	 112.01 	1 	102.95 	9.06 	0 	-3	 37.01	 104.72 
12500	 112.01 	1 	102.95 	9.06 	1 	-3	 37.01	 104.72 
12600	 80.33 	1 	91.64 	11.31 	0 	-3	 36.48	 87.65 
12700	 80.33 	1 	91.64 	11.31 	1 	-3	 36.48	 87.65 
12800	 146.99 	1 	119.31 	27.68 	1 	-3	 39.50	 129.19 
12900	 153.39 	1 	136.35 	17.04 	0 	-3	 36.19	 146.13 
13000	 153.39 	1 	136.35 	17.04 	1 	-3	 36.19	 146.13 
13100	 176.89 	1 	156.62 	20.27 	0 	-3	 34.92	 167.66 
13200	 176.89 	1 	156.62 	20.27 	1 	-3	 34.92	 167.66 
13300	 125.63 	1 	141.13 	15.50 	0 	-3	 36.55	 138.24 
13400	 177.69 	1 	159.41 	18.28 	0 	-3	 38.10	 165.85 
13500	 177.69 	1 	159.41 	18.28 	1 	-3	 38.10	 165.85 
13600	 140.04 	1 	149.72 	9.68 	0 	-3	 38.06	 147.78 
13700	 194.06 	1 	171.89 	22.17 	0 	-3	 39.66	 180.18 
13800	 158.20 	1 	165.05 	6.85 	0 	-3	 39.28	 164.79 
13900	 163.80 	1 	164.42 	0.62 	0 	-3	 35.91	 164.10 
14000	 162.11 	1 	163.27 	1.16 	0 	-3	 32.49	 162.71 
14100	 101.42 	1 	132.34 	30.92 	0 	-3	 35.31	 119.81 
14200	 101.42 	1 	132.34 	30.92 	1 	-3	 35.31	 119.81 
14300	 233.21 	1 	182.78 	50.43 	1 	-3	 44.96	 199.19 
14400	 234.91 	1 	208.84 	26.07 	0 	-3	 40.63	 224.19 
14500	 172.88 	1 	190.86 	17.98 	0 	-3	 42.77	 188.27 
14600	 178.22 	1 	184.54 	6.32 	0 	-3	 39.03	 181.24 
14700	 174.93 	1 	179.74 	4.81 	0 	-3	 35.45	 176.82 
14800	 232.77 	1 	206.25 	26.52 	0 	-3	 37.69	 215.99 
14900	 175.46 	1 	190.86 	15.40 	0 	-3	 39.65	 187.62 
15000	 234.73 	1 	212.79 	21.94 	0 	-3	 41.62	 220.60 
15100	 235.62 	1 	224.21 	11.41 	0 	-3	 37.54	 231.11 
