#Time(ms)	 Value 	 Validity 	 avgValue 	 Diff 	 Outliers 	 invalidReason	 SD 
200	 0.00 	1 	0.00 	0.00 	1 	-3	 0.00	 0.00 
300	 451.00 	0 	0.00 	451.00 	1 	0	 0.00	 0.00 
400	 110.77 	0 	55.38 	55.38 	1 	55.38	 34.02	 77.54 
500	 451.00 	0 	55.38 	395.62 	1 	0	 34.02	 77.54 
600	 13.15 	0 	34.27 	21.12 	1 	21.12	 74.41	 32.47 
700	 108.45 	0 	71.36 	37.09 	1 	37.09	 76.50	 85.66 
800	 122.96 	1 	97.16 	25.80 	0 	-3	 70.30	 111.77 
900	 129.37 	1 	113.26 	16.11 	0 	-3	 63.91	 124.09 
1000	 129.37 	1 	113.26 	16.11 	1 	-3	 63.91	 124.09 
1100	 451.00 	0 	113.26 	337.74 	1 	0	 63.91	 124.09 
1200	 45.27 	0 	79.27 	34.00 	1 	34.00	 98.09	 68.92 
1300	 364.74 	0 	222.00 	142.74 	1 	142.74	 120.23	 275.99 
1400	 161.67 	1 	191.84 	30.17 	1 	-3	 128.51	 195.97 
1500	 168.70 	1 	180.27 	11.57 	0 	-3	 116.36	 176.88 
1600	 232.68 	1 	206.47 	26.21 	0 	-3	 111.13	 215.94 
1700	 275.04 	1 	240.76 	34.28 	0 	-3	 104.25	 257.31 
1800	 303.78 	1 	272.27 	31.51 	0 	-3	 96.70	 289.84 
1900	 303.78 	1 	272.27 	31.51 	1 	-3	 96.70	 289.84 
2000	 163.54 	1 	217.90 	54.36 	1 	-3	 101.05	 201.43 
2100	 63.60 	0 	140.75 	77.15 	1 	77.15	 100.94	 104.95 
2200	 217.73 	1 	179.24 	38.49 	1 	-3	 106.26	 183.90 
2300	 209.45 	1 	194.35 	15.10 	0 	-3	 96.46	 201.78 
2400	 209.45 	1 	194.35 	15.10 	1 	-3	 96.46	 201.78 
2500	 30.86 	0 	112.60 	81.74 	1 	81.74	 104.67	 82.14 
2600	 164.25 	1 	138.43 	25.82 	1 	-3	 107.55	 139.62 
2700	 178.40 	1 	158.41 	19.99 	0 	-3	 98.21	 166.76 
2800	 178.40 	1 	158.41 	19.99 	1 	-3	 98.21	 166.76 
2900	 121.62 	1 	140.02 	18.40 	0 	-3	 94.06	 135.16 
3000	 121.62 	1 	140.02 	18.40 	1 	-3	 94.06	 135.16 
3100	 85.23 	1 	112.62 	27.39 	0 	-3	 88.30	 100.21 
3200	 85.23 	1 	112.62 	27.39 	1 	-3	 88.30	 100.21 
3300	 37.98 	0 	75.30 	37.32 	1 	37.32	 84.19	 56.65 
3400	 68.68 	1 	71.99 	3.31 	1 	-3	 78.84	 65.07 
3500	 60.31 	1 	66.15 	5.84 	0 	-3	 71.80	 61.74 
3600	 60.31 	1 	66.15 	5.84 	1 	-3	 71.80	 61.74 
3700	 208.48 	0 	137.32 	71.16 	1 	71.16	 79.43	 164.46 
3800	 96.97 	1 	117.14 	20.17 	1 	-3	 82.64	 117.22 
3900	 85.49 	1 	101.32 	15.83 	0 	-3	 75.52	 95.01 
4000	 61.11 	1 	81.21 	20.10 	0 	-3	 70.41	 71.28 
4100	 61.11 	1 	81.21 	20.10 	1 	-3	 70.41	 71.28 
4200	 78.64 	1 	79.93 	1.29 	0 	-3	 65.12	 76.43 
4300	 78.64 	1 	79.93 	1.29 	1 	-3	 65.12	 76.43 
4400	 163.80 	0 	121.86 	41.94 	1 	41.94	 67.13	 137.59 
4500	 80.60 	1 	101.23 	20.63 	1 	-3	 68.73	 97.70 
4600	 182.05 	1 	141.64 	40.41 	1 	-3	 72.00	 156.74 
4700	 149.21 	1 	145.43 	3.78 	0 	-3	 68.09	 151.47 
4800	 137.29 	1 	141.36 	4.07 	0 	-3	 62.47	 141.54 
4900	 158.11 	1 	149.73 	8.38 	0 	-3	 58.31	 153.14 
5000	 113.79 	1 	131.76 	17.97 	0 	-3	 56.91	 125.60 
5100	 159.98 	1 	145.87 	14.11 	0 	-3	 55.84	 149.66 
5200	 159.98 	1 	145.87 	14.11 	1 	-3	 55.84	 149.66 
5300	 157.93 	1 	151.90 	6.03 	0 	-3	 50.46	 155.45 
5400	 145.03 	1 	148.47 	3.44 	0 	-3	 46.70	 148.16 
5500	 145.03 	1 	148.47 	3.44 	1 	-3	 46.70	 148.16 
5600	 85.49 	0 	116.98 	31.49 	1 	31.49	 47.99	 104.29 
5700	 157.93 	1 	137.45 	20.48 	1 	-3	 50.43	 141.84 
5800	 128.30 	1 	132.88 	4.58 	0 	-3	 48.35	 132.36 
5900	 156.06 	1 	144.47 	11.59 	0 	-3	 46.29	 148.95 
6000	 156.06 	1 	144.47 	11.59 	1 	-3	 46.29	 148.95 
6100	 198.87 	1 	171.67 	27.20 	0 	-3	 45.94	 183.89 
6200	 198.87 	1 	171.67 	27.20 	1 	-3	 45.94	 183.89 
6300	 139.69 	1 	155.68 	15.99 	0 	-3	 47.27	 152.95 
6400	 81.94 	0 	118.81 	36.87 	0 	36.87	 48.32	 103.24 
6500	 60.76 	0 	89.78 	29.02 	0 	29.02	 45.60	 73.51 
6600	 60.76 	0 	89.78 	29.02 	1 	29.02	 45.60	 73.51 
6700	 61.11 	1 	75.45 	14.34 	0 	-3	 41.08	 64.83 
6800	 61.11 	1 	75.45 	14.34 	1 	-3	 41.08	 64.83 
6900	 154.64 	0 	115.04 	39.60 	1 	39.60	 46.32	 127.70 
7000	 88.16 	1 	101.60 	13.44 	1 	-3	 48.34	 100.02 
7100	 155.08 	1 	128.34 	26.74 	1 	-3	 50.20	 138.56 
7200	 194.68 	1 	161.51 	33.17 	0 	-3	 49.14	 177.84 
7300	 150.99 	1 	156.25 	5.26 	0 	-3	 48.59	 159.05 
7400	 159.89 	1 	158.07 	1.82 	0 	-3	 44.62	 159.64 
7500	 161.22 	1 	159.65 	1.57 	0 	-3	 40.29	 160.75 
7600	 159.53 	1 	159.59 	0.06 	0 	-3	 36.43	 159.89 
7700	 158.91 	1 	159.25 	0.34 	0 	-3	 32.85	 159.21 
7800	 150.99 	1 	155.12 	4.13 	0 	-3	 30.36	 153.45 
7900	 133.37 	1 	144.24 	10.87 	0 	-3	 29.08	 139.40 
8000	 170.75 	1 	157.50 	13.25 	0 	-3	 29.91	 161.34 
8100	 147.79 	1 	152.64 	4.85 	0 	-3	 29.22	 151.86 
8200	 147.79 	1 	152.64 	4.85 	1 	-3	 29.22	 151.86 
8300	 151.79 	1 	152.22 	0.43 	0 	-3	 26.70	 151.81 
8400	 155.62 	1 	153.92 	1.70 	0 	-3	 24.41	 154.48 
8500	 142.18 	1 	148.05 	5.87 	0 	-3	 23.31	 145.87 
8600	 142.18 	1 	148.05 	5.87 	1 	-3	 23.31	 145.87 
8700	 128.74 	1 	138.39 	9.65 	0 	-3	 22.33	 133.88 
8800	 156.15 	1 	147.27 	8.88 	0 	-3	 22.83	 149.47 
8900	 115.66 	1 	131.47 	15.81 	0 	-3	 24.60	 125.80 
9000	 154.46 	1 	142.96 	11.50 	0 	-3	 26.02	 145.86 
9100	 141.82 	1 	142.39 	0.57 	0 	-3	 24.68	 143.03 
9200	 141.82 	1 	142.39 	0.57 	1 	-3	 24.68	 143.03 
9300	 125.72 	1 	134.06 	8.34 	0 	-3	 23.82	 130.91 
9400	 123.94 	1 	129.00 	5.06 	0 	-3	 21.62	 126.03 
9500	 123.94 	1 	129.00 	5.06 	1 	-3	 21.62	 126.03 
9600	 51.68 	0 	90.34 	38.66 	1 	38.66	 26.68	 73.99 
9700	 99.82 	1 	95.08 	4.74 	1 	-3	 28.83	 92.07 
9800	 153.39 	1 	124.23 	29.16 	1 	-3	 31.30	 134.99 
9900	 66.54 	0 	95.39 	28.85 	1 	28.85	 36.86	 87.08 
10000	 36.82 	0 	66.10 	29.28 	0 	29.28	 36.14	 51.90 
10100	 36.82 	0 	66.10 	29.28 	1 	29.28	 36.14	 51.90 
10200	 97.06 	1 	81.58 	15.48 	1 	-3	 38.55	 83.51 
10300	 138.53 	1 	110.06 	28.47 	1 	-3	 38.85	 122.02 
10400	 145.03 	1 	127.54 	17.49 	0 	-3	 35.61	 138.13 
10500	 107.39 	1 	117.47 	10.08 	0 	-3	 35.81	 116.61 
10600	 131.95 	1 	124.71 	7.24 	0 	-3	 34.69	 127.35 
10700	 137.29 	1 	131.00 	6.29 	0 	-3	 31.75	 134.31 
10800	 137.29 	1 	131.00 	6.29 	1 	-3	 31.75	 134.31 
10900	 139.15 	1 	135.07 	4.08 	0 	-3	 28.76	 137.70 
11000	 139.15 	1 	135.07 	4.08 	1 	-3	 28.76	 137.70 
11100	 116.02 	1 	125.55 	9.53 	0 	-3	 28.20	 122.52 
11200	 133.46 	1 	129.50 	3.96 	0 	-3	 27.12	 130.18 
11300	 165.32 	1 	147.41 	17.91 	0 	-3	 27.60	 154.78 
11400	 140.49 	1 	143.95 	3.46 	0 	-3	 27.32	 144.78 
11500	 140.49 	1 	143.95 	3.46 	1 	-3	 27.32	 144.78 
11600	 208.39 	1 	176.17 	32.22 	1 	-3	 31.38	 189.31 
11700	 145.38 	1 	160.78 	15.40 	0 	-3	 34.54	 158.56 
11800	 145.38 	1 	160.78 	15.40 	1 	-3	 34.54	 158.56 
11900	 152.06 	1 	156.42 	4.36 	0 	-3	 31.76	 154.01 
12000	 142.54 	1 	149.48 	6.94 	0 	-3	 29.53	 145.98 
12100	 159.80 	1 	154.64 	5.16 	0 	-3	 28.31	 155.65 
12200	 127.50 	1 	141.07 	13.57 	0 	-3	 28.70	 135.95 
12300	 76.86 	0 	108.96 	32.10 	0 	32.10	 30.90	 94.59 
12400	 76.77 	1 	92.87 	16.10 	0 	-3	 27.82	 82.11 
12500	 76.77 	1 	92.87 	16.10 	1 	-3	 27.82	 82.11 
12600	 64.94 	1 	78.90 	13.96 	0 	-3	 26.22	 70.09 
12700	 64.94 	1 	78.90 	13.96 	1 	-3	 26.22	 70.09 
12800	 146.10 	1 	112.50 	33.60 	1 	-3	 31.71	 123.30 
12900	 47.59 	0 	80.05 	32.46 	1 	32.46	 38.39	 70.30 
13000	 46.96 	0 	63.50 	16.54 	0 	16.54	 34.62	 53.96 
13100	 46.96 	0 	63.50 	16.54 	1 	16.54	 34.62	 53.96 
13200	 24.18 	0 	43.84 	19.66 	0 	19.66	 33.43	 33.11 
13300	 24.18 	0 	43.84 	19.66 	1 	19.66	 33.43	 33.11 
13400	 115.75 	0 	79.80 	35.95 	1 	35.95	 39.25	 90.96 
13500	 108.28 	1 	94.04 	14.24 	0 	-3	 36.07	 103.08 
13600	 108.28 	1 	94.04 	14.24 	1 	-3	 36.07	 103.08 
13700	 98.67 	1 	96.35 	2.32 	0 	-3	 33.42	 99.99 
13800	 114.15 	1 	105.25 	8.90 	0 	-3	 31.63	 109.90 
13900	 112.55 	1 	108.90 	3.65 	0 	-3	 28.63	 111.76 
14000	 106.05 	1 	107.48 	1.43 	0 	-3	 26.41	 107.76 
14100	 106.05 	1 	107.48 	1.43 	1 	-3	 26.41	 107.76 
14200	 101.07 	1 	104.27 	3.20 	0 	-3	 24.27	 103.08 
14300	 101.78 	1 	103.03 	1.25 	0 	-3	 21.91	 102.17 
14400	 101.78 	1 	102.40 	0.62 	0 	-3	 19.72	 101.90 
14500	 101.78 	1 	102.40 	0.62 	1 	-3	 19.72	 101.90 
14600	 101.87 	1 	102.14 	0.27 	0 	-3	 17.76	 101.88 
14700	 101.87 	1 	102.14 	0.27 	1 	-3	 17.76	 101.88 
14800	 101.25 	1 	101.69 	0.44 	0 	-3	 16.05	 101.44 
14900	 101.25 	1 	101.69 	0.44 	1 	-3	 16.05	 101.44 
15000	 41.71 	0 	71.70 	29.99 	1 	29.99	 20.39	 59.63 
15100	 101.25 	1 	86.48 	14.77 	1 	-3	 24.31	 88.76 
