#Time(ms)	 Value 	 Validity 	 avgValue 	 Diff 	 Outliers 	 invalidReason 
200	 -1.00 	0 	0.00 	1.00 	0 	0 
300	 -1.00 	0 	0.00 	1.00 	1 	0 
400	 -1.00 	0 	0.00 	1.00 	2 	0 
500	 -1.00 	0 	0.00 	1.00 	3 	0 
600	 -1.00 	0 	0.00 	1.00 	4 	0 
700	 -1.00 	0 	0.00 	1.00 	5 	0 
800	 165.05 	0 	49.52 	115.54 	5 	115.54 
900	 165.14 	0 	84.20 	80.94 	0 	80.94 
1000	 165.05 	0 	108.46 	56.59 	0 	56.59 
1100	 164.52 	0 	125.28 	39.24 	0 	39.24 
1200	 165.05 	0 	137.21 	27.84 	0 	27.84 
1300	 165.05 	0 	145.56 	19.49 	0 	19.49 
1400	 166.65 	0 	151.89 	14.76 	0 	14.76 
1500	 165.67 	0 	156.02 	9.65 	0 	9.65 
1600	 166.12 	0 	159.05 	7.07 	0 	7.07 
1700	 166.74 	0 	161.36 	5.38 	0 	5.38 
1800	 166.12 	0 	162.79 	3.33 	0 	3.33 
1900	 166.21 	1 	163.81 	2.40 	0 	-3 
2000	 165.14 	1 	164.21 	0.93 	0 	-3 
2100	 165.67 	1 	164.65 	1.02 	0 	-3 
2200	 169.41 	0 	166.08 	3.33 	0 	3.33 
2300	 167.27 	1 	166.44 	0.83 	0 	-3 
2400	 167.27 	1 	166.44 	0.83 	1 	-3 
2500	 165.67 	1 	166.21 	0.54 	0 	-3 
2600	 165.67 	1 	166.04 	0.37 	0 	-3 
2700	 166.03 	1 	166.04 	0.01 	0 	-3 
2800	 165.67 	1 	165.93 	0.26 	0 	-3 
2900	 164.52 	1 	165.51 	0.99 	0 	-3 
3000	 166.21 	1 	165.72 	0.49 	0 	-3 
3100	 164.34 	1 	165.30 	0.96 	0 	-3 
3200	 165.67 	1 	165.41 	0.26 	0 	-3 
3300	 166.12 	1 	165.63 	0.49 	0 	-3 
3400	 168.88 	1 	166.60 	2.28 	0 	-3 
3500	 167.81 	1 	166.96 	0.85 	0 	-3 
3600	 167.81 	1 	167.22 	0.59 	0 	-3 
3700	 164.52 	1 	166.41 	1.89 	0 	-3 
3800	 165.05 	1 	166.00 	0.95 	0 	-3 
3900	 165.05 	1 	166.00 	0.95 	1 	-3 
4000	 166.12 	1 	166.04 	0.08 	0 	-3 
4100	 164.69 	1 	165.63 	0.94 	0 	-3 
4200	 166.12 	1 	165.78 	0.34 	0 	-3 
4300	 166.65 	1 	166.04 	0.61 	0 	-3 
4400	 165.05 	1 	165.74 	0.69 	0 	-3 
4500	 165.58 	1 	165.69 	0.11 	0 	-3 
4600	 165.67 	1 	165.69 	0.02 	0 	-3 
4700	 164.87 	1 	165.44 	0.57 	0 	-3 
4800	 166.21 	1 	165.67 	0.54 	0 	-3 
4900	 166.74 	1 	165.99 	0.75 	0 	-3 
5000	 164.52 	1 	165.55 	1.03 	0 	-3 
5100	 168.97 	1 	166.58 	2.39 	0 	-3 
5200	 171.10 	0 	167.93 	3.17 	0 	3.17 
5300	 164.52 	1 	166.91 	2.39 	0 	-3 
5400	 166.21 	1 	166.70 	0.49 	0 	-3 
5500	 165.67 	1 	166.39 	0.72 	0 	-3 
5600	 166.74 	1 	166.50 	0.24 	0 	-3 
5700	 167.27 	1 	166.73 	0.54 	0 	-3 
5800	 166.12 	1 	166.55 	0.43 	0 	-3 
5900	 166.21 	1 	166.44 	0.23 	0 	-3 
6000	 166.12 	1 	166.35 	0.23 	0 	-3 
6100	 166.21 	1 	166.31 	0.10 	0 	-3 
6200	 167.19 	1 	166.57 	0.62 	0 	-3 
6300	 167.90 	1 	166.97 	0.93 	0 	-3 
6400	 165.58 	1 	166.55 	0.97 	0 	-3 
6500	 164.43 	1 	165.92 	1.49 	0 	-3 
6600	 168.88 	1 	166.81 	2.07 	0 	-3 
6700	 165.58 	1 	166.44 	0.86 	0 	-3 
6800	 166.65 	1 	166.50 	0.15 	0 	-3 
6900	 165.67 	1 	166.25 	0.58 	0 	-3 
7000	 168.34 	1 	166.88 	1.46 	0 	-3 
7100	 164.52 	1 	166.17 	1.65 	0 	-3 
7200	 167.27 	1 	166.50 	0.77 	0 	-3 
7300	 166.12 	1 	166.39 	0.27 	0 	-3 
7400	 168.34 	1 	166.97 	1.37 	0 	-3 
7500	 164.52 	1 	166.24 	1.72 	0 	-3 
7600	 165.58 	1 	166.04 	0.46 	0 	-3 
7700	 165.58 	1 	165.90 	0.32 	0 	-3 
7800	 165.05 	1 	165.65 	0.60 	0 	-3 
7900	 168.88 	1 	166.62 	2.26 	0 	-3 
8000	 167.72 	1 	166.95 	0.77 	0 	-3 
8100	 175.55 	0 	169.53 	6.02 	0 	6.02 
8200	 166.65 	1 	168.66 	2.01 	0 	-3 
8300	 165.58 	1 	167.74 	2.16 	0 	-3 
8400	 165.67 	1 	167.12 	1.45 	0 	-3 
8500	 166.21 	1 	166.85 	0.64 	0 	-3 
8600	 165.58 	1 	166.47 	0.89 	0 	-3 
8700	 166.21 	1 	166.39 	0.18 	0 	-3 
8800	 167.27 	1 	166.65 	0.62 	0 	-3 
8900	 165.58 	1 	166.33 	0.75 	0 	-3 
9000	 166.12 	1 	166.27 	0.15 	0 	-3 
9100	 165.05 	1 	165.90 	0.85 	0 	-3 
9200	 166.74 	1 	166.15 	0.59 	0 	-3 
9300	 165.58 	1 	165.98 	0.40 	0 	-3 
9400	 166.12 	1 	166.02 	0.10 	0 	-3 
9500	 164.52 	1 	165.57 	1.05 	0 	-3 
9600	 166.74 	1 	165.92 	0.82 	0 	-3 
9700	 166.65 	1 	166.14 	0.51 	0 	-3 
9800	 166.74 	1 	166.32 	0.42 	0 	-3 
9900	 167.19 	1 	166.58 	0.61 	0 	-3 
10000	 165.58 	1 	166.28 	0.70 	0 	-3 
10100	 165.05 	1 	165.91 	0.86 	0 	-3 
