#Time(ms)	 Value 	 Validity 	 avgValue 	 Diff 	 Outliers 	 invalidReason 
200	 -1.00 	0 	0.00 	1.00 	0 	0 
300	 -1.00 	0 	0.00 	1.00 	1 	0 
400	 -1.00 	0 	0.00 	1.00 	2 	0 
500	 -1.00 	0 	0.00 	1.00 	3 	0 
600	 -1.00 	0 	0.00 	1.00 	4 	0 
700	 -1.00 	0 	0.00 	1.00 	5 	0 
800	 169.23 	0 	50.77 	118.46 	5 	118.46 
900	 168.70 	0 	86.15 	82.55 	0 	82.55 
1000	 169.32 	0 	111.10 	58.22 	0 	58.22 
1100	 169.86 	0 	128.73 	41.13 	0 	41.13 
1200	 175.91 	0 	142.88 	33.03 	0 	33.03 
1300	 169.86 	0 	150.98 	18.88 	0 	18.88 
1400	 169.77 	0 	156.61 	13.16 	0 	13.16 
1500	 167.90 	0 	160.00 	7.90 	0 	7.90 
1600	 169.05 	0 	162.71 	6.34 	0 	6.34 
1700	 170.92 	0 	165.18 	5.74 	0 	5.74 
1800	 172.08 	0 	167.25 	4.83 	0 	4.83 
1900	 171.99 	0 	168.67 	3.32 	0 	3.32 
2000	 169.86 	1 	169.03 	0.83 	0 	-3 
2100	 171.46 	1 	169.76 	1.70 	0 	-3 
2200	 168.88 	1 	169.49 	0.61 	0 	-3 
2300	 168.43 	1 	169.17 	0.74 	0 	-3 
2400	 168.43 	1 	169.17 	0.74 	1 	-3 
2500	 170.39 	1 	169.54 	0.85 	0 	-3 
2600	 169.23 	1 	169.45 	0.22 	0 	-3 
2700	 168.08 	1 	169.04 	0.96 	0 	-3 
2800	 169.32 	1 	169.12 	0.20 	0 	-3 
2900	 169.86 	1 	169.34 	0.52 	0 	-3 
3000	 172.08 	1 	170.16 	1.92 	0 	-3 
3100	 170.83 	1 	170.36 	0.47 	0 	-3 
3200	 170.12 	1 	170.29 	0.17 	0 	-3 
3300	 168.70 	1 	169.81 	1.11 	0 	-3 
3400	 171.55 	1 	170.33 	1.22 	0 	-3 
3500	 168.70 	1 	169.84 	1.14 	0 	-3 
3600	 170.39 	1 	170.01 	0.38 	0 	-3 
3700	 172.53 	1 	170.76 	1.77 	0 	-3 
3800	 168.61 	1 	170.12 	1.51 	0 	-3 
3900	 168.61 	1 	170.12 	1.51 	1 	-3 
4000	 171.37 	1 	170.49 	0.88 	0 	-3 
4100	 171.01 	1 	170.65 	0.36 	0 	-3 
4200	 170.92 	1 	170.73 	0.19 	0 	-3 
4300	 169.59 	1 	170.39 	0.80 	0 	-3 
4400	 168.70 	1 	169.88 	1.18 	0 	-3 
4500	 168.08 	1 	169.34 	1.26 	0 	-3 
4600	 171.81 	1 	170.08 	1.73 	0 	-3 
4700	 170.83 	1 	170.31 	0.52 	0 	-3 
4800	 170.30 	1 	170.30 	0.00 	0 	-3 
4900	 169.77 	1 	170.14 	0.37 	0 	-3 
5000	 168.79 	1 	169.74 	0.95 	0 	-3 
5100	 171.81 	1 	170.36 	1.45 	0 	-3 
5200	 172.53 	1 	171.01 	1.52 	0 	-3 
5300	 168.61 	1 	170.29 	1.68 	0 	-3 
5400	 169.23 	1 	169.97 	0.74 	0 	-3 
5500	 169.59 	1 	169.86 	0.27 	0 	-3 
5600	 168.97 	1 	169.59 	0.62 	0 	-3 
5700	 170.75 	1 	169.94 	0.81 	0 	-3 
5800	 168.43 	1 	169.49 	1.06 	0 	-3 
5900	 170.21 	1 	169.70 	0.51 	0 	-3 
6000	 169.68 	1 	169.70 	0.02 	0 	-3 
6100	 170.30 	1 	169.88 	0.42 	0 	-3 
6200	 171.99 	1 	170.51 	1.48 	0 	-3 
6300	 168.16 	1 	169.81 	1.65 	0 	-3 
6400	 167.63 	1 	169.15 	1.52 	0 	-3 
6500	 168.16 	1 	168.86 	0.70 	0 	-3 
6600	 170.92 	1 	169.47 	1.45 	0 	-3 
6700	 170.92 	1 	169.47 	1.45 	1 	-3 
6800	 172.35 	1 	170.34 	2.01 	0 	-3 
6900	 169.77 	1 	170.17 	0.40 	0 	-3 
7000	 170.66 	1 	170.31 	0.35 	0 	-3 
7100	 176.17 	0 	172.07 	4.10 	0 	4.10 
7200	 168.70 	1 	171.06 	2.36 	0 	-3 
7300	 171.55 	1 	171.21 	0.34 	0 	-3 
7400	 169.77 	1 	170.78 	1.01 	0 	-3 
7500	 168.97 	1 	170.23 	1.26 	0 	-3 
7600	 168.70 	1 	169.77 	1.07 	0 	-3 
7700	 168.70 	1 	169.45 	0.75 	0 	-3 
7800	 167.54 	1 	168.88 	1.34 	0 	-3 
7900	 181.42 	0 	172.64 	8.78 	0 	8.78 
8000	 173.68 	1 	172.95 	0.73 	0 	-3 
8100	 175.02 	1 	173.57 	1.45 	0 	-3 
8200	 175.02 	1 	173.57 	1.45 	1 	-3 
8300	 169.50 	1 	172.35 	2.85 	0 	-3 
8400	 174.22 	1 	172.91 	1.31 	0 	-3 
8500	 169.94 	1 	172.02 	2.08 	0 	-3 
8600	 172.79 	1 	172.25 	0.54 	0 	-3 
8700	 169.86 	1 	171.53 	1.67 	0 	-3 
8800	 171.28 	1 	171.46 	0.18 	0 	-3 
8900	 172.61 	1 	171.80 	0.81 	0 	-3 
9000	 173.06 	1 	172.18 	0.88 	0 	-3 
9100	 169.23 	1 	171.30 	2.07 	0 	-3 
9200	 173.41 	1 	171.93 	1.48 	0 	-3 
9300	 168.97 	1 	171.04 	2.07 	0 	-3 
9400	 170.12 	1 	170.77 	0.65 	0 	-3 
9500	 174.22 	1 	171.80 	2.42 	0 	-3 
9600	 169.05 	1 	170.98 	1.93 	0 	-3 
9700	 170.12 	1 	170.72 	0.60 	0 	-3 
9800	 170.21 	1 	170.57 	0.36 	0 	-3 
9900	 168.61 	1 	169.98 	1.37 	0 	-3 
10000	 173.77 	1 	171.12 	2.65 	0 	-3 
10100	 170.30 	1 	170.87 	0.57 	0 	-3 
