#Time(ms)	 Value 	 Validity 	 avgValue 	 Diff 	 Outliers 	 invalidReason 
200	 -1.00 	0 	0.00 	1.00 	0 	0 
300	 -1.00 	0 	0.00 	1.00 	1 	0 
400	 -1.00 	0 	0.00 	1.00 	2 	0 
500	 -1.00 	0 	0.00 	1.00 	3 	0 
600	 -1.00 	0 	0.00 	1.00 	4 	0 
700	 -1.00 	0 	0.00 	1.00 	5 	0 
800	 142.80 	0 	42.84 	99.96 	5 	99.96 
900	 142.80 	0 	72.83 	69.97 	0 	69.97 
1000	 143.34 	0 	93.98 	49.36 	0 	49.36 
1100	 144.05 	0 	109.00 	35.05 	0 	35.05 
1200	 142.80 	0 	119.14 	23.66 	0 	23.66 
1300	 143.87 	0 	126.56 	17.31 	0 	17.31 
1400	 143.25 	0 	131.57 	11.68 	0 	11.68 
1500	 144.32 	0 	135.39 	8.93 	0 	8.93 
1600	 142.80 	0 	137.62 	5.18 	0 	5.18 
1700	 142.71 	0 	139.14 	3.57 	0 	3.57 
1800	 143.78 	0 	140.53 	3.25 	0 	3.25 
1900	 142.80 	1 	141.21 	1.59 	0 	-3 
2000	 142.27 	1 	141.53 	0.74 	0 	-3 
2100	 143.34 	1 	142.07 	1.27 	0 	-3 
2200	 142.71 	1 	142.26 	0.45 	0 	-3 
2300	 143.16 	1 	142.53 	0.63 	0 	-3 
2400	 143.34 	1 	142.78 	0.56 	0 	-3 
2500	 142.80 	1 	142.78 	0.02 	0 	-3 
2600	 143.34 	1 	142.95 	0.39 	0 	-3 
2700	 143.25 	1 	143.04 	0.21 	0 	-3 
2800	 144.05 	1 	143.34 	0.71 	0 	-3 
2900	 142.98 	1 	143.23 	0.25 	0 	-3 
3000	 142.98 	1 	143.16 	0.18 	0 	-3 
3100	 142.71 	1 	143.02 	0.31 	0 	-3 
3200	 143.87 	1 	143.28 	0.59 	0 	-3 
3300	 143.34 	1 	143.30 	0.04 	0 	-3 
3400	 143.34 	1 	143.31 	0.03 	0 	-3 
3500	 143.25 	1 	143.29 	0.04 	0 	-3 
3600	 144.05 	1 	143.52 	0.53 	0 	-3 
3700	 142.71 	1 	143.28 	0.57 	0 	-3 
3800	 143.43 	1 	143.32 	0.11 	0 	-3 
3900	 144.32 	1 	143.62 	0.70 	0 	-3 
4000	 142.09 	1 	143.16 	1.07 	0 	-3 
4100	 159.35 	0 	148.02 	11.33 	0 	11.33 
4200	 143.87 	1 	146.77 	2.90 	0 	-3 
4300	 144.85 	1 	146.20 	1.35 	0 	-3 
4400	 142.18 	1 	144.99 	2.81 	0 	-3 
4500	 143.34 	1 	144.50 	1.16 	0 	-3 
4600	 141.91 	1 	143.72 	1.81 	0 	-3 
4700	 143.87 	1 	143.77 	0.10 	0 	-3 
4800	 142.27 	1 	143.32 	1.05 	0 	-3 
4900	 143.78 	1 	143.46 	0.32 	0 	-3 
5000	 142.89 	1 	143.29 	0.40 	0 	-3 
5100	 141.91 	1 	142.87 	0.96 	0 	-3 
5200	 143.87 	1 	143.17 	0.70 	0 	-3 
5300	 159.27 	0 	148.00 	11.27 	0 	11.27 
5400	 143.96 	1 	146.79 	2.83 	0 	-3 
5500	 143.87 	1 	145.91 	2.04 	0 	-3 
5600	 143.87 	1 	145.30 	1.43 	0 	-3 
5700	 143.87 	1 	144.87 	1.00 	0 	-3 
5800	 143.52 	1 	144.47 	0.95 	0 	-3 
5900	 142.98 	1 	144.02 	1.04 	0 	-3 
6000	 142.18 	1 	143.47 	1.29 	0 	-3 
6100	 142.27 	1 	143.11 	0.84 	0 	-3 
6200	 142.09 	1 	142.80 	0.71 	0 	-3 
6300	 143.87 	1 	143.12 	0.75 	0 	-3 
6400	 143.78 	1 	143.32 	0.46 	0 	-3 
6500	 143.25 	1 	143.30 	0.05 	0 	-3 
6600	 142.80 	1 	143.15 	0.35 	0 	-3 
6700	 143.25 	1 	143.18 	0.07 	0 	-3 
6800	 144.85 	1 	143.68 	1.17 	0 	-3 
6900	 143.87 	1 	143.74 	0.13 	0 	-3 
7000	 143.78 	1 	143.75 	0.03 	0 	-3 
7100	 143.25 	1 	143.60 	0.35 	0 	-3 
7200	 142.18 	1 	143.17 	0.99 	0 	-3 
7300	 142.89 	1 	143.09 	0.20 	0 	-3 
7400	 142.18 	1 	142.82 	0.64 	0 	-3 
7500	 143.87 	1 	143.13 	0.74 	0 	-3 
7600	 143.87 	1 	143.35 	0.52 	0 	-3 
7700	 143.87 	1 	143.51 	0.36 	0 	-3 
7800	 142.71 	1 	143.27 	0.56 	0 	-3 
7900	 143.78 	1 	143.42 	0.36 	0 	-3 
8000	 142.18 	1 	143.05 	0.87 	0 	-3 
8100	 142.80 	1 	142.97 	0.17 	0 	-3 
8200	 142.63 	1 	142.87 	0.24 	0 	-3 
8300	 143.25 	1 	142.98 	0.27 	0 	-3 
8400	 142.27 	1 	142.77 	0.50 	0 	-3 
8500	 143.25 	1 	142.91 	0.34 	0 	-3 
8600	 142.18 	1 	142.69 	0.51 	0 	-3 
8700	 142.18 	1 	142.54 	0.36 	0 	-3 
8800	 143.78 	1 	142.91 	0.87 	0 	-3 
8900	 143.78 	1 	143.17 	0.61 	0 	-3 
9000	 142.89 	1 	143.09 	0.20 	0 	-3 
9100	 142.63 	1 	142.95 	0.32 	0 	-3 
9200	 143.34 	1 	143.07 	0.27 	0 	-3 
9300	 143.96 	1 	143.34 	0.62 	0 	-3 
9400	 142.71 	1 	143.15 	0.44 	0 	-3 
9500	 143.87 	1 	143.36 	0.51 	0 	-3 
9600	 144.94 	1 	143.84 	1.10 	0 	-3 
9700	 144.94 	1 	144.17 	0.77 	0 	-3 
9800	 142.98 	1 	143.81 	0.83 	0 	-3 
9900	 142.71 	1 	143.48 	0.77 	0 	-3 
10000	 144.67 	1 	143.84 	0.83 	0 	-3 
10100	 142.71 	1 	143.50 	0.79 	0 	-3 
