#Time(ms)	 Roll 	 Pitch 	 Yaw 	 xPos 	 yPos 	 zPos 	 xVal 	 yVal 	 zVal 	 State 	 oRoll 	 oPitch 	 oYaw 	 oThrottle 	 spX 	 spY 	 spZ 
200	 -1.89	 5.07	 -1.79	 0.00	 0.00	 0.00	 0	 0	 0	 hover	 1500	 1500	 1500	 1000	 0.00	 0.00	 0.00
300	 -1.91	 5.06	 -1.79	 0.00	 0.00	 0.00	 0	 0	 0	 hover	 1500	 1500	 1500	 1000	 0.00	 0.00	 0.00
400	 -1.91	 5.06	 -1.79	 0.00	 0.00	 0.00	 0	 0	 0	 hover	 1500	 1500	 1500	 1000	 0.00	 0.00	 0.00
500	 -2.54	 4.41	 -1.52	 0.00	 0.00	 0.00	 0	 0	 0	 hover	 1500	 1500	 1500	 1000	 0.00	 0.00	 0.00
600	 -2.56	 4.36	 -1.48	 0.00	 0.00	 0.00	 0	 0	 0	 hover	 1500	 1500	 1500	 1000	 0.00	 0.00	 0.00
700	 -2.56	 4.36	 -1.48	 0.00	 0.00	 0.00	 0	 0	 0	 hover	 1500	 1500	 1500	 1000	 0.00	 0.00	 0.00
800	 -2.89	 2.90	 -0.33	 0.00	 0.00	 0.00	 0	 0	 0	 hover	 1500	 1500	 1500	 1000	 0.00	 0.00	 0.00
900	 -2.89	 2.85	 -0.29	 0.00	 0.00	 0.00	 0	 0	 0	 hover	 1500	 1500	 1500	 1000	 0.00	 0.00	 0.00
1000	 -2.89	 2.85	 -0.29	 0.00	 0.00	 0.00	 0	 0	 0	 hover	 1500	 1500	 1500	 1000	 0.00	 0.00	 0.00
1100	 -3.25	 0.72	 1.05	 0.00	 0.00	 0.00	 0	 0	 0	 hover	 1500	 1500	 1500	 1000	 0.00	 0.00	 0.00
1200	 -3.30	 0.65	 1.12	 0.00	 0.00	 0.00	 0	 0	 0	 hover	 1500	 1500	 1500	 1000	 0.00	 0.00	 0.00
1300	 -3.30	 0.65	 1.12	 0.00	 0.00	 0.00	 0	 0	 0	 hover	 1500	 1500	 1500	 1000	 0.00	 0.00	 0.00
1400	 -3.88	 -1.34	 3.46	 0.00	 0.00	 0.00	 0	 0	 0	 hover	 1500	 1500	 1500	 1000	 0.00	 0.00	 0.00
1500	 -3.89	 -1.42	 3.54	 0.00	 0.00	 0.00	 0	 0	 0	 hover	 1500	 1500	 1500	 1000	 0.00	 0.00	 0.00
1600	 -3.89	 -1.42	 3.54	 0.00	 0.00	 0.00	 0	 0	 0	 hover	 1500	 1500	 1500	 1000	 0.00	 0.00	 0.00
1700	 -5.63	 -3.41	 6.30	 0.00	 0.00	 0.00	 0	 0	 0	 hover	 1500	 1500	 1500	 1000	 0.00	 0.00	 0.00
1800	 -5.76	 -3.44	 6.40	 0.00	 0.00	 0.00	 0	 0	 0	 hover	 1500	 1500	 1500	 1000	 0.00	 0.00	 0.00
1900	 -5.76	 -3.44	 6.40	 0.00	 0.00	 0.00	 0	 0	 0	 hover	 1500	 1500	 1500	 1000	 0.00	 0.00	 0.00
2000	 -10.09	 -2.76	 9.86	 0.00	 0.00	 0.00	 0	 0	 0	 hover	 1500	 1500	 1500	 1000	 0.00	 0.00	 0.00
2100	 -10.23	 -2.77	 9.96	 0.00	 0.00	 0.00	 0	 0	 0	 hover	 1500	 1500	 1500	 1000	 0.00	 0.00	 0.00
2200	 -10.23	 -2.77	 9.96	 0.00	 0.00	 0.00	 0	 0	 0	 hover	 1500	 1500	 1500	 1000	 0.00	 0.00	 0.00
2300	 -10.94	 -1.28	 11.88	 0.00	 0.00	 0.00	 0	 0	 0	 hover	 1500	 1500	 1500	 1000	 0.00	 0.00	 0.00
2400	 -10.90	 -1.12	 11.91	 0.00	 0.00	 0.00	 0	 0	 0	 hover	 1500	 1500	 1500	 1000	 0.00	 0.00	 0.00
2500	 -10.90	 -1.12	 11.91	 0.00	 0.00	 0.00	 0	 0	 0	 hover	 1500	 1500	 1500	 1000	 0.00	 0.00	 0.00
2600	 -8.90	 0.80	 12.06	 0.00	 0.00	 0.00	 0	 0	 0	 hover	 1500	 1500	 1500	 1000	 0.00	 0.00	 0.00
2700	 -8.80	 0.75	 12.07	 0.00	 0.00	 0.00	 0	 0	 0	 hover	 1500	 1500	 1500	 1000	 0.00	 0.00	 0.00
2800	 -8.80	 0.75	 12.07	 0.00	 0.00	 0.00	 0	 0	 0	 hover	 1500	 1500	 1500	 1000	 0.00	 0.00	 0.00
2900	 -6.94	 -0.99	 13.37	 0.00	 0.00	 0.00	 0	 0	 0	 hover	 1500	 1500	 1500	 1000	 0.00	 0.00	 0.00
3000	 -6.94	 -1.04	 13.44	 0.00	 0.00	 0.00	 0	 0	 0	 hover	 1500	 1500	 1500	 1000	 0.00	 0.00	 0.00
3100	 -6.94	 -1.04	 13.44	 0.00	 0.00	 0.00	 0	 0	 0	 hover	 1500	 1500	 1500	 1000	 0.00	 0.00	 0.00
3200	 -6.87	 -2.56	 15.43	 0.00	 0.00	 0.00	 0	 0	 0	 hover	 1500	 1500	 1500	 1000	 0.00	 0.00	 0.00
3300	 -6.85	 -2.63	 15.50	 0.00	 0.00	 0.00	 0	 0	 0	 hover	 1500	 1500	 1500	 1000	 0.00	 0.00	 0.00
3400	 -6.85	 -2.63	 15.50	 0.00	 0.00	 0.00	 0	 0	 0	 hover	 1500	 1500	 1500	 1000	 0.00	 0.00	 0.00
3500	 -6.89	 -4.15	 17.47	 0.00	 0.00	 0.00	 0	 0	 0	 hover	 1500	 1500	 1500	 1000	 0.00	 0.00	 0.00
3600	 -6.88	 -4.27	 17.53	 0.00	 0.00	 0.00	 0	 0	 0	 hover	 1500	 1500	 1500	 1000	 0.00	 0.00	 0.00
3700	 -6.88	 -4.27	 17.53	 0.00	 0.00	 0.00	 0	 0	 0	 hover	 1500	 1500	 1500	 1000	 0.00	 0.00	 0.00
3800	 -8.19	 -5.72	 19.43	 0.00	 0.00	 0.00	 0	 0	 0	 hover	 1500	 1500	 1500	 1000	 0.00	 0.00	 0.00
3900	 -8.22	 -5.62	 19.48	 0.00	 0.00	 0.00	 0	 0	 0	 hover	 1500	 1500	 1500	 1000	 0.00	 0.00	 0.00
4000	 -8.22	 -5.62	 19.48	 0.00	 0.00	 0.00	 0	 0	 0	 hover	 1500	 1500	 1500	 1000	 0.00	 0.00	 0.00
4100	 -7.58	 -2.09	 20.86	 0.00	 0.00	 0.00	 0	 0	 0	 hover	 1500	 1500	 1500	 1000	 0.00	 0.00	 0.00
4200	 -7.56	 -2.02	 20.90	 0.00	 0.00	 0.00	 0	 0	 0	 hover	 1500	 1500	 1500	 1000	 0.00	 0.00	 0.00
4300	 -7.56	 -2.02	 20.90	 0.00	 0.00	 0.00	 0	 0	 0	 hover	 1500	 1500	 1500	 1000	 0.00	 0.00	 0.00
4400	 -6.63	 0.21	 22.27	 0.00	 0.00	 0.00	 0	 0	 0	 hover	 1500	 1500	 1500	 1000	 0.00	 0.00	 0.00
4500	 -6.60	 0.30	 22.30	 0.00	 0.00	 0.00	 0	 0	 0	 hover	 1500	 1500	 1500	 1000	 0.00	 0.00	 0.00
4600	 -6.60	 0.30	 22.30	 0.00	 0.00	 0.00	 0	 0	 0	 hover	 1500	 1500	 1500	 1000	 0.00	 0.00	 0.00
4700	 -5.31	 3.28	 23.21	 0.00	 0.00	 0.00	 0	 0	 0	 hover	 1500	 1500	 1500	 1000	 0.00	 0.00	 0.00
4800	 -5.21	 3.30	 23.21	 0.00	 0.00	 0.00	 0	 0	 0	 hover	 1500	 1500	 1500	 1000	 0.00	 0.00	 0.00
4900	 -5.21	 3.30	 23.21	 0.00	 0.00	 0.00	 0	 0	 0	 hover	 1500	 1500	 1500	 1000	 0.00	 0.00	 0.00
5000	 -2.04	 1.20	 23.89	 0.00	 0.00	 0.00	 0	 0	 0	 hover	 1500	 1500	 1500	 1000	 0.00	 0.00	 0.00
5100	 -1.94	 1.09	 23.94	 0.00	 0.00	 0.00	 0	 0	 0	 hover	 1500	 1500	 1500	 1000	 0.00	 0.00	 0.00
5200	 -1.94	 1.09	 23.94	 0.00	 0.00	 0.00	 0	 0	 0	 hover	 1500	 1500	 1500	 1000	 0.00	 0.00	 0.00
5300	 -0.65	 -1.25	 25.89	 0.00	 0.00	 0.00	 0	 0	 0	 hover	 1500	 1500	 1500	 1000	 0.00	 0.00	 0.00
5400	 -0.69	 -1.29	 25.97	 0.00	 0.00	 0.00	 0	 0	 0	 hover	 1500	 1500	 1500	 1000	 0.00	 0.00	 0.00
5500	 -0.69	 -1.29	 25.97	 0.00	 0.00	 0.00	 0	 0	 0	 hover	 1500	 1500	 1500	 1000	 0.00	 0.00	 0.00
5600	 -3.03	 -2.25	 28.49	 0.00	 0.00	 0.00	 0	 0	 0	 hover	 1500	 1500	 1500	 1000	 0.00	 0.00	 0.00
5700	 -3.15	 -2.31	 28.58	 0.00	 0.00	 0.00	 0	 0	 0	 hover	 1500	 1500	 1500	 1000	 0.00	 0.00	 0.00
5800	 -3.15	 -2.31	 28.58	 0.00	 0.00	 0.00	 0	 0	 0	 hover	 1500	 1500	 1500	 1000	 0.00	 0.00	 0.00
5900	 -9.37	 -5.02	 30.83	 0.00	 0.00	 0.00	 0	 0	 0	 hover	 1500	 1500	 1500	 1000	 0.00	 0.00	 0.00
6000	 -9.62	 -5.12	 30.88	 0.00	 0.00	 0.00	 0	 0	 0	 hover	 1500	 1500	 1500	 1000	 0.00	 0.00	 0.00
6100	 -9.62	 -5.12	 30.88	 0.00	 0.00	 0.00	 0	 0	 0	 hover	 1500	 1500	 1500	 1000	 0.00	 0.00	 0.00
6200	 -12.13	 -6.27	 32.48	 0.00	 0.00	 0.00	 0	 0	 0	 hover	 1500	 1500	 1500	 1000	 0.00	 0.00	 0.00
6300	 -12.02	 -6.17	 32.53	 0.00	 0.00	 0.00	 0	 0	 0	 hover	 1500	 1500	 1500	 1000	 0.00	 0.00	 0.00
6400	 -12.02	 -6.17	 32.53	 0.00	 0.00	 0.00	 0	 0	 0	 hover	 1500	 1500	 1500	 1000	 0.00	 0.00	 0.00
6500	 -8.27	 -5.21	 33.73	 0.00	 0.00	 0.00	 0	 0	 0	 hover	 1500	 1500	 1500	 1000	 0.00	 0.00	 0.00
6600	 -8.22	 -5.22	 33.79	 0.00	 0.00	 0.00	 0	 0	 0	 hover	 1500	 1500	 1500	 1000	 0.00	 0.00	 0.00
6700	 -8.22	 -5.22	 33.79	 0.00	 0.00	 0.00	 0	 0	 0	 hover	 1500	 1500	 1500	 1000	 0.00	 0.00	 0.00
6800	 -5.82	 -5.02	 35.28	 0.00	 0.00	 0.00	 0	 0	 0	 hover	 1500	 1500	 1500	 1000	 0.00	 0.00	 0.00
6900	 -5.78	 -4.97	 35.33	 0.00	 0.00	 0.00	 0	 0	 0	 hover	 1500	 1500	 1500	 1000	 0.00	 0.00	 0.00
7000	 -5.78	 -4.97	 35.33	 0.00	 0.00	 0.00	 0	 0	 0	 hover	 1500	 1500	 1500	 1000	 0.00	 0.00	 0.00
7100	 -5.89	 -4.84	 36.85	 0.00	 0.00	 0.00	 0	 0	 0	 hover	 1500	 1500	 1500	 1000	 0.00	 0.00	 0.00
7200	 -5.89	 -4.83	 36.90	 0.00	 0.00	 0.00	 0	 0	 0	 hover	 1500	 1500	 1500	 1000	 0.00	 0.00	 0.00
7300	 -5.89	 -4.83	 36.90	 0.00	 0.00	 0.00	 0	 0	 0	 hover	 1500	 1500	 1500	 1000	 0.00	 0.00	 0.00
7400	 -6.02	 -4.91	 38.59	 0.00	 0.00	 0.00	 0	 0	 0	 hover	 1500	 1500	 1500	 1000	 0.00	 0.00	 0.00
7500	 -6.02	 -4.92	 38.65	 0.00	 0.00	 0.00	 0	 0	 0	 hover	 1500	 1500	 1500	 1000	 0.00	 0.00	 0.00
7600	 -6.02	 -4.92	 38.65	 0.00	 0.00	 0.00	 0	 0	 0	 hover	 1500	 1500	 1500	 1000	 0.00	 0.00	 0.00
7700	 -6.03	 -4.91	 40.37	 0.00	 0.00	 0.00	 0	 0	 0	 hover	 1500	 1500	 1500	 1000	 0.00	 0.00	 0.00
7800	 -6.04	 -4.88	 40.43	 0.00	 0.00	 0.00	 0	 0	 0	 hover	 1500	 1500	 1500	 1000	 0.00	 0.00	 0.00
7900	 -6.04	 -4.88	 40.43	 0.00	 0.00	 0.00	 0	 0	 0	 hover	 1500	 1500	 1500	 1000	 0.00	 0.00	 0.00
8000	 -6.01	 -4.88	 42.12	 0.00	 0.00	 0.00	 0	 0	 0	 hover	 1500	 1500	 1500	 1000	 0.00	 0.00	 0.00
8100	 -6.01	 -4.90	 42.17	 0.00	 0.00	 0.00	 0	 0	 0	 hover	 1500	 1500	 1500	 1000	 0.00	 0.00	 0.00
8200	 -6.01	 -4.90	 42.17	 0.00	 0.00	 0.00	 0	 0	 0	 hover	 1500	 1500	 1500	 1000	 0.00	 0.00	 0.00
8300	 -6.05	 -4.94	 43.81	 0.00	 0.00	 0.00	 0	 0	 0	 hover	 1500	 1500	 1500	 1000	 0.00	 0.00	 0.00
8400	 -6.05	 -4.93	 43.87	 0.00	 0.00	 0.00	 0	 0	 0	 hover	 1500	 1500	 1500	 1000	 0.00	 0.00	 0.00
8500	 -6.05	 -4.93	 43.87	 0.00	 0.00	 0.00	 0	 0	 0	 hover	 1500	 1500	 1500	 1000	 0.00	 0.00	 0.00
8600	 -6.05	 -4.95	 45.49	 0.00	 0.00	 0.00	 0	 0	 0	 hover	 1500	 1500	 1500	 1000	 0.00	 0.00	 0.00
8700	 -6.05	 -4.94	 45.55	 0.00	 0.00	 0.00	 0	 0	 0	 hover	 1500	 1500	 1500	 1000	 0.00	 0.00	 0.00
8800	 -6.05	 -4.94	 45.55	 0.00	 0.00	 0.00	 0	 0	 0	 hover	 1500	 1500	 1500	 1000	 0.00	 0.00	 0.00
8900	 -6.07	 -4.95	 47.17	 0.00	 0.00	 0.00	 0	 0	 0	 hover	 1500	 1500	 1500	 1000	 0.00	 0.00	 0.00
9000	 -6.07	 -4.95	 47.22	 0.00	 0.00	 0.00	 0	 0	 0	 hover	 1500	 1500	 1500	 1000	 0.00	 0.00	 0.00
9100	 -6.07	 -4.95	 47.22	 0.00	 0.00	 0.00	 0	 0	 0	 hover	 1500	 1500	 1500	 1000	 0.00	 0.00	 0.00
9200	 -6.08	 -4.95	 48.85	 0.00	 0.00	 0.00	 0	 0	 0	 hover	 1500	 1500	 1500	 1000	 0.00	 0.00	 0.00
9300	 -6.09	 -4.95	 48.90	 0.00	 0.00	 0.00	 0	 0	 0	 hover	 1500	 1500	 1500	 1000	 0.00	 0.00	 0.00
9400	 -6.09	 -4.95	 48.90	 0.00	 0.00	 0.00	 0	 0	 0	 hover	 1500	 1500	 1500	 1000	 0.00	 0.00	 0.00
9500	 -6.10	 -4.96	 50.52	 0.00	 0.00	 0.00	 0	 0	 0	 hover	 1500	 1500	 1500	 1000	 0.00	 0.00	 0.00
9600	 -6.09	 -4.96	 50.58	 0.00	 0.00	 0.00	 0	 0	 0	 hover	 1500	 1500	 1500	 1000	 0.00	 0.00	 0.00
9700	 -6.09	 -4.96	 50.58	 0.00	 0.00	 0.00	 0	 0	 0	 hover	 1500	 1500	 1500	 1000	 0.00	 0.00	 0.00
9800	 -6.10	 -4.96	 52.20	 0.00	 0.00	 0.00	 0	 0	 0	 hover	 1500	 1500	 1500	 1000	 0.00	 0.00	 0.00
9900	 -6.10	 -4.95	 52.26	 0.00	 0.00	 0.00	 0	 0	 0	 hover	 1500	 1500	 1500	 1000	 0.00	 0.00	 0.00
10000	 -6.10	 -4.95	 52.26	 0.00	 0.00	 0.00	 0	 0	 0	 hover	 1500	 1500	 1500	 1000	 0.00	 0.00	 0.00
10100	 -6.10	 -4.96	 53.88	 0.00	 0.00	 0.00	 0	 0	 0	 hover	 1500	 1500	 1500	 1000	 0.00	 0.00	 0.00
