#Time(ms)	 xPos 	 yPos 	 zPos 	 xValid 	 yValid 	 zValid 	 validreasons x-y-z 
200	 0.00	 0.00	 0.00	 0	 0	 0	 -2	 -2	 -2
300	 0.00	 0.00	 0.00	 0	 0	 0	 -2	 -2	 -2
400	 0.00	 0.00	 0.00	 1	 1	 0	 -3	 -3	 -2
500	 -3.56	 -4.13	 0.00	 1	 1	 1	 -3	 -3	 -3
600	 -3.02	 -4.47	 1.68	 1	 1	 1	 -3	 -3	 -3
700	 -1.69	 -1.11	 2.48	 1	 1	 1	 -3	 -3	 -3
800	 -0.33	 0.96	 0.77	 1	 1	 1	 -3	 -3	 -3
900	 -0.91	 0.48	 0.80	 1	 1	 1	 -3	 -3	 -3
1000	 -2.70	 2.92	 1.33	 1	 1	 1	 -3	 -3	 -3
1100	 -1.96	 1.09	 -0.18	 1	 1	 1	 -3	 -3	 -3
1200	 -2.22	 0.83	 1.61	 1	 1	 1	 -3	 -3	 -3
1300	 -1.97	 0.10	 1.87	 1	 1	 1	 -3	 -3	 -3
1400	 3.14	 -0.39	 0.14	 1	 1	 1	 -3	 -3	 -3
1500	 1.09	 0.55	 1.22	 1	 1	 1	 -3	 -3	 -3
1600	 4.86	 0.26	 -0.20	 1	 1	 1	 -3	 -3	 -3
1700	 4.93	 -1.65	 -1.51	 1	 1	 1	 -3	 -3	 -3
1800	 1.58	 0.21	 -1.06	 1	 1	 1	 -3	 -3	 -3
1900	 -5.03	 -1.11	 -2.21	 1	 1	 1	 -3	 -3	 -3
2000	 -5.64	 -0.61	 -4.82	 1	 1	 1	 -3	 -3	 -3
2100	 -2.83	 3.48	 -7.06	 1	 1	 1	 -3	 -3	 -3
2200	 -5.61	 -5.04	 -12.00	 1	 1	 1	 -3	 -3	 -3
2300	 5.12	 -5.07	 -11.25	 1	 1	 1	 -3	 -3	 -3
2400	 1.46	 -4.26	 -23.07	 1	 1	 1	 -3	 -3	 -3
2500	 -3.44	 0.37	 -29.03	 1	 1	 1	 -3	 -3	 -3
2600	 -23.06	 -3.20	 -39.43	 1	 1	 1	 -3	 -3	 -3
2700	 -15.16	 -4.92	 -44.40	 1	 1	 1	 -3	 -3	 -3
2800	 -0.77	 1.99	 -47.31	 1	 1	 1	 -3	 -3	 -3
2900	 -17.28	 3.54	 -50.44	 1	 1	 1	 -3	 -3	 -3
3000	 -14.04	 3.37	 -50.98	 1	 1	 1	 -3	 -3	 -3
3100	 -13.58	 -1.46	 -52.82	 1	 1	 1	 -3	 -3	 -3
3200	 -12.99	 -10.42	 -52.10	 1	 1	 1	 -3	 -3	 -3
3300	 -9.92	 -9.49	 -54.12	 1	 1	 1	 -3	 -3	 -3
3400	 -10.21	 -4.10	 -46.80	 1	 1	 1	 -3	 -3	 -3
3500	 -8.43	 -1.15	 -45.29	 1	 1	 1	 -3	 -3	 -3
3600	 -10.16	 -3.22	 -46.58	 1	 1	 1	 -3	 -3	 -3
3700	 -6.48	 -5.53	 -46.29	 1	 1	 1	 -3	 -3	 -3
3800	 -4.96	 -4.00	 -51.18	 1	 1	 1	 -3	 -3	 -3
3900	 -3.42	 -2.01	 -51.62	 1	 1	 1	 -3	 -3	 -3
4000	 1.86	 -9.41	 -50.38	 1	 1	 1	 -3	 -3	 -3
4100	 1.44	 -3.33	 -51.14	 1	 1	 1	 -3	 -3	 -3
4200	 2.60	 -2.02	 -51.98	 1	 1	 1	 -3	 -3	 -3
4300	 4.58	 -5.78	 -51.39	 1	 1	 1	 -3	 -3	 -3
4400	 6.67	 -13.60	 -50.92	 1	 1	 1	 -3	 -3	 -3
4500	 -4.33	 -8.28	 -50.49	 1	 1	 1	 -3	 -3	 -3
4600	 -2.74	 -9.50	 -50.08	 1	 1	 1	 -3	 -3	 -3
4700	 1.51	 -8.36	 -48.84	 1	 1	 1	 -3	 -3	 -3
4800	 3.06	 -7.53	 -50.43	 1	 1	 1	 -3	 -3	 -3
4900	 1.79	 -8.68	 -52.12	 1	 1	 1	 -3	 -3	 -3
5000	 4.00	 -12.00	 -56.05	 1	 1	 1	 -3	 -3	 -3
5100	 3.32	 -4.38	 -58.75	 1	 1	 1	 -3	 -3	 -3
5200	 1.16	 -5.39	 -59.86	 1	 1	 1	 -3	 -3	 -3
5300	 -0.06	 -9.17	 -59.86	 1	 1	 1	 -3	 -3	 -3
5400	 -0.19	 -15.44	 -64.23	 1	 1	 1	 -3	 -3	 -3
5500	 -0.50	 -17.36	 -65.41	 1	 1	 1	 -3	 -3	 -3
5600	 -0.35	 -4.33	 -67.70	 1	 1	 1	 -3	 -3	 -3
5700	 -0.77	 -9.46	 -67.63	 1	 1	 1	 -3	 -3	 -3
5800	 0.28	 -13.84	 -68.35	 1	 1	 1	 -3	 -3	 -3
5900	 -0.50	 -8.69	 -64.28	 1	 1	 1	 -3	 -3	 -3
6000	 -0.21	 -6.65	 -62.84	 1	 1	 1	 -3	 -3	 -3
6100	 1.03	 -8.00	 -62.66	 1	 1	 1	 -3	 -3	 -3
6200	 -0.26	 -8.89	 -59.52	 1	 1	 1	 -3	 -3	 -3
6300	 0.80	 -11.29	 -56.67	 1	 1	 1	 -3	 -3	 -3
6400	 1.14	 -8.05	 -54.83	 1	 1	 1	 -3	 -3	 -3
6500	 -0.35	 -7.87	 -54.65	 1	 1	 1	 -3	 -3	 -3
6600	 -0.35	 -7.36	 -53.31	 1	 1	 1	 -3	 -3	 -3
6700	 -3.04	 -7.79	 -47.52	 1	 1	 1	 -3	 -3	 -3
6800	 3.18	 -6.20	 -45.88	 1	 1	 1	 -3	 -3	 -3
6900	 4.38	 -4.20	 -40.45	 1	 1	 1	 -3	 -3	 -3
7000	 -5.45	 -4.34	 -35.85	 1	 1	 1	 -3	 -3	 -3
7100	 -8.39	 -3.24	 -32.87	 1	 1	 1	 -3	 -3	 -3
7200	 -10.87	 -1.13	 -33.50	 1	 1	 1	 -3	 -3	 -3
7300	 12.87	 -2.45	 -31.01	 1	 1	 1	 -3	 -3	 -3
7400	 -2.76	 2.13	 -26.96	 1	 1	 1	 -3	 -3	 -3
7500	 -6.80	 4.58	 -25.19	 1	 1	 1	 -3	 -3	 -3
7600	 -8.64	 4.78	 -23.97	 1	 1	 1	 -3	 -3	 -3
7700	 -9.75	 6.47	 -23.94	 1	 1	 1	 -3	 -3	 -3
7800	 2.05	 7.71	 -21.19	 1	 1	 1	 -3	 -3	 -3
7900	 -7.24	 2.31	 -21.75	 1	 1	 1	 -3	 -3	 -3
8000	 -4.22	 6.27	 -19.45	 1	 1	 1	 -3	 -3	 -3
8100	 -6.58	 12.30	 -17.08	 1	 1	 1	 -3	 -3	 -3
8200	 -2.67	 13.75	 -13.86	 1	 1	 1	 -3	 -3	 -3
8300	 -2.40	 28.15	 -53.57	 1	 1	 1	 -3	 -3	 -3
8400	 -11.35	 11.60	 -53.57	 1	 1	 1	 -3	 -3	 -3
8500	 -9.75	 7.48	 -49.19	 1	 1	 1	 -3	 -3	 -3
8600	 -7.50	 5.14	 -52.82	 1	 1	 1	 -3	 -3	 -3
8700	 -8.86	 4.27	 -54.14	 1	 1	 1	 -3	 -3	 -3
8800	 -8.84	 2.82	 -54.90	 1	 1	 1	 -3	 -3	 -3
8900	 -10.52	 2.06	 -51.82	 1	 1	 1	 -3	 -3	 -3
9000	 -9.62	 1.44	 -51.78	 1	 1	 1	 -3	 -3	 -3
9100	 -9.99	 0.80	 -52.30	 1	 1	 1	 -3	 -3	 -3
9200	 -10.17	 1.42	 -51.10	 1	 1	 1	 -3	 -3	 -3
9300	 -10.42	 1.03	 -51.80	 1	 1	 1	 -3	 -3	 -3
9400	 -9.64	 1.02	 -50.73	 1	 1	 1	 -3	 -3	 -3
9500	 -9.51	 1.44	 -51.20	 1	 1	 1	 -3	 -3	 -3
9600	 -9.66	 1.24	 -51.55	 1	 1	 1	 -3	 -3	 -3
9700	 -9.79	 1.62	 -51.06	 1	 1	 1	 -3	 -3	 -3
9800	 -8.31	 0.75	 -50.92	 1	 1	 1	 -3	 -3	 -3
9900	 -8.99	 0.51	 -49.93	 1	 1	 1	 -3	 -3	 -3
10000	 -9.47	 2.12	 -49.65	 1	 1	 1	 -3	 -3	 -3
10100	 -10.05	 2.33	 -50.11	 1	 1	 1	 -3	 -3	 -3
10200	 -9.70	 0.43	 -50.55	 1	 1	 1	 -3	 -3	 -3
10300	 -12.36	 1.22	 -49.91	 1	 1	 1	 -3	 -3	 -3
10400	 -12.80	 1.11	 -50.14	 1	 1	 1	 -3	 -3	 -3
10500	 -12.36	 0.97	 -50.69	 1	 1	 1	 -3	 -3	 -3
10600	 -12.13	 1.41	 -50.33	 1	 1	 1	 -3	 -3	 -3
10700	 -11.57	 1.35	 -49.85	 1	 1	 1	 -3	 -3	 -3
10800	 -11.49	 1.51	 -50.47	 1	 1	 1	 -3	 -3	 -3
10900	 -7.89	 1.55	 -51.91	 1	 1	 1	 -3	 -3	 -3
11000	 -7.96	 1.49	 -50.19	 1	 1	 1	 -3	 -3	 -3
11100	 -7.40	 1.88	 -49.64	 1	 1	 1	 -3	 -3	 -3
11200	 -6.89	 2.34	 -49.48	 1	 1	 1	 -3	 -3	 -3
11300	 -11.01	 1.66	 -51.50	 1	 1	 1	 -3	 -3	 -3
11400	 -13.56	 1.27	 -49.95	 1	 1	 1	 -3	 -3	 -3
11500	 -15.88	 0.65	 -49.45	 1	 1	 1	 -3	 -3	 -3
11600	 -17.23	 0.68	 -49.30	 1	 1	 1	 -3	 -3	 -3
11700	 -18.41	 1.07	 -49.17	 1	 1	 1	 -3	 -3	 -3
11800	 -17.74	 0.59	 -49.24	 1	 1	 1	 -3	 -3	 -3
11900	 -18.61	 0.50	 -49.94	 1	 1	 1	 -3	 -3	 -3
12000	 -20.61	 0.64	 -50.14	 1	 1	 1	 -3	 -3	 -3
12100	 -20.63	 0.10	 -50.25	 1	 1	 1	 -3	 -3	 -3
12200	 -17.90	 -0.95	 -50.33	 1	 1	 1	 -3	 -3	 -3
12300	 -16.95	 0.57	 -49.76	 1	 1	 1	 -3	 -3	 -3
12400	 -17.15	 1.10	 -49.57	 1	 1	 1	 -3	 -3	 -3
12500	 -18.78	 3.23	 -50.15	 1	 1	 1	 -3	 -3	 -3
12600	 -18.34	 2.17	 -49.95	 1	 1	 1	 -3	 -3	 -3
12700	 -17.41	 2.19	 -50.27	 1	 1	 1	 -3	 -3	 -3
12800	 -17.57	 2.74	 -50.39	 1	 1	 1	 -3	 -3	 -3
12900	 -17.41	 2.70	 -50.05	 1	 1	 1	 -3	 -3	 -3
13000	 -17.30	 2.74	 -50.37	 1	 1	 1	 -3	 -3	 -3
13100	 -16.87	 0.08	 -50.99	 1	 1	 1	 -3	 -3	 -3
13200	 -16.95	 0.81	 -50.95	 1	 1	 1	 -3	 -3	 -3
13300	 -17.14	 0.71	 -50.27	 1	 1	 1	 -3	 -3	 -3
13400	 -17.31	 0.27	 -50.17	 1	 1	 1	 -3	 -3	 -3
13500	 -10.04	 0.47	 -51.76	 1	 1	 1	 -3	 -3	 -3
13600	 -9.67	 1.32	 -50.61	 1	 1	 1	 -3	 -3	 -3
13700	 -10.44	 2.98	 -50.33	 1	 1	 1	 -3	 -3	 -3
13800	 -12.43	 3.26	 -49.64	 1	 1	 1	 -3	 -3	 -3
13900	 -12.86	 3.20	 -50.09	 1	 1	 1	 -3	 -3	 -3
14000	 -12.97	 3.28	 -50.12	 1	 1	 1	 -3	 -3	 -3
14100	 -13.03	 2.68	 -49.69	 1	 1	 1	 -3	 -3	 -3
14200	 -5.73	 3.02	 -51.59	 1	 1	 1	 -3	 -3	 -3
14300	 -5.89	 1.11	 -51.48	 1	 1	 1	 -3	 -3	 -3
14400	 -6.58	 0.69	 -51.15	 1	 1	 1	 -3	 -3	 -3
14500	 -6.91	 0.53	 -50.04	 1	 1	 1	 -3	 -3	 -3
14600	 -9.59	 1.02	 -49.44	 1	 1	 1	 -3	 -3	 -3
14700	 -8.82	 1.41	 -49.49	 1	 1	 1	 -3	 -3	 -3
14800	 -8.37	 3.10	 -50.43	 1	 1	 1	 -3	 -3	 -3
14900	 -10.54	 -0.06	 -50.72	 1	 1	 1	 -3	 -3	 -3
15000	 -10.25	 -0.63	 -49.86	 1	 1	 1	 -3	 -3	 -3
15100	 -10.52	 0.08	 -50.56	 1	 1	 1	 -3	 -3	 -3
