#Time(ms)	 Value 	 Validity 	 avgValue 	 Diff 	 Outliers 	 invalidReason	 SD 
200	 -1.00 	0 	0.00 	1.00 	1 	0	 0.00	 0.00 
300	 8.16 	0 	4.08 	4.08 	1 	4.08	 0.92	 5.71 
400	 8.16 	1 	6.12 	2.04 	0 	-3	 0.82	 7.43 
500	 8.16 	1 	7.14 	1.02 	0 	-3	 0.74	 7.94 
600	 7.99 	1 	7.57 	0.42 	0 	-3	 0.68	 7.97 
700	 8.52 	1 	8.04 	0.48 	0 	-3	 0.67	 8.36 
800	 8.52 	1 	8.28 	0.24 	0 	-3	 0.60	 8.47 
900	 10.12 	1 	9.20 	0.92 	0 	-3	 0.70	 9.63 
1000	 8.88 	1 	9.04 	0.16 	0 	-3	 0.76	 9.10 
1100	 8.88 	1 	8.96 	0.08 	0 	-3	 0.68	 8.95 
1200	 8.88 	1 	8.92 	0.04 	0 	-3	 0.61	 8.90 
1300	 8.79 	1 	8.86 	0.07 	0 	-3	 0.56	 8.82 
1400	 8.61 	1 	8.73 	0.12 	0 	-3	 0.52	 8.67 
1500	 8.88 	1 	8.81 	0.07 	0 	-3	 0.50	 8.82 
1600	 9.41 	1 	9.11 	0.30 	0 	-3	 0.50	 9.23 
1700	 8.16 	1 	8.63 	0.47 	0 	-3	 0.58	 8.48 
1800	 8.79 	1 	8.71 	0.08 	0 	-3	 0.58	 8.70 
1900	 8.61 	1 	8.66 	0.05 	0 	-3	 0.54	 8.64 
2000	 8.16 	1 	8.41 	0.25 	0 	-3	 0.53	 8.30 
2100	 9.32 	1 	8.87 	0.45 	0 	-3	 0.59	 9.01 
2200	 8.16 	1 	8.51 	0.35 	0 	-3	 0.65	 8.42 
2300	 9.41 	1 	8.96 	0.45 	0 	-3	 0.71	 9.11 
2400	 8.16 	1 	8.56 	0.40 	0 	-3	 0.76	 8.45 
2500	 8.16 	1 	8.36 	0.20 	0 	-3	 0.69	 8.25 
2600	 8.25 	1 	8.31 	0.06 	0 	-3	 0.63	 8.25 
2700	 8.88 	1 	8.59 	0.29 	0 	-3	 0.63	 8.69 
2800	 8.08 	1 	8.34 	0.26 	0 	-3	 0.65	 8.26 
2900	 8.16 	1 	8.25 	0.09 	0 	-3	 0.59	 8.19 
3000	 8.88 	1 	8.56 	0.32 	0 	-3	 0.60	 8.67 
3100	 8.79 	1 	8.68 	0.11 	0 	-3	 0.55	 8.75 
3200	 8.16 	1 	8.42 	0.26 	0 	-3	 0.56	 8.34 
3300	 8.88 	1 	8.65 	0.23 	0 	-3	 0.58	 8.72 
3400	 8.97 	1 	8.81 	0.16 	0 	-3	 0.53	 8.89 
3500	 8.16 	1 	8.48 	0.32 	0 	-3	 0.55	 8.38 
3600	 8.79 	1 	8.64 	0.15 	0 	-3	 0.56	 8.67 
3700	 8.16 	1 	8.40 	0.24 	0 	-3	 0.57	 8.31 
3800	 8.16 	1 	8.28 	0.12 	0 	-3	 0.51	 8.21 
3900	 8.61 	1 	8.44 	0.17 	0 	-3	 0.51	 8.49 
4000	 8.88 	1 	8.66 	0.22 	0 	-3	 0.48	 8.76 
4100	 9.41 	1 	9.04 	0.37 	0 	-3	 0.49	 9.22 
4200	 8.16 	1 	8.60 	0.44 	0 	-3	 0.56	 8.48 
4300	 8.16 	1 	8.38 	0.22 	0 	-3	 0.51	 8.26 
4400	 8.34 	1 	8.36 	0.02 	0 	-3	 0.47	 8.31 
4500	 9.77 	1 	9.06 	0.71 	0 	-3	 0.57	 9.33 
4600	 9.05 	1 	9.06 	0.01 	0 	-3	 0.58	 9.14 
4700	 8.70 	1 	8.88 	0.18 	0 	-3	 0.56	 8.83 
4800	 10.66 	1 	9.77 	0.89 	0 	-3	 0.70	 10.11 
4900	 12.61 	1 	11.19 	1.42 	0 	-3	 0.83	 11.86 
5000	 16.35 	1 	13.77 	2.58 	0 	-3	 1.12	 15.00 
5100	 21.78 	1 	17.77 	4.01 	0 	-3	 1.55	 19.75 
5200	 26.67 	1 	22.22 	4.45 	0 	-3	 1.88	 24.59 
5300	 31.84 	1 	27.03 	4.81 	0 	-3	 2.21	 29.67 
5400	 37.89 	1 	32.46 	5.43 	0 	-3	 2.60	 35.42 
5500	 41.89 	1 	37.18 	4.71 	0 	-3	 2.74	 39.95 
5600	 45.09 	1 	41.13 	3.96 	0 	-3	 2.78	 43.55 
5700	 48.30 	1 	44.72 	3.58 	0 	-3	 2.83	 46.87 
5800	 49.81 	1 	47.26 	2.55 	0 	-3	 2.69	 48.93 
5900	 53.37 	1 	50.32 	3.05 	0 	-3	 2.78	 52.04 
6000	 49.01 	1 	49.66 	0.65 	0 	-3	 2.94	 49.92 
6100	 48.83 	1 	49.25 	0.42 	0 	-3	 2.66	 49.16 
6200	 47.05 	1 	48.15 	1.10 	0 	-3	 2.57	 47.68 
6300	 46.79 	1 	47.47 	0.68 	0 	-3	 2.34	 47.06 
6400	 45.72 	1 	46.59 	0.87 	0 	-3	 2.22	 46.12 
6500	 44.29 	1 	45.44 	1.15 	0 	-3	 2.14	 44.84 
6600	 43.14 	1 	44.29 	1.15 	0 	-3	 2.04	 43.65 
6700	 45.45 	1 	44.87 	0.58 	0 	-3	 2.07	 44.91 
6800	 44.56 	1 	44.72 	0.16 	0 	-3	 1.95	 44.66 
6900	 47.05 	1 	45.88 	1.17 	0 	-3	 2.00	 46.33 
7000	 49.28 	1 	47.58 	1.70 	0 	-3	 2.02	 48.40 
7100	 51.59 	1 	49.59 	2.00 	0 	-3	 2.05	 50.63 
7200	 53.01 	1 	51.30 	1.71 	0 	-3	 1.99	 52.30 
7300	 61.29 	1 	56.29 	5.00 	0 	-3	 2.62	 58.59 
7400	 58.62 	1 	57.46 	1.16 	0 	-3	 2.62	 58.61 
7500	 60.85 	1 	59.15 	1.70 	0 	-3	 2.58	 60.18 
7600	 64.85 	1 	62.00 	2.85 	0 	-3	 2.73	 63.45 
7700	 67.61 	1 	64.81 	2.80 	0 	-3	 2.73	 66.36 
7800	 73.21 	1 	69.01 	4.20 	0 	-3	 3.02	 71.16 
7900	 71.61 	1 	70.31 	1.30 	0 	-3	 2.87	 71.47 
8000	 75.80 	1 	73.05 	2.75 	0 	-3	 3.01	 74.50 
8100	 80.60 	1 	76.83 	3.77 	0 	-3	 3.19	 78.77 
8200	 84.07 	1 	80.45 	3.62 	0 	-3	 3.21	 82.48 
8300	 86.65 	1 	83.55 	3.10 	0 	-3	 3.15	 85.40 
8400	 92.53 	1 	88.04 	4.49 	0 	-3	 3.42	 90.39 
8500	 102.49 	1 	95.26 	7.23 	0 	-3	 4.08	 98.86 
8600	 104.45 	1 	99.86 	4.59 	0 	-3	 3.87	 102.77 
8700	 110.77 	1 	105.31 	5.46 	0 	-3	 4.11	 108.37 
8800	 115.75 	1 	110.53 	5.22 	0 	-3	 4.20	 113.54 
8900	 124.03 	1 	117.28 	6.75 	0 	-3	 4.61	 120.88 
9000	 107.92 	1 	112.60 	4.68 	0 	-3	 5.76	 111.81 
9100	 131.95 	1 	122.28 	9.67 	0 	-3	 7.58	 125.91 
9200	 137.29 	1 	129.78 	7.51 	0 	-3	 7.36	 133.88 
9300	 137.73 	1 	133.76 	3.97 	0 	-3	 6.67	 136.57 
9400	 142.54 	1 	138.15 	4.39 	0 	-3	 6.48	 140.75 
9500	 139.15 	1 	138.65 	0.50 	0 	-3	 6.17	 139.63 
9600	 150.63 	1 	144.64 	5.99 	0 	-3	 6.70	 147.33 
9700	 113.26 	1 	128.95 	15.69 	0 	-3	 9.77	 123.48 
9800	 135.51 	1 	132.23 	3.28 	0 	-3	 11.02	 131.90 
9900	 131.68 	1 	131.95 	0.27 	0 	-3	 10.30	 131.75 
10000	 129.90 	1 	130.93 	1.03 	0 	-3	 9.45	 130.45 
10100	 175.46 	1 	153.19 	22.27 	0 	-3	 13.06	 161.96 
10200	 125.54 	1 	139.37 	13.83 	0 	-3	 16.74	 136.47 
10300	 135.68 	1 	137.52 	1.84 	0 	-3	 16.08	 135.92 
10400	 187.21 	1 	162.37 	24.84 	0 	-3	 19.63	 171.82 
10500	 187.21 	1 	162.37 	24.84 	1 	-3	 19.63	 171.82 
10600	 200.29 	1 	181.33 	18.96 	0 	-3	 18.97	 191.75 
10700	 198.69 	1 	190.01 	8.68 	0 	-3	 17.24	 196.61 
10800	 198.69 	1 	190.01 	8.68 	1 	-3	 17.24	 196.61 
10900	 202.42 	1 	196.21 	6.21 	0 	-3	 15.89	 200.68 
11000	 200.29 	1 	198.25 	2.04 	0 	-3	 14.51	 200.41 
11100	 136.84 	1 	167.55 	30.71 	0 	-3	 19.40	 155.91 
11200	 198.42 	1 	182.98 	15.44 	0 	-3	 23.62	 185.67 
11300	 193.79 	1 	188.39 	5.40 	0 	-3	 21.72	 191.35 
11400	 187.03 	1 	187.71 	0.68 	0 	-3	 20.23	 188.33 
11500	 131.95 	1 	159.83 	27.88 	0 	-3	 23.71	 148.86 
11600	 154.82 	1 	157.32 	2.50 	0 	-3	 23.63	 153.03 
11700	 124.92 	1 	141.12 	16.20 	0 	-3	 24.25	 133.35 
11800	 139.78 	1 	140.45 	0.67 	0 	-3	 23.32	 137.85 
11900	 124.56 	1 	132.51 	7.95 	0 	-3	 22.51	 128.55 
12000	 124.29 	1 	128.40 	4.11 	0 	-3	 20.28	 125.57 
12100	 122.69 	1 	125.54 	2.85 	0 	-3	 18.41	 123.55 
12200	 172.35 	1 	148.95 	23.40 	0 	-3	 21.54	 157.71 
12300	 173.77 	1 	161.36 	12.41 	0 	-3	 19.53	 168.95 
12400	 170.12 	1 	165.74 	4.38 	0 	-3	 17.94	 169.77 
12500	 124.12 	1 	144.93 	20.81 	0 	-3	 20.75	 137.81 
12600	 169.50 	1 	157.21 	12.29 	0 	-3	 23.21	 159.99 
12700	 127.14 	1 	142.18 	15.04 	0 	-3	 25.12	 137.00 
12800	 167.01 	1 	154.59 	12.42 	0 	-3	 26.60	 158.01 
12900	 120.56 	1 	137.58 	17.02 	0 	-3	 28.58	 131.79 
13000	 126.16 	1 	131.87 	5.71 	0 	-3	 26.29	 127.85 
13100	 161.67 	1 	146.77 	14.90 	0 	-3	 27.21	 151.52 
13200	 160.87 	1 	153.82 	7.05 	0 	-3	 24.57	 158.07 
13300	 160.16 	1 	156.99 	3.17 	0 	-3	 22.18	 159.53 
13400	 161.31 	1 	159.15 	2.16 	0 	-3	 20.08	 160.78 
13500	 135.77 	1 	147.46 	11.69 	0 	-3	 20.62	 143.27 
13600	 157.31 	1 	152.38 	4.93 	0 	-3	 20.72	 153.10 
13700	 154.02 	1 	153.20 	0.82 	0 	-3	 18.97	 153.74 
13800	 151.17 	1 	152.19 	1.02 	0 	-3	 17.36	 151.94 
13900	 123.67 	1 	137.93 	14.26 	0 	-3	 18.37	 132.15 
14000	 127.14 	1 	132.53 	5.39 	0 	-3	 16.88	 128.64 
14100	 148.94 	1 	140.74 	8.20 	0 	-3	 17.38	 142.85 
14200	 137.55 	1 	139.14 	1.59 	0 	-3	 16.78	 139.14 
14300	 116.02 	1 	127.58 	11.56 	0 	-3	 17.25	 122.96 
14400	 112.37 	1 	119.98 	7.61 	0 	-3	 15.89	 115.55 
14500	 156.95 	1 	138.46 	18.49 	0 	-3	 18.76	 144.53 
14600	 157.93 	1 	148.20 	9.73 	0 	-3	 16.98	 153.91 
14700	 162.83 	1 	155.51 	7.32 	0 	-3	 15.77	 160.15 
14800	 144.40 	1 	149.96 	5.56 	0 	-3	 16.04	 149.13 
14900	 164.96 	1 	157.46 	7.50 	0 	-3	 16.49	 160.21 
15000	 174.57 	1 	166.01 	8.56 	0 	-3	 15.80	 170.26 
15100	 115.13 	1 	140.57 	25.44 	0 	-3	 20.17	 131.67 
