#Time(ms)	  xPos 	 yPos 	 zPos 	 xVal 	 yVal 	 zVal 	 State 	 oRoll 	 oPitch 	 oYaw 	 oThrottle 	 spX 	 spY 	 spZ 
200	 0.00	 0.00	 0.00	 0	 0	 0	 0	 1500	 1500	 1500	 1000	 0.00	 0.00	 0.00
300	 0.00	 0.00	 0.00	 0	 0	 0	 0	 1500	 1500	 1500	 1000	 0.00	 0.00	 0.00
400	 0.00	 0.00	 0.00	 1	 1	 1	 0	 1500	 1500	 1500	 1000	 0.00	 0.00	 0.00
500	 6.06	 0.35	 0.50	 1	 1	 1	 0	 1499	 1512	 1500	 1005	 0.00	 0.00	 0.00
600	 9.54	 0.26	 -0.23	 1	 1	 1	 0	 1499	 1519	 1500	 998	 0.00	 0.00	 0.00
700	 11.05	 0.65	 -0.83	 1	 1	 1	 0	 1498	 1522	 1500	 990	 0.00	 0.00	 0.00
800	 15.84	 0.75	 -1.01	 1	 1	 1	 0	 1498	 1531	 1500	 986	 0.00	 0.00	 0.00
900	 14.62	 0.48	 -2.12	 1	 1	 1	 0	 1499	 1529	 1500	 971	 0.00	 0.00	 0.00
1000	 14.27	 0.86	 -1.63	 1	 1	 1	 0	 1498	 1528	 1500	 973	 0.00	 0.00	 0.00
1100	 14.27	 1.02	 -1.44	 0	 1	 1	 0	 1497	 1500	 1500	 972	 0.00	 0.00	 0.00
1200	 14.27	 1.07	 -2.56	 1	 1	 1	 0	 1497	 1528	 1500	 955	 0.00	 0.00	 0.00
1300	 14.13	 1.08	 -2.40	 1	 1	 1	 0	 1497	 1528	 1500	 952	 0.00	 0.00	 0.00
1400	 14.63	 0.75	 -0.84	 1	 1	 1	 0	 1498	 1529	 1500	 966	 0.00	 0.00	 0.00
1500	 14.62	 0.82	 -1.24	 1	 1	 1	 0	 1498	 1529	 1500	 959	 0.00	 0.00	 0.00
1600	 12.85	 0.87	 -1.70	 1	 1	 1	 0	 1498	 1525	 1500	 951	 0.00	 0.00	 0.00
1700	 12.85	 -0.13	 -0.95	 1	 1	 1	 0	 1500	 1525	 1500	 957	 0.00	 0.00	 0.00
1800	 13.55	 -0.11	 -1.27	 1	 1	 1	 0	 1500	 1527	 1500	 951	 0.00	 0.00	 0.00
1900	 13.55	 -0.97	 -1.21	 1	 1	 1	 0	 1501	 1527	 1500	 950	 0.00	 0.00	 0.00
2000	 13.55	 -1.07	 -0.88	 0	 1	 1	 0	 1502	 1500	 1500	 951	 0.00	 0.00	 0.00
2100	 13.55	 -0.97	 -0.40	 0	 1	 1	 0	 1501	 1500	 1500	 955	 0.00	 0.00	 0.00
2200	 13.55	 -1.23	 0.85	 1	 1	 1	 0	 1502	 1527	 1500	 969	 0.00	 0.00	 0.00
2300	 13.55	 -1.08	 0.34	 0	 1	 1	 0	 1502	 1500	 1500	 965	 0.00	 0.00	 0.00
2400	 13.55	 -1.65	 1.56	 1	 1	 1	 0	 1503	 1527	 1500	 980	 0.00	 0.00	 0.00
2500	 18.05	 -1.82	 1.50	 1	 1	 1	 0	 1503	 1536	 1500	 983	 0.00	 0.00	 0.00
2600	 6.42	 -2.02	 -0.82	 1	 1	 1	 0	 1504	 1512	 1500	 958	 0.00	 0.00	 0.00
2700	 6.42	 -2.28	 -1.26	 1	 1	 1	 0	 1504	 1512	 1500	 951	 0.00	 0.00	 0.00
2800	 9.67	 -1.64	 -0.84	 1	 1	 1	 0	 1503	 1519	 1500	 953	 0.00	 0.00	 0.00
2900	 11.36	 -1.56	 -0.93	 1	 1	 1	 0	 1503	 1522	 1500	 950	 0.00	 0.00	 0.00
3000	 11.36	 -1.51	 -1.41	 1	 1	 1	 0	 1503	 1522	 1500	 943	 0.00	 0.00	 0.00
3100	 24.78	 -1.53	 -1.57	 1	 1	 1	 0	 1503	 1549	 1500	 938	 0.00	 0.00	 0.00
3200	 24.78	 -2.13	 -1.11	 1	 1	 1	 0	 1504	 1549	 1500	 941	 0.00	 0.00	 0.00
3300	 63.79	 -2.32	 -1.49	 1	 1	 1	 0	 1504	 1627	 1500	 934	 0.00	 0.00	 0.00
3400	 63.79	 -3.09	 -1.63	 1	 1	 1	 0	 1506	 1627	 1500	 929	 0.00	 0.00	 0.00
3500	 87.41	 -3.59	 -0.94	 1	 1	 1	 0	 1507	 1674	 1500	 934	 0.00	 0.00	 0.00
3600	 87.41	 -4.04	 -1.22	 1	 1	 1	 0	 1508	 1674	 1500	 929	 0.00	 0.00	 0.00
3700	 94.18	 -4.03	 0.43	 1	 1	 1	 0	 1508	 1688	 1500	 946	 0.00	 0.00	 0.00
3800	 71.46	 -3.83	 0.93	 1	 1	 1	 0	 1507	 1642	 1500	 953	 0.00	 0.00	 0.00
3900	 72.20	 -3.52	 0.63	 1	 1	 1	 0	 1507	 1644	 1500	 951	 0.00	 0.00	 0.00
4000	 94.01	 13.96	 0.59	 1	 1	 1	 0	 1472	 1688	 1500	 952	 0.00	 0.00	 0.00
4100	 94.01	 13.66	 0.41	 1	 1	 1	 0	 1472	 1688	 1500	 951	 0.00	 0.00	 0.00
4200	 94.01	 12.89	 1.47	 1	 1	 1	 0	 1474	 1688	 1500	 965	 0.00	 0.00	 0.00
4300	 85.16	 12.60	 -0.83	 1	 1	 1	 0	 1474	 1670	 1500	 940	 0.00	 0.00	 0.00
4400	 85.16	 12.35	 -0.89	 1	 1	 1	 0	 1475	 1670	 1500	 938	 0.00	 0.00	 0.00
4500	 85.16	 13.59	 -1.89	 1	 1	 1	 0	 1472	 1670	 1500	 924	 0.00	 0.00	 0.00
4600	 87.21	 12.96	 -1.96	 1	 1	 1	 0	 1474	 1674	 1500	 919	 0.00	 0.00	 0.00
4700	 77.40	 11.88	 -1.67	 1	 1	 1	 0	 1476	 1654	 1500	 919	 0.00	 0.00	 0.00
4800	 77.40	 13.34	 -3.08	 1	 1	 1	 0	 1473	 1654	 1500	 899	 0.00	 0.00	 0.00
4900	 77.40	 11.78	 -5.02	 0	 1	 1	 0	 1476	 1500	 1500	 869	 0.00	 0.00	 0.00
5000	 77.40	 12.02	 -8.46	 1	 1	 1	 0	 1475	 1654	 1500	 818	 0.00	 0.00	 0.00
5100	 85.47	 11.23	 -13.37	 1	 1	 1	 0	 1477	 1670	 1500	 742	 0.00	 0.00	 0.00
5200	 85.47	 11.20	 -18.20	 1	 1	 1	 0	 1477	 1670	 1500	 657	 0.00	 0.00	 0.00
5300	 82.53	 11.25	 -22.94	 1	 1	 1	 0	 1477	 1665	 1500	 564	 0.00	 0.00	 0.00
5400	 81.96	 11.02	 -28.21	 1	 1	 1	 0	 1477	 1663	 1500	 455	 0.00	 0.00	 0.00
5500	 84.03	 11.20	 -32.24	 1	 1	 1	 0	 1477	 1668	 1500	 350	 0.00	 0.00	 0.00
5600	 84.03	 10.90	 -31.53	 1	 1	 1	 0	 1478	 1668	 1500	 294	 0.00	 0.00	 0.00
5700	 81.09	 12.09	 -35.71	 1	 1	 1	 0	 1475	 1662	 1500	 181	 0.00	 0.00	 0.00
5800	 78.37	 12.94	 -37.75	 1	 1	 1	 0	 1474	 1656	 1500	 85	 0.00	 0.00	 0.00
5900	 78.37	 13.85	 -42.10	 1	 1	 1	 0	 1472	 1656	 1500	 -42	 0.00	 0.00	 0.00
6000	 69.71	 14.71	 -39.19	 1	 1	 1	 0	 1470	 1639	 1500	 -91	 0.00	 0.00	 0.00
6100	 68.94	 14.91	 -38.80	 1	 1	 1	 0	 1470	 1637	 1500	 -165	 0.00	 0.00	 0.00
6200	 64.55	 15.35	 -32.28	 1	 1	 1	 0	 1469	 1629	 1500	 -164	 0.00	 0.00	 0.00
6300	 66.84	 15.68	 -37.56	 1	 1	 1	 0	 1468	 1633	 1500	 -292	 0.00	 0.00	 0.00
6400	 48.64	 16.05	 -35.94	 1	 1	 1	 0	 1467	 1597	 1500	 -348	 0.00	 0.00	 0.00
6500	 66.88	 14.22	 -36.08	 1	 1	 1	 0	 1471	 1633	 1500	 -421	 0.00	 0.00	 0.00
6600	 94.39	 18.72	 -35.80	 1	 1	 1	 0	 1462	 1688	 1500	 -490	 0.00	 0.00	 0.00
6700	 87.19	 1.92	 -37.42	 1	 1	 1	 0	 1496	 1674	 1500	 -581	 0.00	 0.00	 0.00
6800	 74.11	 11.43	 -37.31	 1	 1	 1	 0	 1477	 1648	 1500	 -654	 0.00	 0.00	 0.00
6900	 84.78	 7.00	 -38.71	 1	 1	 1	 0	 1486	 1669	 1500	 -746	 0.00	 0.00	 0.00
7000	 96.45	 11.81	 -40.50	 1	 1	 1	 0	 1476	 1692	 1500	 -845	 0.00	 0.00	 0.00
7100	 96.45	 13.86	 -42.52	 1	 1	 1	 0	 1472	 1692	 1500	 -950	 0.00	 0.00	 0.00
7200	 97.61	 14.20	 -43.80	 1	 1	 1	 0	 1471	 1695	 1500	 -1050	 0.00	 0.00	 0.00
7300	 89.79	 14.61	 -49.41	 1	 1	 1	 0	 1470	 1679	 1500	 -1205	 0.00	 0.00	 0.00
7400	 89.79	 14.97	 -46.43	 1	 1	 1	 0	 1470	 1679	 1500	 -1268	 0.00	 0.00	 0.00
7500	 89.79	 15.35	 -50.42	 0	 1	 1	 0	 1469	 1500	 1500	 -1409	 0.00	 0.00	 0.00
7600	 89.79	 15.65	 -53.73	 1	 1	 1	 0	 1468	 1679	 1500	 -1550	 0.00	 0.00	 0.00
7700	 99.28	 15.60	 -55.71	 1	 1	 1	 0	 1468	 1698	 1500	 -1681	 0.00	 0.00	 0.00
7800	 98.14	 15.42	 -59.53	 1	 1	 1	 0	 1469	 1696	 1500	 -1838	 0.00	 0.00	 0.00
7900	 75.86	 20.78	 -59.52	 1	 1	 1	 0	 1458	 1651	 1500	 -1957	 0.00	 0.00	 0.00
8000	 78.28	 12.07	 -60.98	 1	 1	 1	 0	 1475	 1656	 1500	 -2094	 0.00	 0.00	 0.00
8100	 68.95	 10.77	 -62.27	 1	 1	 1	 0	 1478	 1637	 1500	 -2231	 0.00	 0.00	 0.00
8200	 84.60	 8.45	 -67.55	 1	 1	 1	 0	 1483	 1669	 1500	 -2419	 0.00	 0.00	 0.00
8300	 93.82	 7.12	 -70.11	 1	 1	 1	 0	 1485	 1687	 1500	 -2585	 0.00	 0.00	 0.00
8400	 93.82	 6.79	 -71.50	 1	 1	 1	 0	 1486	 1687	 1500	 -2742	 0.00	 0.00	 0.00
8500	 75.24	 4.85	 -75.40	 1	 1	 1	 0	 1490	 1650	 1500	 -2932	 0.00	 0.00	 0.00
8600	 31.77	 4.28	 -82.25	 1	 1	 1	 0	 1491	 1563	 1500	 -3165	 0.00	 0.00	 0.00
8700	 46.44	 3.15	 -83.28	 1	 1	 1	 0	 1493	 1592	 1500	 -3341	 0.00	 0.00	 0.00
8800	 63.58	 3.28	 -92.66	 1	 1	 1	 0	 1493	 1627	 1500	 -3621	 0.00	 0.00	 0.00
8900	 63.68	 5.67	 -97.70	 1	 1	 1	 0	 1488	 1627	 1500	 -3866	 0.00	 0.00	 0.00
9000	 57.75	 8.00	 -87.71	 1	 1	 1	 0	 1484	 1615	 1500	 -3942	 0.00	 0.00	 0.00
9100	 57.75	 9.09	 -92.94	 1	 1	 1	 0	 1481	 1615	 1500	 -4180	 0.00	 0.00	 0.00
9200	 54.96	 11.60	 -97.17	 1	 1	 1	 0	 1476	 1609	 1500	 -4417	 0.00	 0.00	 0.00
9300	 52.96	 12.88	 -100.80	 1	 1	 1	 0	 1474	 1605	 1500	 -4655	 0.00	 0.00	 0.00
9400	 52.96	 13.40	 -104.24	 1	 1	 1	 0	 1473	 1605	 1500	 -4897	 0.00	 0.00	 0.00
9500	 55.75	 11.55	 -102.12	 1	 1	 1	 0	 1476	 1611	 1500	 -5080	 0.00	 0.00	 0.00
9600	 51.87	 9.55	 -102.35	 1	 1	 1	 0	 1480	 1603	 1500	 -5287	 0.00	 0.00	 0.00
9700	 63.53	 6.84	 -76.54	 1	 1	 1	 0	 1486	 1627	 1500	 -5182	 0.00	 0.00	 0.00
9800	 67.40	 5.48	 -77.39	 1	 1	 1	 0	 1489	 1634	 1500	 -5346	 0.00	 0.00	 0.00
9900	 87.48	 4.43	 -76.23	 1	 1	 1	 0	 1491	 1674	 1500	 -5487	 0.00	 0.00	 0.00
10000	 87.48	 3.48	 -74.40	 1	 1	 1	 0	 1493	 1674	 1500	 -5617	 0.00	 0.00	 0.00
10100	 87.48	 2.91	 -75.86	 0	 1	 1	 0	 1494	 1500	 1500	 -5783	 0.00	 0.00	 0.00
10200	 87.48	 -1.24	 -59.45	 0	 1	 1	 0	 1502	 1500	 1500	 -5738	 0.00	 0.00	 0.00
10300	 87.48	 -2.58	 -57.75	 1	 1	 1	 0	 1505	 1674	 1500	 -5837	 0.00	 0.00	 0.00
10400	 87.48	 -2.65	 -59.94	 1	 1	 1	 0	 1505	 1674	 1500	 -5979	 0.00	 0.00	 0.00
10500	 87.48	 -2.22	 -58.02	 1	 1	 1	 0	 1504	 1674	 1500	 -6075	 0.00	 0.00	 0.00
10600	 94.35	 -0.52	 -60.26	 1	 1	 1	 0	 1501	 1688	 1500	 -6218	 0.00	 0.00	 0.00
10700	 87.37	 0.34	 -59.69	 1	 1	 1	 0	 1499	 1674	 1500	 -6332	 0.00	 0.00	 0.00
10800	 92.23	 -5.98	 -59.69	 1	 1	 1	 0	 1511	 1684	 1500	 -6451	 0.00	 0.00	 0.00
10900	 92.23	 -4.22	 -107.27	 1	 1	 1	 0	 1508	 1684	 1500	 -6951	 0.00	 0.00	 0.00
11000	 92.87	 -0.33	 -111.92	 1	 1	 1	 0	 1500	 1685	 1500	 -7222	 0.00	 0.00	 0.00
11100	 95.41	 0.75	 -77.35	 1	 1	 1	 0	 1498	 1690	 1500	 -7031	 0.00	 0.00	 0.00
11200	 89.68	 1.09	 -82.65	 1	 1	 1	 0	 1497	 1679	 1500	 -7249	 0.00	 0.00	 0.00
11300	 82.56	 0.78	 -84.55	 1	 1	 1	 0	 1498	 1665	 1500	 -7437	 0.00	 0.00	 0.00
11400	 82.56	 0.73	 -81.93	 1	 1	 1	 0	 1498	 1665	 1500	 -7575	 0.00	 0.00	 0.00
11500	 82.56	 0.13	 -62.01	 0	 1	 1	 0	 1499	 1500	 1500	 -7500	 0.00	 0.00	 0.00
11600	 82.56	 -2.65	 -60.37	 1	 1	 1	 0	 1505	 1665	 1500	 -7604	 0.00	 0.00	 0.00
11700	 96.25	 -4.85	 -50.58	 1	 1	 1	 0	 1509	 1692	 1500	 -7607	 0.00	 0.00	 0.00
11800	 104.01	 -5.40	 -51.37	 1	 1	 1	 0	 1510	 1708	 1500	 -7718	 0.00	 0.00	 0.00
11900	 104.01	 -4.60	 -46.48	 0	 1	 1	 0	 1509	 1500	 1500	 -7762	 0.00	 0.00	 0.00
12000	 104.01	 -14.62	 -44.95	 1	 1	 1	 0	 1529	 1708	 1500	 -7837	 0.00	 0.00	 0.00
12100	 104.01	 -18.67	 -42.60	 0	 1	 1	 0	 1537	 1500	 1500	 -7898	 0.00	 0.00	 0.00
12200	 104.01	 -17.85	 -49.95	 0	 1	 1	 0	 1535	 1500	 1500	 -8072	 0.00	 0.00	 0.00
12300	 104.01	 -7.56	 -52.90	 0	 1	 1	 0	 1515	 1500	 1500	 -8207	 0.00	 0.00	 0.00
12400	 104.01	 -3.74	 -57.18	 0	 1	 1	 0	 1507	 1500	 1500	 -8364	 0.00	 0.00	 0.00
12500	 104.01	 -1.86	 -44.01	 1	 1	 1	 0	 1503	 1708	 1500	 -8320	 0.00	 0.00	 0.00
12600	 116.86	 0.31	 -43.81	 1	 1	 1	 0	 1499	 1733	 1500	 -8406	 0.00	 0.00	 0.00
12700	 116.83	 -0.79	 -42.17	 1	 1	 1	 0	 1501	 1733	 1500	 -8474	 0.00	 0.00	 0.00
12800	 114.71	 -0.70	 -42.08	 1	 1	 1	 0	 1501	 1729	 1500	 -8557	 0.00	 0.00	 0.00
12900	 114.71	 0.36	 -39.46	 1	 1	 1	 0	 1499	 1729	 1500	 -8610	 0.00	 0.00	 0.00
13000	 113.40	 1.18	 -39.89	 1	 1	 1	 0	 1497	 1726	 1500	 -8694	 0.00	 0.00	 0.00
13100	 112.89	 1.91	 -41.21	 1	 1	 1	 0	 1496	 1725	 1500	 -8790	 0.00	 0.00	 0.00
13200	 112.89	 2.48	 -49.29	 1	 1	 1	 0	 1495	 1725	 1500	 -8969	 0.00	 0.00	 0.00
13300	 112.89	 2.55	 -49.31	 0	 1	 1	 0	 1494	 1500	 1500	 -9068	 0.00	 0.00	 0.00
13400	 112.89	 1.98	 -52.47	 0	 1	 1	 0	 1496	 1500	 1500	 -9204	 0.00	 0.00	 0.00
13500	 112.89	 -0.22	 -45.68	 0	 1	 1	 0	 1500	 1500	 1500	 -9228	 0.00	 0.00	 0.00
13600	 112.89	 -2.00	 -44.85	 0	 1	 1	 0	 1503	 1500	 1500	 -9309	 0.00	 0.00	 0.00
13700	 112.89	 -2.40	 -45.58	 1	 1	 1	 0	 1504	 1725	 1500	 -9408	 0.00	 0.00	 0.00
13800	 114.21	 -0.53	 -44.81	 1	 1	 1	 0	 1501	 1728	 1500	 -9490	 0.00	 0.00	 0.00
13900	 114.21	 -5.86	 -38.61	 1	 1	 1	 0	 1511	 1728	 1500	 -9505	 0.00	 0.00	 0.00
14000	 111.17	 2.33	 -39.95	 1	 1	 1	 0	 1495	 1722	 1500	 -9598	 0.00	 0.00	 0.00
14100	 110.40	 0.43	 -43.17	 1	 1	 1	 0	 1499	 1720	 1500	 -9717	 0.00	 0.00	 0.00
14200	 107.83	 2.14	 -40.50	 1	 1	 1	 0	 1495	 1715	 1500	 -9771	 0.00	 0.00	 0.00
14300	 110.70	 3.69	 -42.90	 1	 1	 1	 0	 1492	 1721	 1500	 -9881	 0.00	 0.00	 0.00
14400	 111.54	 7.61	 -41.35	 1	 1	 1	 0	 1484	 1723	 1500	 -9948	 0.00	 0.00	 0.00
14500	 103.49	 9.93	 -49.78	 1	 1	 1	 0	 1480	 1706	 1500	 -10132	 0.00	 0.00	 0.00
14600	 104.09	 11.15	 -52.79	 1	 1	 1	 0	 1477	 1708	 1500	 -10267	 0.00	 0.00	 0.00
14700	 113.97	 12.08	 -53.59	 1	 1	 1	 0	 1475	 1727	 1500	 -10383	 0.00	 0.00	 0.00
14800	 114.88	 12.44	 -48.05	 1	 1	 1	 0	 1475	 1729	 1500	 -10423	 0.00	 0.00	 0.00
14900	 113.54	 12.37	 -60.38	 1	 1	 1	 0	 1475	 1727	 1500	 -10667	 0.00	 0.00	 0.00
15000	 113.54	 12.28	 -63.89	 1	 1	 1	 0	 1475	 1727	 1500	 -10830	 0.00	 0.00	 0.00
15100	 93.58	 9.19	 -49.45	 1	 1	 1	 0	 1481	 1687	 1500	 -10785	 0.00	 0.00	 0.00
