#Time(ms)	 Value 	 Validity 	 avgValue 	 Diff 	 Outliers 	 invalidReason	 SD 
200	 -1.00 	0 	0.00 	1.00 	1 	0	 0.00	 0.00 
300	 120.73 	0 	60.37 	60.37 	1 	60.37	 12.17	 84.51 
400	 120.73 	1 	90.55 	30.18 	0 	-3	 10.96	 109.86 
500	 121.27 	1 	105.91 	15.36 	0 	-3	 9.91	 117.85 
600	 120.73 	1 	113.32 	7.41 	0 	-3	 8.98	 119.87 
700	 122.34 	1 	117.83 	4.51 	0 	-3	 8.24	 121.60 
800	 122.25 	1 	120.04 	2.21 	0 	-3	 7.43	 122.05 
900	 120.65 	1 	120.34 	0.31 	0 	-3	 6.84	 121.07 
1000	 122.60 	1 	121.47 	1.13 	0 	-3	 6.35	 122.14 
1100	 122.60 	1 	122.04 	0.56 	0 	-3	 5.72	 122.46 
1200	 122.60 	1 	122.32 	0.28 	0 	-3	 5.15	 122.56 
1300	 122.60 	1 	122.46 	0.14 	0 	-3	 4.63	 122.59 
1400	 121.80 	1 	122.13 	0.33 	0 	-3	 4.25	 122.04 
1500	 122.60 	1 	122.36 	0.24 	0 	-3	 3.90	 122.43 
1600	 122.60 	1 	122.48 	0.12 	0 	-3	 3.51	 122.55 
1700	 120.82 	1 	121.65 	0.83 	0 	-3	 3.34	 121.34 
1800	 123.14 	1 	122.40 	0.74 	0 	-3	 3.24	 122.60 
1900	 121.18 	1 	121.79 	0.61 	0 	-3	 3.11	 121.61 
2000	 121.62 	1 	121.70 	0.08 	0 	-3	 2.84	 121.62 
2100	 123.05 	1 	122.38 	0.67 	0 	-3	 2.70	 122.62 
2200	 120.47 	1 	121.42 	0.95 	0 	-3	 2.69	 121.11 
2300	 123.05 	1 	122.24 	0.81 	0 	-3	 2.68	 122.47 
2400	 121.09 	1 	121.66 	0.57 	0 	-3	 2.61	 121.50 
2500	 121.00 	1 	121.33 	0.33 	0 	-3	 2.36	 121.15 
2600	 121.09 	1 	121.21 	0.12 	0 	-3	 2.13	 121.11 
2700	 122.34 	1 	121.78 	0.56 	0 	-3	 2.04	 121.97 
2800	 121.09 	1 	121.43 	0.34 	0 	-3	 1.96	 121.35 
2900	 122.87 	1 	122.15 	0.72 	0 	-3	 1.94	 122.42 
3000	 123.40 	1 	122.78 	0.62 	0 	-3	 1.80	 123.10 
3100	 124.56 	1 	123.67 	0.89 	0 	-3	 1.74	 124.12 
3200	 122.78 	1 	123.22 	0.44 	0 	-3	 1.74	 123.18 
3300	 124.38 	1 	123.80 	0.58 	0 	-3	 1.73	 124.02 
3400	 122.69 	1 	123.25 	0.56 	0 	-3	 1.72	 123.09 
3500	 121.80 	1 	122.52 	0.72 	0 	-3	 1.64	 122.19 
3600	 126.43 	1 	124.48 	1.95 	0 	-3	 1.94	 125.16 
3700	 121.89 	1 	123.18 	1.29 	0 	-3	 2.20	 122.87 
3800	 123.58 	1 	123.38 	0.20 	0 	-3	 2.15	 123.37 
3900	 123.05 	1 	123.22 	0.17 	0 	-3	 1.99	 123.15 
4000	 124.12 	1 	123.67 	0.45 	0 	-3	 1.90	 123.83 
4100	 123.40 	1 	123.53 	0.13 	0 	-3	 1.78	 123.53 
4200	 122.42 	1 	122.98 	0.56 	0 	-3	 1.70	 122.75 
4300	 122.34 	1 	122.66 	0.32 	0 	-3	 1.54	 122.46 
4400	 122.07 	1 	122.36 	0.29 	0 	-3	 1.41	 122.19 
4500	 125.01 	1 	123.69 	1.32 	0 	-3	 1.56	 124.16 
4600	 123.49 	1 	123.59 	0.10 	0 	-3	 1.56	 123.69 
4700	 122.34 	1 	122.96 	0.62 	0 	-3	 1.52	 122.75 
4800	 125.63 	1 	124.30 	1.33 	0 	-3	 1.69	 124.76 
4900	 122.60 	1 	123.45 	0.85 	0 	-3	 1.83	 123.25 
5000	 123.85 	1 	123.65 	0.20 	0 	-3	 1.77	 123.67 
5100	 122.51 	1 	123.08 	0.57 	0 	-3	 1.73	 122.86 
5200	 122.87 	1 	122.97 	0.10 	0 	-3	 1.59	 122.87 
5300	 122.96 	1 	122.97 	0.01 	0 	-3	 1.44	 122.93 
5400	 122.60 	1 	122.78 	0.18 	0 	-3	 1.33	 122.70 
5500	 123.14 	1 	122.96 	0.18 	0 	-3	 1.25	 123.01 
5600	 122.07 	1 	122.52 	0.45 	0 	-3	 1.23	 122.35 
5700	 125.01 	1 	123.76 	1.25 	0 	-3	 1.41	 124.21 
5800	 126.07 	1 	124.92 	1.15 	0 	-3	 1.37	 125.51 
5900	 125.81 	1 	125.36 	0.45 	0 	-3	 1.26	 125.72 
6000	 127.41 	1 	126.39 	1.02 	0 	-3	 1.29	 126.90 
6100	 127.23 	1 	126.81 	0.42 	0 	-3	 1.18	 127.13 
6200	 127.41 	1 	127.11 	0.30 	0 	-3	 1.08	 127.33 
6300	 127.76 	1 	127.43 	0.33 	0 	-3	 1.01	 127.63 
6400	 127.76 	1 	127.60 	0.16 	0 	-3	 0.91	 127.72 
6500	 124.56 	1 	126.08 	1.52 	0 	-3	 1.14	 125.51 
6600	 129.90 	1 	127.99 	1.91 	0 	-3	 1.56	 128.58 
6700	 94.75 	1 	111.37 	16.62 	0 	-3	 4.92	 104.90 
6800	 128.83 	1 	120.10 	8.73 	0 	-3	 7.83	 121.65 
6900	 112.64 	1 	116.37 	3.73 	0 	-3	 8.67	 115.34 
7000	 129.37 	1 	122.87 	6.50 	0 	-3	 9.47	 125.16 
7100	 131.50 	1 	127.18 	4.32 	0 	-3	 8.74	 129.60 
7200	 130.79 	1 	128.99 	1.80 	0 	-3	 7.94	 130.43 
7300	 131.23 	1 	130.11 	1.12 	0 	-3	 7.19	 130.99 
7400	 132.04 	1 	131.07 	0.97 	0 	-3	 6.55	 131.73 
7500	 133.01 	1 	132.04 	0.97 	0 	-3	 5.99	 132.62 
7600	 133.64 	1 	132.84 	0.80 	0 	-3	 5.46	 133.34 
7700	 133.28 	1 	133.06 	0.22 	0 	-3	 4.95	 133.30 
7800	 132.84 	1 	132.95 	0.11 	0 	-3	 4.50	 132.98 
7900	 168.61 	1 	150.78 	17.83 	0 	-3	 7.62	 157.92 
8000	 128.57 	1 	139.68 	11.11 	0 	-3	 10.86	 137.38 
8100	 130.34 	1 	135.01 	4.67 	0 	-3	 9.96	 132.45 
8200	 126.16 	1 	130.58 	4.42 	0 	-3	 9.38	 128.05 
8300	 126.16 	1 	128.37 	2.21 	0 	-3	 8.44	 126.73 
8400	 126.87 	1 	127.62 	0.75 	0 	-3	 7.67	 126.83 
8500	 123.76 	1 	125.69 	1.93 	0 	-3	 7.21	 124.68 
8600	 124.29 	1 	124.99 	0.70 	0 	-3	 6.54	 124.41 
8700	 121.18 	1 	123.09 	1.91 	0 	-3	 6.20	 122.15 
8800	 124.65 	1 	123.87 	0.78 	0 	-3	 5.93	 123.90 
8900	 124.83 	1 	124.35 	0.48 	0 	-3	 5.35	 124.55 
9000	 128.39 	1 	126.37 	2.02 	0 	-3	 5.17	 127.24 
9100	 131.50 	1 	128.93 	2.57 	0 	-3	 4.97	 130.22 
9200	 130.88 	1 	129.91 	0.97 	0 	-3	 4.53	 130.68 
9300	 131.41 	1 	130.66 	0.75 	0 	-3	 4.13	 131.19 
9400	 132.57 	1 	131.61 	0.96 	0 	-3	 3.83	 132.16 
9500	 128.83 	1 	130.22 	1.39 	0 	-3	 3.83	 129.83 
9600	 127.14 	1 	128.68 	1.54 	0 	-3	 3.61	 127.95 
9700	 123.67 	1 	126.18 	2.51 	0 	-3	 3.60	 124.95 
9800	 122.16 	1 	124.17 	2.01 	0 	-3	 3.39	 123.00 
9900	 120.02 	1 	122.09 	2.07 	0 	-3	 3.26	 120.91 
10000	 117.62 	1 	119.86 	2.24 	0 	-3	 3.18	 118.61 
10100	 116.37 	1 	118.11 	1.74 	0 	-3	 2.98	 117.04 
10200	 113.70 	1 	115.91 	2.21 	0 	-3	 2.95	 114.70 
10300	 114.33 	1 	115.12 	0.79 	0 	-3	 2.72	 114.44 
10400	 116.37 	1 	115.74 	0.63 	0 	-3	 2.65	 115.79 
10500	 115.66 	1 	115.70 	0.04 	0 	-3	 2.46	 115.70 
10600	 116.46 	1 	116.08 	0.38 	0 	-3	 2.29	 116.23 
10700	 119.49 	1 	117.79 	1.70 	0 	-3	 2.37	 118.51 
10800	 100.18 	1 	108.98 	8.80 	0 	-3	 4.06	 105.68 
10900	 122.16 	1 	115.57 	6.59 	0 	-3	 5.85	 117.22 
11000	 121.36 	1 	118.47 	2.89 	0 	-3	 5.35	 120.12 
11100	 121.54 	1 	120.00 	1.54 	0 	-3	 4.83	 121.11 
11200	 120.82 	1 	120.41 	0.41 	0 	-3	 4.42	 120.91 
11300	 120.11 	1 	120.26 	0.15 	0 	-3	 4.05	 120.35 
11400	 120.73 	1 	120.50 	0.23 	0 	-3	 3.71	 120.62 
11500	 118.33 	1 	119.41 	1.08 	0 	-3	 3.58	 119.02 
11600	 114.77 	1 	117.09 	2.32 	0 	-3	 3.57	 116.04 
11700	 112.37 	1 	114.73 	2.36 	0 	-3	 3.46	 113.47 
11800	 113.35 	1 	114.04 	0.69 	0 	-3	 3.21	 113.39 
11900	 123.14 	1 	118.59 	4.55 	0 	-3	 3.87	 120.21 
12000	 109.79 	1 	114.19 	4.40 	0 	-3	 4.82	 112.92 
12100	 111.21 	1 	112.70 	1.49 	0 	-3	 4.48	 111.72 
12200	 111.48 	1 	112.09 	0.61 	0 	-3	 4.06	 111.55 
12300	 110.06 	1 	111.08 	1.02 	0 	-3	 3.79	 110.51 
12400	 109.97 	1 	110.52 	0.55 	0 	-3	 3.42	 110.13 
12500	 112.46 	1 	111.49 	0.97 	0 	-3	 3.33	 111.76 
12600	 112.28 	1 	111.89 	0.39 	0 	-3	 3.01	 112.12 
12700	 112.64 	1 	112.26 	0.38 	0 	-3	 2.75	 112.49 
12800	 113.53 	1 	112.90 	0.63 	0 	-3	 2.56	 113.22 
12900	 116.64 	1 	114.77 	1.87 	0 	-3	 2.62	 115.61 
13000	 116.11 	1 	115.44 	0.67 	0 	-3	 2.41	 115.96 
13100	 117.09 	1 	116.26 	0.83 	0 	-3	 2.27	 116.75 
13200	 118.24 	1 	117.25 	0.99 	0 	-3	 2.15	 117.79 
13300	 117.98 	1 	117.62 	0.36 	0 	-3	 1.96	 117.92 
13400	 117.00 	1 	117.31 	0.31 	0 	-3	 1.87	 117.28 
13500	 114.06 	1 	115.68 	1.62 	0 	-3	 1.97	 115.03 
13600	 112.55 	1 	114.12 	1.57 	0 	-3	 1.93	 113.29 
13700	 113.08 	1 	113.60 	0.52 	0 	-3	 1.79	 113.14 
13800	 129.01 	1 	121.30 	7.71 	0 	-3	 3.20	 124.25 
13900	 113.44 	1 	117.37 	3.93 	0 	-3	 4.44	 116.68 
14000	 112.37 	1 	114.87 	2.50 	0 	-3	 4.10	 113.66 
14100	 115.13 	1 	115.00 	0.13 	0 	-3	 3.97	 114.69 
14200	 118.33 	1 	116.67 	1.66 	0 	-3	 3.89	 117.24 
14300	 118.95 	1 	117.81 	1.14 	0 	-3	 3.56	 118.44 
14400	 122.07 	1 	119.94 	2.13 	0 	-3	 3.52	 120.98 
14500	 125.72 	1 	122.83 	2.89 	0 	-3	 3.53	 124.30 
14600	 127.32 	1 	125.07 	2.25 	0 	-3	 3.34	 126.41 
14700	 127.76 	1 	126.42 	1.34 	0 	-3	 3.05	 127.36 
14800	 128.48 	1 	127.45 	1.03 	0 	-3	 2.82	 128.14 
14900	 128.03 	1 	127.74 	0.29 	0 	-3	 2.58	 128.06 
15000	 127.85 	1 	127.79 	0.06 	0 	-3	 2.34	 127.91 
15100	 123.76 	1 	125.78 	2.02 	0 	-3	 2.51	 125.01 
