#Time(ms)	 Value 	 Validity 	 avgValue 	 Diff 	 Outliers 	 invalidReason	 SD 
200	 -1.00 	0 	0.00 	1.00 	1 	0	 0.00	 0.00 
300	 256.17 	0 	128.09 	128.09 	1 	128.09	 25.72	 179.32 
400	 195.39 	1 	161.74 	33.65 	1 	-3	 29.22	 190.57 
500	 253.95 	1 	207.84 	46.11 	0 	-3	 32.16	 234.94 
600	 194.33 	1 	201.09 	6.76 	0 	-3	 34.90	 206.51 
700	 189.25 	1 	195.17 	5.92 	0 	-3	 31.92	 194.43 
800	 189.88 	1 	192.52 	2.64 	0 	-3	 28.79	 191.24 
900	 191.48 	1 	192.00 	0.52 	0 	-3	 26.07	 191.41 
1000	 190.14 	1 	191.07 	0.93 	0 	-3	 23.60	 190.52 
1100	 192.37 	1 	191.72 	0.65 	0 	-3	 21.46	 191.82 
1200	 118.60 	1 	155.16 	36.56 	0 	-3	 26.69	 140.56 
1300	 118.60 	1 	155.16 	36.56 	1 	-3	 26.69	 140.56 
1400	 252.88 	1 	204.02 	48.86 	1 	-3	 37.45	 219.19 
1500	 193.44 	1 	198.73 	5.29 	0 	-3	 39.65	 201.16 
1600	 194.06 	1 	196.40 	2.34 	0 	-3	 35.75	 196.19 
1700	 194.06 	1 	196.40 	2.34 	1 	-3	 35.75	 196.19 
1800	 111.92 	0 	154.16 	42.24 	1 	42.24	 40.39	 137.20 
1900	 112.73 	1 	133.44 	20.71 	0 	-3	 36.43	 120.07 
2000	 112.73 	1 	133.44 	20.71 	1 	-3	 36.43	 120.07 
2100	 255.28 	1 	194.36 	60.92 	1 	-3	 47.04	 214.72 
2200	 254.39 	1 	224.38 	30.01 	0 	-3	 42.43	 242.49 
2300	 254.39 	1 	224.38 	30.01 	1 	-3	 42.43	 242.49 
2400	 256.71 	1 	240.54 	16.17 	0 	-3	 38.42	 252.44 
2500	 256.71 	1 	240.54 	16.17 	1 	-3	 38.42	 252.44 
2600	 117.98 	0 	179.26 	61.28 	1 	61.28	 48.45	 158.32 
2700	 117.00 	1 	148.13 	31.13 	0 	-3	 43.70	 129.40 
2800	 117.00 	1 	148.13 	31.13 	1 	-3	 43.70	 129.40 
2900	 112.90 	1 	130.52 	17.62 	0 	-3	 39.74	 117.85 
3000	 112.90 	1 	130.52 	17.62 	1 	-3	 39.74	 117.85 
3100	 110.41 	1 	120.46 	10.05 	0 	-3	 36.02	 112.64 
3200	 119.40 	1 	119.93 	0.53 	0 	-3	 33.31	 117.37 
3300	 119.40 	1 	119.93 	0.53 	1 	-3	 33.31	 117.37 
3400	 120.11 	1 	120.02 	0.09 	0 	-3	 30.05	 119.29 
3500	 134.97 	1 	127.50 	7.47 	0 	-3	 28.53	 130.27 
3600	 134.97 	1 	127.50 	7.47 	1 	-3	 28.53	 130.27 
3700	 255.82 	1 	191.66 	64.16 	1 	-3	 37.76	 218.15 
3800	 256.44 	1 	224.05 	32.39 	0 	-3	 34.05	 244.95 
3900	 256.44 	1 	224.05 	32.39 	1 	-3	 34.05	 244.95 
4000	 257.06 	1 	240.55 	16.51 	0 	-3	 30.71	 253.43 
4100	 256.53 	1 	248.54 	7.99 	0 	-3	 27.69	 255.60 
4200	 256.53 	1 	248.54 	7.99 	1 	-3	 27.69	 255.60 
4300	 112.81 	0 	180.68 	67.87 	1 	67.87	 39.29	 155.65 
4400	 135.51 	1 	158.09 	22.58 	0 	-3	 37.63	 141.55 
4500	 135.51 	1 	158.09 	22.58 	1 	-3	 37.63	 141.55 
4600	 118.42 	1 	138.26 	19.84 	0 	-3	 35.58	 125.36 
4700	 125.27 	1 	131.76 	6.49 	0 	-3	 32.71	 125.30 
4800	 121.54 	1 	126.65 	5.11 	0 	-3	 29.81	 122.67 
4900	 115.84 	1 	121.25 	5.41 	0 	-3	 27.40	 117.89 
5000	 112.55 	1 	116.90 	4.35 	0 	-3	 24.99	 114.15 
5100	 113.53 	1 	115.21 	1.68 	0 	-3	 22.59	 113.72 
5200	 112.73 	1 	113.97 	1.24 	0 	-3	 20.41	 113.03 
5300	 113.79 	1 	113.88 	0.09 	0 	-3	 18.47	 113.56 
5400	 112.46 	1 	113.17 	0.71 	0 	-3	 16.76	 112.79 
5500	 111.30 	1 	112.24 	0.94 	0 	-3	 15.20	 111.75 
5600	 152.41 	1 	132.32 	20.09 	0 	-3	 17.79	 140.21 
5700	 127.32 	1 	129.82 	2.50 	0 	-3	 18.52	 131.19 
5800	 126.61 	1 	128.22 	1.61 	0 	-3	 16.74	 127.98 
5900	 109.97 	1 	119.09 	9.12 	0 	-3	 16.73	 115.37 
6000	 124.47 	1 	121.78 	2.69 	0 	-3	 16.51	 121.74 
6100	 124.47 	1 	121.78 	2.69 	1 	-3	 16.51	 121.74 
6200	 207.85 	1 	164.82 	43.03 	1 	-3	 23.19	 182.02 
6300	 110.41 	1 	137.61 	27.20 	1 	-3	 30.62	 131.89 
6400	 151.88 	1 	144.75 	7.13 	0 	-3	 31.70	 145.88 
6500	 117.80 	1 	131.27 	13.47 	0 	-3	 31.94	 126.23 
6600	 107.03 	1 	119.15 	12.12 	0 	-3	 29.82	 112.79 
6700	 102.85 	1 	111.00 	8.15 	0 	-3	 27.26	 105.83 
6800	 103.56 	1 	107.28 	3.72 	0 	-3	 24.60	 104.24 
6900	 106.59 	1 	106.94 	0.35 	0 	-3	 22.45	 105.89 
7000	 106.94 	1 	106.94 	0.00 	0 	-3	 20.24	 106.62 
7100	 106.94 	1 	106.94 	0.00 	1 	-3	 20.24	 106.62 
7200	 109.34 	1 	108.14 	1.20 	0 	-3	 18.45	 108.53 
7300	 102.85 	1 	105.49 	2.64 	0 	-3	 17.26	 104.55 
7400	 142.80 	1 	124.15 	18.65 	0 	-3	 19.53	 131.33 
7500	 102.94 	1 	113.54 	10.60 	0 	-3	 21.56	 111.46 
7600	 102.22 	1 	107.88 	5.66 	0 	-3	 19.48	 104.99 
7700	 109.70 	1 	108.79 	0.91 	0 	-3	 18.28	 108.29 
7800	 109.70 	1 	108.79 	0.91 	1 	-3	 18.28	 108.29 
7900	 109.08 	1 	108.94 	0.14 	0 	-3	 16.51	 108.84 
8000	 114.15 	1 	111.54 	2.61 	0 	-3	 15.37	 112.56 
8100	 128.21 	1 	119.88 	8.33 	0 	-3	 15.24	 123.51 
8200	 106.85 	1 	113.36 	6.51 	0 	-3	 15.85	 111.85 
8300	 106.85 	1 	113.36 	6.51 	1 	-3	 15.85	 111.85 
8400	 135.06 	1 	124.21 	10.85 	0 	-3	 17.08	 128.10 
8500	 129.99 	1 	127.10 	2.89 	0 	-3	 15.88	 129.42 
8600	 109.52 	1 	118.31 	8.79 	0 	-3	 16.34	 115.49 
8700	 150.10 	1 	134.21 	15.89 	0 	-3	 18.77	 139.72 
8800	 107.83 	1 	121.02 	13.19 	0 	-3	 21.12	 117.40 
8900	 106.85 	1 	113.93 	7.08 	0 	-3	 19.10	 110.01 
9000	 106.85 	1 	113.93 	7.08 	1 	-3	 19.10	 110.01 
9100	 106.41 	1 	110.17 	3.76 	0 	-3	 17.24	 107.49 
9200	 107.03 	1 	108.60 	1.57 	0 	-3	 15.57	 107.17 
9300	 101.78 	1 	105.19 	3.41 	0 	-3	 14.54	 103.40 
9400	 101.78 	1 	105.19 	3.41 	1 	-3	 14.54	 103.40 
9500	 110.23 	1 	107.71 	2.52 	0 	-3	 13.93	 108.18 
9600	 115.04 	1 	111.38 	3.66 	0 	-3	 13.02	 112.98 
9700	 113.97 	1 	112.67 	1.30 	0 	-3	 11.83	 113.67 
9800	 110.95 	1 	111.81 	0.86 	0 	-3	 10.94	 111.77 
9900	 115.04 	1 	113.43 	1.61 	0 	-3	 10.26	 114.06 
10000	 119.13 	1 	116.28 	2.85 	0 	-3	 9.64	 117.61 
10100	 120.38 	1 	118.33 	2.05 	0 	-3	 8.80	 119.55 
10200	 116.55 	1 	117.44 	0.89 	0 	-3	 8.31	 117.45 
10300	 119.22 	1 	118.33 	0.89 	0 	-3	 7.74	 118.69 
10400	 121.98 	1 	120.15 	1.83 	0 	-3	 7.24	 120.99 
10500	 120.38 	1 	120.27 	0.11 	0 	-3	 6.68	 120.56 
10600	 141.91 	1 	131.09 	10.82 	0 	-3	 8.16	 135.51 
10700	 182.76 	1 	156.92 	25.84 	0 	-3	 11.43	 168.58 
10800	 182.76 	1 	156.92 	25.84 	1 	-3	 11.43	 168.58 
10900	 112.10 	1 	134.51 	22.41 	1 	-3	 17.36	 129.05 
11000	 115.84 	1 	125.18 	9.34 	0 	-3	 15.99	 119.80 
11100	 118.15 	1 	121.66 	3.51 	0 	-3	 14.63	 118.65 
11200	 113.35 	1 	117.51 	4.16 	0 	-3	 13.64	 114.94 
11300	 114.06 	1 	115.78 	1.72 	0 	-3	 12.35	 114.32 
11400	 117.35 	1 	116.57 	0.78 	0 	-3	 11.44	 116.44 
11500	 115.22 	1 	115.89 	0.67 	0 	-3	 10.51	 115.59 
11600	 117.62 	1 	116.76 	0.86 	0 	-3	 9.70	 117.01 
11700	 121.45 	1 	119.10 	2.35 	0 	-3	 9.11	 120.12 
11800	 119.31 	1 	119.21 	0.10 	0 	-3	 8.42	 119.55 
11900	 123.76 	1 	121.48 	2.28 	0 	-3	 8.02	 122.50 
12000	 124.03 	1 	122.76 	1.27 	0 	-3	 7.25	 123.57 
12100	 130.43 	1 	126.59 	3.84 	0 	-3	 7.16	 128.37 
12200	 124.12 	1 	125.36 	1.24 	0 	-3	 7.08	 125.40 
12300	 126.96 	1 	126.16 	0.80 	0 	-3	 6.65	 126.49 
12400	 121.89 	1 	124.02 	2.13 	0 	-3	 6.49	 123.27 
12500	 123.31 	1 	123.67 	0.36 	0 	-3	 5.99	 123.30 
12600	 125.54 	1 	124.60 	0.94 	0 	-3	 5.61	 124.87 
12700	 118.33 	1 	121.47 	3.14 	0 	-3	 5.77	 120.29 
12800	 127.14 	1 	124.30 	2.84 	0 	-3	 6.07	 125.09 
12900	 119.76 	1 	122.03 	2.27 	0 	-3	 6.21	 121.36 
13000	 119.13 	1 	120.58 	1.45 	0 	-3	 5.65	 119.80 
13100	 122.42 	1 	121.50 	0.92 	0 	-3	 5.41	 121.63 
13200	 114.33 	1 	117.92 	3.59 	0 	-3	 5.68	 116.52 
13300	 121.80 	1 	119.86 	1.94 	0 	-3	 5.86	 120.22 
13400	 117.71 	1 	118.78 	1.07 	0 	-3	 5.68	 118.46 
13500	 121.98 	1 	120.38 	1.60 	0 	-3	 5.54	 120.92 
13600	 122.60 	1 	121.49 	1.11 	0 	-3	 5.05	 122.10 
13700	 121.36 	1 	121.43 	0.07 	0 	-3	 4.67	 121.58 
13800	 123.49 	1 	122.46 	1.03 	0 	-3	 4.41	 122.92 
13900	 122.69 	1 	122.57 	0.12 	0 	-3	 4.05	 122.76 
14000	 120.38 	1 	121.48 	1.10 	0 	-3	 3.88	 121.09 
14100	 118.06 	1 	119.77 	1.71 	0 	-3	 3.72	 118.97 
14200	 129.37 	1 	124.57 	4.80 	0 	-3	 4.48	 126.25 
14300	 118.69 	1 	121.63 	2.94 	0 	-3	 5.10	 120.96 
14400	 122.07 	1 	121.85 	0.22 	0 	-3	 4.93	 121.74 
14500	 114.59 	1 	118.22 	3.63 	0 	-3	 5.18	 116.73 
14600	 115.22 	1 	116.72 	1.50 	0 	-3	 4.73	 115.67 
14700	 117.80 	1 	117.26 	0.54 	0 	-3	 4.51	 117.16 
14800	 121.62 	1 	119.44 	2.18 	0 	-3	 4.44	 120.28 
14900	 108.28 	1 	113.86 	5.58 	0 	-3	 5.33	 111.88 
15000	 108.28 	1 	113.86 	5.58 	1 	-3	 5.33	 111.88 
15100	 112.46 	1 	113.16 	0.70 	0 	-3	 5.22	 112.29 
