#Time(ms)	 Value 	 Validity 	 avgValue 	 Diff 	 Outliers 	 invalidReason	 SD 
200	 -1.00 	0 	0.00 	1.00 	1 	0	 0.00	 0.00 
300	 101.60 	0 	50.80 	50.80 	1 	50.80	 10.26	 71.12 
400	 104.18 	1 	77.49 	26.69 	0 	-3	 9.49	 94.26 
500	 84.87 	1 	81.18 	3.69 	0 	-3	 10.47	 87.69 
600	 86.21 	1 	83.69 	2.52 	0 	-3	 9.56	 86.65 
700	 85.67 	1 	84.68 	0.99 	0 	-3	 8.66	 85.96 
800	 87.99 	1 	86.34 	1.65 	0 	-3	 8.02	 87.38 
900	 102.22 	1 	94.28 	7.94 	0 	-3	 8.65	 97.77 
1000	 87.99 	1 	91.13 	3.14 	0 	-3	 9.20	 90.92 
1100	 83.98 	1 	87.56 	3.58 	0 	-3	 8.68	 86.06 
1200	 85.67 	1 	86.61 	0.94 	0 	-3	 7.98	 85.79 
1300	 83.98 	1 	85.30 	1.32 	0 	-3	 7.36	 84.52 
1400	 84.52 	1 	84.91 	0.39 	0 	-3	 6.67	 84.52 
1500	 83.89 	1 	84.40 	0.51 	0 	-3	 6.07	 84.08 
1600	 84.07 	1 	84.23 	0.16 	0 	-3	 5.48	 84.07 
1700	 85.76 	1 	85.00 	0.76 	0 	-3	 5.10	 85.25 
1800	 85.94 	1 	85.47 	0.47 	0 	-3	 4.61	 85.73 
1900	 83.89 	1 	84.68 	0.79 	0 	-3	 4.35	 84.44 
2000	 83.89 	1 	84.28 	0.39 	0 	-3	 3.92	 84.06 
2100	 83.98 	1 	84.13 	0.15 	0 	-3	 3.54	 84.00 
2200	 102.22 	1 	93.18 	9.04 	0 	-3	 5.01	 96.75 
2300	 83.98 	1 	88.58 	4.60 	0 	-3	 6.33	 87.81 
2400	 83.89 	1 	86.23 	2.34 	0 	-3	 5.71	 85.07 
2500	 84.52 	1 	85.38 	0.86 	0 	-3	 5.20	 84.68 
2600	 84.52 	1 	84.95 	0.43 	0 	-3	 4.68	 84.57 
2700	 84.52 	1 	84.73 	0.21 	0 	-3	 4.21	 84.53 
2800	 84.43 	1 	84.58 	0.15 	0 	-3	 3.80	 84.46 
2900	 102.22 	1 	93.40 	8.82 	0 	-3	 5.20	 96.89 
3000	 82.91 	1 	88.16 	5.25 	0 	-3	 6.61	 87.10 
3100	 101.60 	1 	94.88 	6.72 	0 	-3	 7.82	 97.25 
3200	 83.98 	1 	89.43 	5.45 	0 	-3	 8.80	 87.96 
3300	 86.12 	1 	87.77 	1.65 	0 	-3	 8.13	 86.67 
3400	 84.96 	1 	86.37 	1.41 	0 	-3	 7.43	 85.47 
3500	 103.65 	1 	95.01 	8.64 	0 	-3	 8.56	 98.20 
3600	 102.85 	1 	98.93 	3.92 	0 	-3	 7.78	 101.45 
3700	 102.76 	1 	100.84 	1.92 	0 	-3	 7.01	 102.37 
3800	 84.52 	1 	92.68 	8.16 	0 	-3	 8.14	 89.87 
3900	 82.83 	1 	87.76 	4.93 	0 	-3	 7.49	 84.94 
4000	 84.52 	1 	86.14 	1.62 	0 	-3	 6.91	 84.65 
4100	 84.69 	1 	85.41 	0.72 	0 	-3	 6.24	 84.68 
4200	 86.38 	1 	85.90 	0.48 	0 	-3	 5.78	 85.87 
4300	 83.98 	1 	84.94 	0.96 	0 	-3	 5.44	 84.55 
4400	 83.89 	1 	84.41 	0.52 	0 	-3	 4.91	 84.09 
4500	 85.23 	1 	84.82 	0.41 	0 	-3	 4.55	 84.89 
4600	 85.94 	1 	85.38 	0.56 	0 	-3	 4.17	 85.62 
4700	 84.61 	1 	85.00 	0.39 	0 	-3	 3.88	 84.91 
4800	 84.61 	1 	84.80 	0.19 	0 	-3	 3.50	 84.70 
4900	 84.87 	1 	84.84 	0.03 	0 	-3	 3.17	 84.82 
5000	 86.03 	1 	85.43 	0.60 	0 	-3	 2.97	 85.67 
5100	 101.51 	1 	93.47 	8.04 	0 	-3	 4.22	 96.76 
5200	 85.23 	1 	89.35 	4.12 	0 	-3	 5.43	 88.69 
5300	 83.54 	1 	86.45 	2.91 	0 	-3	 5.05	 85.08 
5400	 102.76 	1 	94.60 	8.16 	0 	-3	 6.47	 97.46 
5500	 83.54 	1 	89.07 	5.53 	0 	-3	 7.75	 87.72 
5600	 102.58 	1 	95.83 	6.75 	0 	-3	 8.87	 98.12 
5700	 101.51 	1 	98.67 	2.84 	0 	-3	 8.09	 100.49 
5800	 101.60 	1 	100.13 	1.47 	0 	-3	 7.29	 101.27 
5900	 102.14 	1 	101.14 	1.00 	0 	-3	 6.62	 101.88 
6000	 101.51 	1 	101.32 	0.19 	0 	-3	 6.02	 101.62 
6100	 85.14 	1 	93.23 	8.09 	0 	-3	 7.05	 90.08 
6200	 102.05 	1 	97.64 	4.41 	0 	-3	 8.04	 98.46 
6300	 102.76 	1 	100.20 	2.56 	0 	-3	 7.31	 101.47 
6400	 82.83 	1 	91.52 	8.69 	0 	-3	 8.57	 88.42 
6500	 102.14 	1 	96.83 	5.31 	0 	-3	 9.64	 98.02 
6600	 85.67 	1 	91.25 	5.58 	0 	-3	 10.33	 89.38 
6700	 102.76 	1 	97.00 	5.76 	0 	-3	 11.00	 98.74 
6800	 102.14 	1 	99.57 	2.57 	0 	-3	 9.96	 101.12 
6900	 102.14 	1 	100.86 	1.28 	0 	-3	 8.97	 101.83 
7000	 102.40 	1 	101.63 	0.77 	0 	-3	 8.10	 102.23 
7100	 102.76 	1 	102.19 	0.57 	0 	-3	 7.32	 102.60 
7200	 82.83 	1 	92.51 	9.68 	0 	-3	 8.58	 88.76 
7300	 102.49 	1 	97.50 	4.99 	0 	-3	 9.69	 98.37 
7400	 102.76 	1 	100.13 	2.63 	0 	-3	 8.75	 101.44 
7500	 102.22 	1 	101.18 	1.04 	0 	-3	 7.93	 101.99 
7600	 102.40 	1 	101.79 	0.61 	0 	-3	 7.15	 102.28 
7700	 102.05 	1 	101.92 	0.13 	0 	-3	 6.47	 102.12 
7800	 102.76 	1 	102.34 	0.42 	0 	-3	 5.90	 102.57 
7900	 102.85 	1 	102.59 	0.26 	0 	-3	 5.32	 102.77 
8000	 101.51 	1 	102.05 	0.54 	0 	-3	 4.92	 101.89 
8100	 102.14 	1 	102.10 	0.04 	0 	-3	 4.49	 102.06 
8200	 104.63 	1 	103.36 	1.27 	0 	-3	 4.29	 103.86 
8300	 104.63 	1 	104.00 	0.63 	0 	-3	 3.86	 104.40 
8400	 83.54 	1 	93.77 	10.23 	0 	-3	 5.58	 89.80 
8500	 103.29 	1 	98.53 	4.76 	0 	-3	 7.00	 99.24 
8600	 102.76 	1 	100.64 	2.12 	0 	-3	 6.35	 101.70 
8700	 103.29 	1 	101.97 	1.32 	0 	-3	 5.77	 102.81 
8800	 102.58 	1 	102.27 	0.31 	0 	-3	 5.26	 102.65 
8900	 83.36 	1 	92.82 	9.46 	0 	-3	 6.66	 89.15 
9000	 102.05 	1 	97.43 	4.62 	0 	-3	 7.86	 98.18 
9100	 102.67 	1 	100.05 	2.62 	0 	-3	 7.14	 101.32 
9200	 103.03 	1 	101.54 	1.49 	0 	-3	 6.46	 102.52 
9300	 85.67 	1 	93.61 	7.94 	0 	-3	 7.55	 90.72 
9400	 102.58 	1 	98.09 	4.49 	0 	-3	 8.49	 99.02 
9500	 85.41 	1 	91.75 	6.34 	0 	-3	 9.36	 89.49 
9600	 102.49 	1 	97.12 	5.37 	0 	-3	 10.13	 98.59 
9700	 84.07 	1 	90.60 	6.53 	0 	-3	 10.96	 88.43 
9800	 85.05 	1 	87.82 	2.77 	0 	-3	 9.96	 86.06 
9900	 102.49 	1 	95.16 	7.33 	0 	-3	 10.71	 97.56 
10000	 102.14 	1 	98.65 	3.49 	0 	-3	 9.67	 100.77 
10100	 102.85 	1 	100.75 	2.10 	0 	-3	 8.78	 102.22 
10200	 103.29 	1 	102.02 	1.27 	0 	-3	 7.94	 102.97 
10300	 101.96 	1 	101.99 	0.03 	0 	-3	 7.28	 102.26 
10400	 83.45 	1 	92.72 	9.27 	0 	-3	 8.40	 89.09 
10500	 101.60 	1 	97.16 	4.44 	0 	-3	 9.38	 97.85 
10600	 102.05 	1 	99.60 	2.45 	0 	-3	 8.49	 100.79 
10700	 85.14 	1 	92.37 	7.23 	0 	-3	 9.33	 89.83 
10800	 102.05 	1 	97.21 	4.84 	0 	-3	 10.09	 98.39 
10900	 85.05 	1 	91.13 	6.08 	0 	-3	 10.78	 89.05 
11000	 102.14 	1 	96.64 	5.50 	0 	-3	 11.41	 98.21 
11100	 102.85 	1 	99.74 	3.11 	0 	-3	 10.34	 101.46 
11200	 102.14 	1 	100.94 	1.20 	0 	-3	 9.38	 101.94 
11300	 102.22 	1 	101.58 	0.64 	0 	-3	 8.45	 102.13 
11400	 102.05 	1 	101.82 	0.23 	0 	-3	 7.62	 102.08 
11500	 102.05 	1 	101.93 	0.12 	0 	-3	 6.86	 102.06 
11600	 103.65 	1 	102.79 	0.86 	0 	-3	 6.33	 103.17 
11700	 102.14 	1 	102.47 	0.33 	0 	-3	 5.85	 102.45 
11800	 102.49 	1 	102.48 	0.01 	0 	-3	 5.30	 102.48 
11900	 102.76 	1 	102.62 	0.14 	0 	-3	 4.80	 102.68 
12000	 102.76 	1 	102.69 	0.07 	0 	-3	 4.32	 102.73 
12100	 102.85 	1 	102.77 	0.08 	0 	-3	 3.89	 102.82 
12200	 83.36 	1 	93.06 	9.70 	0 	-3	 5.45	 89.20 
12300	 102.85 	1 	97.96 	4.89 	0 	-3	 6.86	 98.75 
12400	 83.98 	1 	90.97 	6.99 	0 	-3	 8.06	 88.41 
12500	 102.14 	1 	96.55 	5.59 	0 	-3	 9.07	 98.02 
12600	 102.05 	1 	99.30 	2.75 	0 	-3	 8.17	 100.84 
12700	 83.45 	1 	91.38 	7.93 	0 	-3	 9.21	 88.67 
12800	 83.36 	1 	87.37 	4.01 	0 	-3	 8.30	 84.95 
12900	 85.23 	1 	86.30 	1.07 	0 	-3	 7.66	 85.15 
13000	 102.76 	1 	94.53 	8.23 	0 	-3	 8.65	 97.48 
13100	 103.56 	1 	99.04 	4.52 	0 	-3	 7.86	 101.73 
13200	 83.54 	1 	91.29 	7.75 	0 	-3	 9.08	 89.00 
13300	 83.54 	1 	87.42 	3.88 	0 	-3	 8.17	 85.18 
13400	 84.61 	1 	86.01 	1.40 	0 	-3	 7.46	 84.78 
13500	 82.83 	1 	84.42 	1.59 	0 	-3	 6.89	 83.42 
13600	 102.76 	1 	93.59 	9.17 	0 	-3	 8.20	 96.96 
13700	 102.49 	1 	98.04 	4.45 	0 	-3	 7.40	 100.83 
13800	 103.29 	1 	100.67 	2.62 	0 	-3	 6.74	 102.55 
13900	 85.14 	1 	92.90 	7.76 	0 	-3	 7.88	 90.36 
14000	 102.05 	1 	97.48 	4.57 	0 	-3	 8.79	 98.54 
14100	 102.85 	1 	100.16 	2.69 	0 	-3	 7.99	 101.56 
14200	 85.23 	1 	92.70 	7.47 	0 	-3	 8.95	 90.13 
14300	 102.05 	1 	97.37 	4.68 	0 	-3	 9.74	 98.47 
14400	 102.14 	1 	99.76 	2.38 	0 	-3	 8.77	 101.04 
14500	 102.14 	1 	100.95 	1.19 	0 	-3	 7.90	 101.81 
14600	 102.14 	1 	101.54 	0.60 	0 	-3	 7.11	 102.04 
14700	 82.83 	1 	92.19 	9.36 	0 	-3	 8.33	 88.59 
14800	 101.42 	1 	96.80 	4.62 	0 	-3	 9.35	 97.57 
14900	 102.40 	1 	99.60 	2.80 	0 	-3	 8.52	 100.95 
15000	 102.85 	1 	101.23 	1.62 	0 	-3	 7.71	 102.28 
15100	 103.56 	1 	102.39 	1.17 	0 	-3	 7.01	 103.18 
