#Time(ms)	 Value 	 Validity 	 avgValue 	 Diff 	 Outliers 	 invalidReason	 SD 
200	 -1.00 	0 	0.00 	1.00 	1 	0	 0.00	 0.00 
300	 37.26 	0 	18.63 	18.63 	1 	18.63	 3.83	 26.08 
400	 36.82 	1 	27.73 	9.09 	0 	-3	 3.49	 33.60 
500	 36.82 	1 	27.73 	9.09 	1 	-3	 3.49	 33.60 
600	 36.11 	1 	31.92 	4.19 	0 	-3	 3.21	 35.36 
700	 37.26 	1 	34.59 	2.67 	0 	-3	 3.00	 36.69 
800	 37.26 	1 	34.59 	2.67 	1 	-3	 3.00	 36.69 
900	 4.07 	0 	19.33 	15.26 	1 	15.26	 6.02	 13.86 
1000	 4.07 	0 	11.70 	7.63 	0 	7.63	 5.42	 7.01 
1100	 4.07 	0 	11.70 	7.63 	1 	7.63	 5.42	 7.01 
1200	 36.11 	0 	23.90 	12.21 	1 	12.21	 8.08	 27.38 
1300	 36.11 	1 	30.01 	6.10 	0 	-3	 7.27	 33.49 
1400	 36.11 	1 	33.06 	3.05 	0 	-3	 6.55	 35.32 
1500	 37.26 	1 	35.16 	2.10 	0 	-3	 6.01	 36.68 
1600	 37.26 	1 	35.16 	2.10 	1 	-3	 6.01	 36.68 
1700	 5.23 	0 	20.19 	14.96 	1 	14.96	 8.61	 14.66 
1800	 36.73 	1 	28.46 	8.27 	1 	-3	 10.90	 30.11 
1900	 36.20 	1 	32.33 	3.87 	0 	-3	 9.86	 34.37 
2000	 36.11 	1 	34.22 	1.89 	0 	-3	 8.88	 35.59 
2100	 36.20 	1 	35.21 	0.99 	0 	-3	 8.00	 36.02 
2200	 36.20 	1 	35.21 	0.99 	1 	-3	 8.00	 36.02 
2300	 36.11 	1 	35.66 	0.45 	0 	-3	 7.21	 36.08 
2400	 37.17 	1 	36.42 	0.75 	0 	-3	 6.60	 36.84 
2500	 37.26 	1 	36.84 	0.42 	0 	-3	 5.95	 37.14 
2600	 36.20 	1 	36.52 	0.32 	0 	-3	 5.46	 36.48 
2700	 36.11 	1 	36.31 	0.20 	0 	-3	 4.92	 36.22 
2800	 36.11 	1 	36.21 	0.10 	0 	-3	 4.43	 36.14 
2900	 36.11 	1 	36.21 	0.10 	1 	-3	 4.43	 36.14 
3000	 36.11 	1 	36.16 	0.05 	0 	-3	 3.99	 36.12 
3100	 36.20 	1 	36.18 	0.02 	0 	-3	 3.60	 36.18 
3200	 36.11 	1 	36.15 	0.04 	0 	-3	 3.25	 36.13 
3300	 36.02 	1 	36.08 	0.06 	0 	-3	 2.93	 36.05 
3400	 36.02 	1 	36.08 	0.06 	1 	-3	 2.93	 36.05 
3500	 35.57 	1 	35.83 	0.26 	0 	-3	 2.68	 35.71 
3600	 35.57 	1 	35.83 	0.26 	1 	-3	 2.68	 35.71 
3700	 4.07 	0 	19.95 	15.88 	1 	15.88	 5.56	 13.56 
3800	 36.11 	1 	28.03 	8.08 	1 	-3	 8.21	 29.35 
3900	 36.11 	1 	32.07 	4.04 	0 	-3	 7.39	 34.08 
4000	 37.26 	1 	34.66 	2.60 	0 	-3	 6.77	 36.31 
4100	 37.26 	1 	34.66 	2.60 	1 	-3	 6.77	 36.31 
4200	 5.14 	0 	19.90 	14.76 	1 	14.76	 9.30	 14.49 
4300	 37.35 	1 	28.63 	8.72 	1 	-3	 11.59	 30.49 
4400	 37.35 	1 	32.99 	4.36 	0 	-3	 10.43	 35.29 
4500	 37.35 	1 	32.99 	4.36 	1 	-3	 10.43	 35.29 
4600	 35.57 	1 	34.28 	1.29 	0 	-3	 9.57	 35.49 
4700	 35.57 	1 	34.28 	1.29 	1 	-3	 9.57	 35.49 
4800	 4.61 	0 	19.44 	14.83 	1 	14.83	 11.71	 13.87 
4900	 4.61 	0 	12.03 	7.42 	0 	7.42	 10.54	 7.39 
5000	 3.98 	0 	8.00 	4.02 	0 	4.02	 9.55	 5.00 
5100	 3.98 	0 	8.00 	4.02 	1 	4.02	 9.55	 5.00 
5200	 4.07 	0 	6.04 	1.97 	0 	1.97	 8.60	 4.35 
5300	 4.16 	1 	5.10 	0.94 	0 	-3	 7.75	 4.22 
5400	 5.85 	1 	5.47 	0.38 	0 	-3	 7.14	 5.36 
5500	 4.16 	1 	4.82 	0.66 	0 	-3	 6.60	 4.52 
5600	 4.69 	1 	4.75 	0.06 	0 	-3	 5.99	 4.64 
5700	 4.69 	1 	4.75 	0.06 	1 	-3	 5.99	 4.64 
5800	 36.20 	0 	20.48 	15.72 	1 	15.72	 8.54	 26.73 
5900	 36.20 	1 	28.34 	7.86 	0 	-3	 7.69	 33.36 
6000	 36.11 	1 	32.22 	3.89 	0 	-3	 6.93	 35.28 
6100	 36.11 	1 	32.22 	3.89 	1 	-3	 6.93	 35.28 
6200	 35.57 	1 	33.90 	1.67 	0 	-3	 6.29	 35.48 
6300	 35.57 	1 	33.90 	1.67 	1 	-3	 6.29	 35.48 
6400	 35.66 	1 	34.78 	0.88 	0 	-3	 5.67	 35.61 
6500	 35.66 	1 	35.22 	0.44 	0 	-3	 5.10	 35.64 
6600	 35.66 	1 	35.44 	0.22 	0 	-3	 4.59	 35.66 
6700	 35.66 	1 	35.44 	0.22 	1 	-3	 4.59	 35.66 
6800	 36.11 	1 	35.77 	0.34 	0 	-3	 4.18	 35.97 
6900	 36.11 	1 	35.94 	0.17 	0 	-3	 3.76	 36.07 
7000	 36.11 	1 	35.94 	0.17 	1 	-3	 3.76	 36.07 
7100	 4.61 	0 	20.28 	15.67 	1 	15.67	 6.53	 14.05 
7200	 36.11 	1 	28.19 	7.92 	1 	-3	 9.03	 29.49 
7300	 4.52 	0 	16.36 	11.84 	1 	11.84	 11.29	 12.01 
7400	 4.52 	0 	10.44 	5.92 	0 	5.92	 10.16	 6.77 
7500	 4.52 	0 	10.44 	5.92 	1 	5.92	 10.16	 6.77 
7600	 4.69 	0 	7.56 	2.87 	0 	2.87	 9.16	 5.31 
7700	 4.69 	0 	7.56 	2.87 	1 	2.87	 9.16	 5.31 
7800	 4.52 	0 	6.04 	1.52 	0 	1.52	 8.26	 4.76 
7900	 4.52 	1 	5.28 	0.76 	0 	-3	 7.43	 4.59 
8000	 4.52 	1 	5.28 	0.76 	1 	-3	 7.43	 4.59 
8100	 36.11 	0 	20.70 	15.41 	1 	15.41	 9.85	 26.65 
8200	 35.57 	1 	28.13 	7.44 	0 	-3	 8.92	 32.90 
8300	 35.57 	1 	31.85 	3.72 	0 	-3	 8.03	 34.77 
8400	 35.57 	1 	31.85 	3.72 	1 	-3	 8.03	 34.77 
8500	 4.61 	0 	18.23 	13.62 	1 	13.62	 10.32	 13.66 
8600	 3.98 	0 	11.11 	7.13 	0 	7.13	 9.35	 6.88 
8700	 4.61 	0 	7.86 	3.25 	0 	3.25	 8.48	 5.29 
8800	 4.61 	0 	7.86 	3.25 	1 	3.25	 8.48	 5.29 
8900	 35.57 	0 	21.71 	13.86 	1 	13.86	 10.73	 26.49 
9000	 35.57 	1 	28.64 	6.93 	0 	-3	 9.65	 32.84 
9100	 35.66 	1 	32.15 	3.51 	0 	-3	 8.70	 34.82 
9200	 35.66 	1 	32.15 	3.51 	1 	-3	 8.70	 34.82 
9300	 4.52 	0 	18.34 	13.82 	1 	13.82	 10.94	 13.61 
9400	 36.11 	0 	27.22 	8.89 	1 	8.89	 13.01	 29.36 
9500	 35.57 	1 	31.40 	4.17 	0 	-3	 11.76	 33.71 
9600	 35.57 	1 	31.40 	4.17 	1 	-3	 11.76	 33.71 
9700	 4.61 	0 	18.00 	13.39 	1 	13.39	 13.68	 13.34 
9800	 36.11 	0 	27.06 	9.05 	1 	9.05	 15.46	 29.28 
9900	 4.69 	0 	15.87 	11.18 	1 	11.18	 17.06	 12.07 
10000	 36.20 	0 	26.04 	10.16 	1 	10.16	 18.50	 28.96 
10100	 4.61 	0 	15.32 	10.71 	1 	10.71	 19.81	 11.91 
10200	 4.61 	0 	9.97 	5.36 	0 	5.36	 17.83	 6.80 
10300	 4.61 	0 	7.29 	2.68 	0 	2.68	 16.05	 5.27 
10400	 4.61 	1 	5.95 	1.34 	0 	-3	 14.44	 4.81 
10500	 4.61 	1 	5.95 	1.34 	1 	-3	 14.44	 4.81 
10600	 36.20 	0 	21.07 	15.13 	1 	15.13	 16.16	 26.78 
10700	 4.52 	0 	12.80 	8.28 	1 	8.28	 17.71	 11.20 
10800	 36.11 	0 	24.45 	11.66 	1 	11.66	 19.10	 28.64 
10900	 36.11 	1 	30.28 	5.83 	0 	-3	 17.19	 33.87 
11000	 36.20 	1 	33.24 	2.96 	0 	-3	 15.48	 35.50 
11100	 36.20 	1 	33.24 	2.96 	1 	-3	 15.48	 35.50 
11200	 36.11 	1 	34.68 	1.43 	0 	-3	 13.94	 35.93 
11300	 36.11 	1 	34.68 	1.43 	1 	-3	 13.94	 35.93 
11400	 36.11 	1 	35.39 	0.72 	0 	-3	 12.55	 36.06 
11500	 36.11 	1 	35.75 	0.36 	0 	-3	 11.29	 36.09 
11600	 35.57 	1 	35.66 	0.09 	0 	-3	 10.22	 35.73 
11700	 36.20 	1 	35.93 	0.27 	0 	-3	 9.26	 36.06 
11800	 36.20 	1 	35.93 	0.27 	1 	-3	 9.26	 36.06 
11900	 4.61 	0 	20.27 	15.66 	1 	15.66	 11.49	 14.04 
12000	 4.61 	0 	12.44 	7.83 	0 	7.83	 10.34	 7.44 
12100	 4.61 	0 	8.53 	3.92 	0 	3.92	 9.31	 5.46 
12200	 4.61 	0 	8.53 	3.92 	1 	3.92	 9.31	 5.46 
12300	 4.52 	0 	6.52 	2.00 	0 	2.00	 8.39	 4.80 
12400	 4.52 	1 	5.52 	1.00 	0 	-3	 7.55	 4.60 
12500	 4.52 	1 	5.52 	1.00 	1 	-3	 7.55	 4.60 
12600	 36.20 	0 	20.86 	15.34 	1 	15.34	 9.96	 26.72 
12700	 4.61 	0 	12.74 	8.13 	1 	8.13	 12.12	 11.24 
12800	 36.11 	0 	24.42 	11.69 	1 	11.69	 14.06	 28.65 
12900	 4.61 	0 	14.52 	9.91 	1 	9.91	 15.80	 11.82 
13000	 4.52 	0 	9.52 	5.00 	0 	5.00	 14.23	 6.71 
13100	 4.52 	0 	9.52 	5.00 	1 	5.00	 14.23	 6.71 
13200	 4.07 	0 	6.79 	2.72 	0 	2.72	 12.86	 4.86 
13300	 4.07 	0 	5.43 	1.36 	0 	1.36	 11.57	 4.31 
13400	 4.07 	0 	5.43 	1.36 	1 	1.36	 11.57	 4.31 
13500	 35.57 	0 	20.50 	15.07 	1 	15.07	 13.56	 26.19 
13600	 4.07 	0 	12.29 	8.22 	1 	8.22	 15.36	 10.71 
13700	 3.98 	0 	8.13 	4.15 	0 	4.15	 13.83	 6.00 
13800	 4.07 	0 	6.10 	2.03 	0 	2.03	 12.46	 4.65 
13900	 4.07 	1 	5.09 	1.02 	0 	-3	 11.21	 4.24 
14000	 4.07 	1 	5.09 	1.02 	1 	-3	 11.21	 4.24 
14100	 3.98 	1 	4.53 	0.55 	0 	-3	 10.10	 4.06 
14200	 4.07 	1 	4.30 	0.23 	0 	-3	 9.10	 4.07 
14300	 4.07 	1 	4.30 	0.23 	1 	-3	 9.10	 4.07 
14400	 35.48 	0 	19.89 	15.59 	1 	15.59	 11.33	 26.06 
14500	 35.66 	1 	27.78 	7.88 	0 	-3	 10.21	 32.78 
14600	 36.20 	1 	31.99 	4.21 	0 	-3	 9.25	 35.17 
14700	 36.20 	1 	34.09 	2.11 	0 	-3	 8.32	 35.89 
14800	 36.11 	1 	35.10 	1.01 	0 	-3	 7.50	 36.04 
14900	 36.11 	1 	35.10 	1.01 	1 	-3	 7.50	 36.04 
15000	 4.61 	0 	19.86 	15.25 	1 	15.25	 9.90	 14.04 
15100	 35.48 	1 	27.67 	7.81 	1 	-3	 12.00	 29.05 
