#Time(ms)	 Value 	 Validity 	 avgValue 	 Diff 	 Outliers 	 invalidReason	 SD 
200	 -1.00 	0 	0.00 	1.00 	1 	0	 0.00	 0.00 
300	 37.89 	0 	18.95 	18.95 	1 	18.95	 3.89	 26.52 
400	 239.80 	0 	129.37 	110.43 	1 	110.43	 23.69	 175.82 
500	 239.80 	1 	184.59 	55.21 	0 	-3	 21.32	 220.61 
600	 239.80 	1 	184.59 	55.21 	1 	-3	 21.32	 220.61 
700	 238.64 	1 	211.61 	27.03 	0 	-3	 19.31	 233.23 
800	 242.91 	1 	227.26 	15.65 	0 	-3	 17.80	 240.01 
900	 242.91 	1 	227.26 	15.65 	1 	-3	 17.80	 240.01 
1000	 38.78 	0 	133.02 	94.24 	1 	94.24	 36.43	 99.15 
1100	 37.44 	0 	85.23 	47.79 	0 	47.79	 32.93	 55.95 
1200	 37.62 	0 	61.43 	23.81 	0 	23.81	 29.65	 43.12 
1300	 37.98 	1 	49.70 	11.72 	0 	-3	 26.72	 39.52 
1400	 38.06 	1 	43.88 	5.82 	0 	-3	 24.06	 38.50 
1500	 38.06 	1 	40.97 	2.91 	0 	-3	 21.65	 38.19 
1600	 39.49 	1 	40.23 	0.74 	0 	-3	 19.63	 39.10 
1700	 39.40 	1 	39.82 	0.42 	0 	-3	 17.68	 39.31 
1800	 37.44 	1 	38.63 	1.19 	0 	-3	 16.10	 38.00 
1900	 37.71 	1 	38.17 	0.46 	0 	-3	 14.52	 37.80 
2000	 37.89 	1 	38.03 	0.14 	0 	-3	 13.09	 37.86 
2100	 38.24 	1 	38.13 	0.11 	0 	-3	 11.81	 38.13 
2200	 39.84 	1 	38.99 	0.85 	0 	-3	 10.79	 39.33 
2300	 38.51 	1 	38.75 	0.24 	0 	-3	 9.85	 38.75 
2400	 38.69 	1 	38.72 	0.03 	0 	-3	 8.88	 38.71 
2500	 39.31 	1 	39.01 	0.30 	0 	-3	 8.05	 39.13 
2600	 38.78 	1 	38.90 	0.12 	0 	-3	 7.30	 38.88 
2700	 38.69 	1 	38.79 	0.10 	0 	-3	 6.58	 38.75 
2800	 38.60 	1 	38.70 	0.10 	0 	-3	 5.93	 38.64 
2900	 40.65 	1 	39.67 	0.98 	0 	-3	 5.54	 40.05 
3000	 42.07 	1 	40.87 	1.20 	0 	-3	 5.13	 41.46 
3100	 46.34 	1 	43.61 	2.73 	0 	-3	 5.04	 44.88 
3200	 47.14 	1 	45.37 	1.77 	0 	-3	 4.62	 46.46 
3300	 48.74 	1 	47.06 	1.68 	0 	-3	 4.32	 48.06 
3400	 52.93 	1 	49.99 	2.94 	0 	-3	 4.31	 51.47 
3500	 51.86 	1 	50.93 	0.93 	0 	-3	 3.98	 51.74 
3600	 50.17 	1 	50.55 	0.38 	0 	-3	 3.75	 50.64 
3700	 54.17 	1 	52.36 	1.81 	0 	-3	 3.78	 53.11 
3800	 48.65 	1 	50.50 	1.85 	0 	-3	 3.95	 49.99 
3900	 53.46 	1 	51.98 	1.48 	0 	-3	 4.04	 52.42 
4000	 53.73 	1 	52.86 	0.87 	0 	-3	 3.66	 53.34 
4100	 55.60 	1 	54.23 	1.37 	0 	-3	 3.48	 54.92 
4200	 53.55 	1 	53.89 	0.34 	0 	-3	 3.34	 53.96 
4300	 50.34 	1 	52.11 	1.77 	0 	-3	 3.33	 51.43 
4400	 48.21 	1 	50.16 	1.95 	0 	-3	 3.21	 49.17 
4500	 51.95 	1 	51.06 	0.89 	0 	-3	 3.26	 51.12 
4600	 48.12 	1 	49.59 	1.47 	0 	-3	 3.32	 49.02 
4700	 50.70 	1 	50.14 	0.56 	0 	-3	 3.24	 50.20 
4800	 53.90 	1 	52.02 	1.88 	0 	-3	 3.24	 52.79 
4900	 55.06 	1 	53.54 	1.52 	0 	-3	 3.03	 54.38 
5000	 50.43 	1 	51.99 	1.56 	0 	-3	 3.19	 51.61 
5100	 49.28 	1 	50.63 	1.35 	0 	-3	 2.99	 49.98 
5200	 50.61 	1 	50.62 	0.01 	0 	-3	 2.82	 50.42 
5300	 50.61 	1 	50.62 	0.01 	0 	-3	 2.54	 50.55 
5400	 50.61 	1 	50.61 	0.00 	0 	-3	 2.28	 50.59 
5500	 52.30 	1 	51.46 	0.84 	0 	-3	 2.23	 51.79 
5600	 52.04 	1 	51.75 	0.29 	0 	-3	 2.03	 51.96 
5700	 50.34 	1 	51.04 	0.70 	0 	-3	 2.00	 50.83 
5800	 50.43 	1 	50.74 	0.31 	0 	-3	 1.81	 50.55 
5900	 49.81 	1 	50.27 	0.46 	0 	-3	 1.69	 50.03 
6000	 50.97 	1 	50.62 	0.35 	0 	-3	 1.63	 50.69 
6100	 52.48 	1 	51.55 	0.93 	0 	-3	 1.62	 51.94 
6200	 50.43 	1 	50.99 	0.56 	0 	-3	 1.66	 50.88 
6300	 51.86 	1 	51.43 	0.43 	0 	-3	 1.64	 51.57 
6400	 51.50 	1 	51.46 	0.04 	0 	-3	 1.51	 51.52 
6500	 51.59 	1 	51.53 	0.06 	0 	-3	 1.37	 51.57 
6600	 51.68 	1 	51.60 	0.08 	0 	-3	 1.24	 51.65 
6700	 52.93 	1 	52.27 	0.66 	0 	-3	 1.24	 52.55 
6800	 51.68 	1 	51.97 	0.29 	0 	-3	 1.24	 51.94 
6900	 51.59 	1 	51.78 	0.19 	0 	-3	 1.13	 51.69 
7000	 51.59 	1 	51.69 	0.10 	0 	-3	 1.02	 51.62 
7100	 53.01 	1 	52.35 	0.66 	0 	-3	 1.06	 52.59 
7200	 51.50 	1 	51.92 	0.42 	0 	-3	 1.10	 51.83 
7300	 53.82 	1 	52.87 	0.95 	0 	-3	 1.22	 53.22 
7400	 53.64 	1 	53.26 	0.38 	0 	-3	 1.12	 53.51 
7500	 52.21 	1 	52.73 	0.52 	0 	-3	 1.15	 52.60 
7600	 52.66 	1 	52.70 	0.04 	0 	-3	 1.08	 52.64 
7700	 51.59 	1 	52.14 	0.55 	0 	-3	 1.08	 51.91 
7800	 53.01 	1 	52.58 	0.43 	0 	-3	 1.11	 52.68 
7900	 54.08 	1 	53.33 	0.75 	0 	-3	 1.11	 53.66 
8000	 51.59 	1 	52.46 	0.87 	0 	-3	 1.25	 52.21 
8100	 51.50 	1 	51.98 	0.48 	0 	-3	 1.13	 51.71 
8200	 52.12 	1 	52.05 	0.07 	0 	-3	 1.08	 52.00 
8300	 51.59 	1 	51.82 	0.23 	0 	-3	 1.03	 51.71 
8400	 53.55 	1 	52.68 	0.87 	0 	-3	 1.12	 53.00 
8500	 54.08 	1 	53.38 	0.70 	0 	-3	 1.06	 53.76 
8600	 54.17 	1 	53.78 	0.39 	0 	-3	 0.96	 54.05 
8700	 53.55 	1 	53.66 	0.11 	0 	-3	 0.93	 53.70 
8800	 51.50 	1 	52.58 	1.08 	0 	-3	 1.04	 52.16 
8900	 49.81 	1 	51.20 	1.39 	0 	-3	 1.11	 50.51 
9000	 50.43 	1 	50.81 	0.38 	0 	-3	 1.06	 50.46 
9100	 50.43 	1 	50.62 	0.19 	0 	-3	 0.95	 50.44 
9200	 52.04 	1 	51.33 	0.71 	0 	-3	 1.02	 51.56 
9300	 52.30 	1 	51.82 	0.48 	0 	-3	 0.94	 52.08 
9400	 50.43 	1 	51.12 	0.69 	0 	-3	 1.03	 50.92 
9500	 49.81 	1 	50.47 	0.66 	0 	-3	 0.99	 50.14 
9600	 50.97 	1 	50.72 	0.25 	0 	-3	 1.01	 50.72 
9700	 51.32 	1 	51.02 	0.30 	0 	-3	 0.94	 51.14 
9800	 49.81 	1 	50.41 	0.60 	0 	-3	 1.00	 50.21 
9900	 50.97 	1 	50.69 	0.28 	0 	-3	 1.02	 50.74 
10000	 49.81 	1 	50.25 	0.44 	0 	-3	 1.03	 50.09 
10100	 51.23 	1 	50.74 	0.49 	0 	-3	 1.07	 50.89 
10200	 51.23 	1 	50.99 	0.24 	0 	-3	 0.96	 51.13 
10300	 52.04 	1 	51.51 	0.53 	0 	-3	 0.95	 51.77 
10400	 52.39 	1 	51.95 	0.44 	0 	-3	 0.89	 52.20 
10500	 50.97 	1 	51.46 	0.49 	0 	-3	 0.94	 51.34 
10600	 50.97 	1 	51.22 	0.25 	0 	-3	 0.85	 51.08 
10700	 52.39 	1 	51.80 	0.59 	0 	-3	 0.90	 52.00 
10800	 50.97 	1 	51.39 	0.42 	0 	-3	 0.96	 51.28 
10900	 50.88 	1 	51.13 	0.25 	0 	-3	 0.87	 51.00 
11000	 50.97 	1 	51.05 	0.08 	0 	-3	 0.79	 50.98 
11100	 52.39 	1 	51.72 	0.67 	0 	-3	 0.85	 51.97 
11200	 50.97 	1 	51.35 	0.38 	0 	-3	 0.91	 51.27 
11300	 52.39 	1 	51.87 	0.52 	0 	-3	 0.96	 52.05 
11400	 51.06 	1 	51.46 	0.40 	0 	-3	 1.00	 51.36 
11500	 50.97 	1 	51.22 	0.25 	0 	-3	 0.91	 51.09 
11600	 50.34 	1 	50.78 	0.44 	0 	-3	 0.88	 50.56 
11700	 50.97 	1 	50.87 	0.10 	0 	-3	 0.85	 50.85 
11800	 52.12 	1 	51.50 	0.62 	0 	-3	 0.88	 51.74 
11900	 52.39 	1 	51.94 	0.45 	0 	-3	 0.82	 52.19 
12000	 52.39 	1 	52.17 	0.22 	0 	-3	 0.74	 52.33 
12100	 52.39 	1 	52.28 	0.11 	0 	-3	 0.67	 52.37 
12200	 50.97 	1 	51.62 	0.65 	0 	-3	 0.74	 51.39 
12300	 51.23 	1 	51.43 	0.20 	0 	-3	 0.69	 51.28 
12400	 52.93 	1 	52.18 	0.75 	0 	-3	 0.79	 52.43 
12500	 51.50 	1 	51.84 	0.34 	0 	-3	 0.86	 51.78 
12600	 52.04 	1 	51.94 	0.10 	0 	-3	 0.83	 51.96 
12700	 53.46 	1 	52.70 	0.76 	0 	-3	 0.89	 53.01 
12800	 52.04 	1 	52.37 	0.33 	0 	-3	 0.94	 52.33 
12900	 53.46 	1 	52.91 	0.55 	0 	-3	 0.99	 53.12 
13000	 53.46 	1 	53.19 	0.27 	0 	-3	 0.89	 53.36 
13100	 51.50 	1 	52.34 	0.84 	0 	-3	 1.00	 52.06 
13200	 51.77 	1 	52.06 	0.29 	0 	-3	 0.92	 51.86 
13300	 51.23 	1 	51.64 	0.41 	0 	-3	 0.88	 51.42 
13400	 49.90 	1 	50.77 	0.87 	0 	-3	 0.93	 50.36 
13500	 49.81 	1 	50.29 	0.48 	0 	-3	 0.85	 49.97 
13600	 51.32 	1 	50.81 	0.51 	0 	-3	 0.91	 50.92 
13700	 50.43 	1 	50.62 	0.19 	0 	-3	 0.91	 50.58 
13800	 51.23 	1 	50.92 	0.31 	0 	-3	 0.90	 51.03 
13900	 51.23 	1 	51.08 	0.15 	0 	-3	 0.81	 51.17 
14000	 49.90 	1 	50.49 	0.59 	0 	-3	 0.86	 50.28 
14100	 52.39 	1 	51.44 	0.95 	0 	-3	 1.02	 51.76 
14200	 52.39 	1 	51.91 	0.48 	0 	-3	 0.92	 52.20 
14300	 49.90 	1 	50.91 	1.01 	0 	-3	 1.08	 50.59 
14400	 49.37 	1 	50.14 	0.77 	0 	-3	 1.02	 49.74 
14500	 51.06 	1 	50.60 	0.46 	0 	-3	 1.09	 50.66 
14600	 51.06 	1 	50.83 	0.23 	0 	-3	 0.98	 50.94 
14700	 50.97 	1 	50.90 	0.07 	0 	-3	 0.89	 50.96 
14800	 49.37 	1 	50.13 	0.76 	0 	-3	 0.96	 49.85 
14900	 50.97 	1 	50.55 	0.42 	0 	-3	 1.03	 50.63 
15000	 51.23 	1 	50.89 	0.34 	0 	-3	 0.95	 51.05 
15100	 49.37 	1 	50.13 	0.76 	0 	-3	 1.04	 49.87 
