#Time(ms)	 Value 	 Validity 	 avgValue 	 Diff 	 Outliers 	 invalidReason	 SD 
200	 -1.00 	0 	0.00 	1.00 	1 	0	 0.00	 0.00 
300	 31.48 	0 	15.74 	15.74 	1 	15.74	 3.25	 22.04 
400	 30.95 	1 	23.34 	7.61 	0 	-3	 2.98	 28.28 
500	 30.95 	1 	27.15 	3.80 	0 	-3	 2.68	 30.15 
600	 31.48 	1 	29.31 	2.17 	0 	-3	 2.46	 31.08 
700	 31.39 	1 	30.35 	1.04 	0 	-3	 2.23	 31.30 
800	 31.39 	1 	30.87 	0.52 	0 	-3	 2.00	 31.36 
900	 31.39 	1 	31.13 	0.26 	0 	-3	 1.80	 31.38 
1000	 31.39 	1 	31.26 	0.13 	0 	-3	 1.62	 31.39 
1100	 31.48 	1 	31.37 	0.11 	0 	-3	 1.47	 31.45 
1200	 31.48 	1 	31.43 	0.05 	0 	-3	 1.32	 31.47 
1300	 31.48 	1 	31.45 	0.03 	0 	-3	 1.19	 31.48 
1400	 31.48 	1 	31.47 	0.01 	0 	-3	 1.07	 31.48 
1500	 31.48 	1 	31.47 	0.01 	0 	-3	 0.96	 31.48 
1600	 31.48 	1 	31.48 	0.00 	0 	-3	 0.87	 31.48 
1700	 31.48 	1 	31.48 	0.00 	0 	-3	 0.78	 31.48 
1800	 30.95 	1 	31.21 	0.26 	0 	-3	 0.76	 31.11 
1900	 31.48 	1 	31.35 	0.13 	0 	-3	 0.73	 31.37 
2000	 31.48 	1 	31.41 	0.07 	0 	-3	 0.66	 31.45 
2100	 31.48 	1 	31.45 	0.03 	0 	-3	 0.59	 31.47 
2200	 31.48 	1 	31.46 	0.02 	0 	-3	 0.53	 31.48 
2300	 31.48 	1 	31.47 	0.01 	0 	-3	 0.48	 31.48 
2400	 31.39 	1 	31.43 	0.04 	0 	-3	 0.44	 31.42 
2500	 31.48 	1 	31.46 	0.02 	0 	-3	 0.41	 31.46 
2600	 31.48 	1 	31.47 	0.01 	0 	-3	 0.37	 31.47 
2700	 31.48 	1 	31.47 	0.01 	0 	-3	 0.33	 31.48 
2800	 31.39 	1 	31.43 	0.04 	0 	-3	 0.31	 31.42 
2900	 31.39 	1 	31.41 	0.02 	0 	-3	 0.28	 31.40 
3000	 31.48 	1 	31.45 	0.03 	0 	-3	 0.26	 31.46 
3100	 31.48 	1 	31.46 	0.02 	0 	-3	 0.23	 31.47 
3200	 31.48 	1 	31.47 	0.01 	0 	-3	 0.21	 31.48 
3300	 31.39 	1 	31.43 	0.04 	0 	-3	 0.20	 31.42 
3400	 31.39 	1 	31.41 	0.02 	0 	-3	 0.18	 31.40 
3500	 30.95 	1 	31.18 	0.23 	0 	-3	 0.20	 31.08 
3600	 30.95 	1 	31.07 	0.12 	0 	-3	 0.18	 30.99 
3700	 30.95 	1 	31.01 	0.06 	0 	-3	 0.16	 30.96 
3800	 31.48 	1 	31.24 	0.24 	0 	-3	 0.20	 31.32 
3900	 31.39 	1 	31.32 	0.07 	0 	-3	 0.19	 31.37 
4000	 31.48 	1 	31.40 	0.08 	0 	-3	 0.18	 31.45 
4100	 31.48 	1 	31.44 	0.04 	0 	-3	 0.16	 31.47 
4200	 31.48 	1 	31.46 	0.02 	0 	-3	 0.15	 31.48 
4300	 31.03 	1 	31.24 	0.21 	0 	-3	 0.18	 31.16 
4400	 31.48 	1 	31.36 	0.12 	0 	-3	 0.20	 31.39 
4500	 31.48 	1 	31.42 	0.06 	0 	-3	 0.18	 31.45 
4600	 30.32 	1 	30.87 	0.55 	0 	-3	 0.28	 30.66 
4700	 30.32 	1 	30.60 	0.28 	0 	-3	 0.25	 30.42 
4800	 30.32 	1 	30.46 	0.14 	0 	-3	 0.23	 30.35 
4900	 30.32 	1 	30.39 	0.07 	0 	-3	 0.20	 30.33 
5000	 30.32 	1 	30.35 	0.03 	0 	-3	 0.18	 30.32 
5100	 30.95 	1 	30.65 	0.30 	0 	-3	 0.23	 30.76 
5200	 30.95 	1 	30.80 	0.15 	0 	-3	 0.21	 30.89 
5300	 30.95 	1 	30.88 	0.07 	0 	-3	 0.19	 30.93 
5400	 30.95 	1 	30.91 	0.04 	0 	-3	 0.17	 30.94 
5500	 30.95 	1 	30.93 	0.02 	0 	-3	 0.15	 30.95 
5600	 30.95 	1 	30.94 	0.01 	0 	-3	 0.14	 30.95 
5700	 30.95 	1 	30.95 	0.00 	0 	-3	 0.12	 30.95 
5800	 31.48 	1 	31.21 	0.27 	0 	-3	 0.16	 31.32 
5900	 31.57 	1 	31.39 	0.18 	0 	-3	 0.16	 31.50 
6000	 31.48 	1 	31.44 	0.04 	0 	-3	 0.15	 31.48 
6100	 31.48 	1 	31.46 	0.02 	0 	-3	 0.13	 31.48 
6200	 30.95 	1 	31.20 	0.25 	0 	-3	 0.17	 31.11 
6300	 30.95 	1 	31.08 	0.13 	0 	-3	 0.16	 31.00 
6400	 30.95 	1 	31.01 	0.06 	0 	-3	 0.14	 30.96 
6500	 31.03 	1 	31.02 	0.01 	0 	-3	 0.13	 31.01 
6600	 30.95 	1 	30.99 	0.04 	0 	-3	 0.13	 30.97 
6700	 30.95 	1 	30.97 	0.02 	0 	-3	 0.12	 30.96 
6800	 30.95 	1 	30.96 	0.01 	0 	-3	 0.10	 30.95 
6900	 30.95 	1 	30.95 	0.00 	0 	-3	 0.09	 30.95 
7000	 30.95 	1 	30.95 	0.00 	0 	-3	 0.08	 30.95 
7100	 30.95 	1 	30.95 	0.00 	0 	-3	 0.08	 30.95 
7200	 30.86 	1 	30.91 	0.05 	0 	-3	 0.08	 30.89 
7300	 30.86 	1 	30.88 	0.02 	0 	-3	 0.07	 30.87 
7400	 30.86 	1 	30.87 	0.01 	0 	-3	 0.06	 30.86 
7500	 30.95 	1 	30.91 	0.04 	0 	-3	 0.07	 30.92 
7600	 30.95 	1 	30.93 	0.02 	0 	-3	 0.06	 30.94 
7700	 30.95 	1 	30.94 	0.01 	0 	-3	 0.05	 30.95 
7800	 30.95 	1 	30.95 	0.00 	0 	-3	 0.05	 30.95 
7900	 30.95 	1 	30.95 	0.00 	0 	-3	 0.04	 30.95 
8000	 30.86 	1 	30.90 	0.04 	0 	-3	 0.05	 30.89 
8100	 30.95 	1 	30.93 	0.02 	0 	-3	 0.05	 30.93 
8200	 30.32 	1 	30.62 	0.30 	0 	-3	 0.11	 30.50 
8300	 30.41 	1 	30.52 	0.11 	0 	-3	 0.11	 30.44 
8400	 30.41 	1 	30.46 	0.05 	0 	-3	 0.10	 30.42 
8500	 30.41 	1 	30.44 	0.03 	0 	-3	 0.09	 30.41 
8600	 30.41 	1 	30.42 	0.01 	0 	-3	 0.08	 30.41 
8700	 30.41 	1 	30.42 	0.01 	0 	-3	 0.07	 30.41 
8800	 30.95 	1 	30.68 	0.27 	0 	-3	 0.12	 30.79 
8900	 30.95 	1 	30.82 	0.13 	0 	-3	 0.11	 30.90 
9000	 30.95 	1 	30.88 	0.07 	0 	-3	 0.10	 30.94 
9100	 31.03 	1 	30.96 	0.07 	0 	-3	 0.09	 31.00 
9200	 31.03 	1 	30.99 	0.04 	0 	-3	 0.08	 31.02 
9300	 31.03 	1 	31.01 	0.02 	0 	-3	 0.08	 31.03 
9400	 30.95 	1 	30.98 	0.03 	0 	-3	 0.08	 30.97 
9500	 30.23 	1 	30.61 	0.38 	0 	-3	 0.14	 30.45 
9600	 30.23 	1 	30.42 	0.19 	0 	-3	 0.13	 30.30 
9700	 30.23 	1 	30.32 	0.09 	0 	-3	 0.11	 30.25 
9800	 30.95 	1 	30.64 	0.31 	0 	-3	 0.17	 30.74 
9900	 30.95 	1 	30.79 	0.16 	0 	-3	 0.16	 30.89 
10000	 30.95 	1 	30.87 	0.08 	0 	-3	 0.14	 30.93 
10100	 30.95 	1 	30.91 	0.04 	0 	-3	 0.13	 30.94 
10200	 30.95 	1 	30.93 	0.02 	0 	-3	 0.11	 30.95 
10300	 30.95 	1 	30.94 	0.01 	0 	-3	 0.10	 30.95 
10400	 30.95 	1 	30.95 	0.00 	0 	-3	 0.09	 30.95 
10500	 30.95 	1 	30.95 	0.00 	0 	-3	 0.08	 30.95 
10600	 31.03 	1 	30.99 	0.04 	0 	-3	 0.08	 31.01 
10700	 31.03 	1 	31.01 	0.02 	0 	-3	 0.07	 31.02 
10800	 30.95 	1 	30.98 	0.03 	0 	-3	 0.08	 30.97 
10900	 30.86 	1 	30.92 	0.06 	0 	-3	 0.08	 30.89 
11000	 30.95 	1 	30.93 	0.02 	0 	-3	 0.08	 30.93 
11100	 30.95 	1 	30.94 	0.01 	0 	-3	 0.07	 30.94 
11200	 30.95 	1 	30.95 	0.00 	0 	-3	 0.06	 30.95 
11300	 30.95 	1 	30.95 	0.00 	0 	-3	 0.06	 30.95 
11400	 30.95 	1 	30.95 	0.00 	0 	-3	 0.05	 30.95 
11500	 30.95 	1 	30.95 	0.00 	0 	-3	 0.05	 30.95 
11600	 30.41 	1 	30.68 	0.27 	0 	-3	 0.10	 30.57 
11700	 30.86 	1 	30.77 	0.09 	0 	-3	 0.13	 30.77 
11800	 30.86 	1 	30.81 	0.05 	0 	-3	 0.12	 30.83 
11900	 30.86 	1 	30.84 	0.02 	0 	-3	 0.11	 30.85 
12000	 30.86 	1 	30.85 	0.01 	0 	-3	 0.10	 30.86 
12100	 30.86 	1 	30.85 	0.01 	0 	-3	 0.09	 30.86 
12200	 30.95 	1 	30.90 	0.05 	0 	-3	 0.09	 30.92 
12300	 30.95 	1 	30.93 	0.02 	0 	-3	 0.08	 30.94 
12400	 30.95 	1 	30.94 	0.01 	0 	-3	 0.07	 30.95 
12500	 30.95 	1 	30.94 	0.01 	0 	-3	 0.06	 30.95 
12600	 30.95 	1 	30.95 	0.00 	0 	-3	 0.06	 30.95 
12700	 30.95 	1 	30.95 	0.00 	0 	-3	 0.05	 30.95 
12800	 30.86 	1 	30.90 	0.04 	0 	-3	 0.05	 30.89 
12900	 30.86 	1 	30.88 	0.02 	0 	-3	 0.05	 30.87 
13000	 30.86 	1 	30.87 	0.01 	0 	-3	 0.04	 30.86 
13100	 30.41 	1 	30.64 	0.23 	0 	-3	 0.09	 30.55 
13200	 30.41 	1 	30.53 	0.12 	0 	-3	 0.08	 30.45 
13300	 30.41 	1 	30.47 	0.06 	0 	-3	 0.07	 30.42 
13400	 30.95 	1 	30.71 	0.24 	0 	-3	 0.12	 30.79 
13500	 30.95 	1 	30.83 	0.12 	0 	-3	 0.10	 30.90 
13600	 30.95 	1 	30.89 	0.06 	0 	-3	 0.09	 30.94 
13700	 30.95 	1 	30.92 	0.03 	0 	-3	 0.08	 30.95 
13800	 30.95 	1 	30.93 	0.02 	0 	-3	 0.08	 30.95 
13900	 30.95 	1 	30.94 	0.01 	0 	-3	 0.07	 30.95 
14000	 30.95 	1 	30.95 	0.00 	0 	-3	 0.06	 30.95 
14100	 30.95 	1 	30.95 	0.00 	0 	-3	 0.06	 30.95 
14200	 30.95 	1 	30.95 	0.00 	0 	-3	 0.05	 30.95 
14300	 30.95 	1 	30.95 	0.00 	0 	-3	 0.04	 30.95 
14400	 30.95 	1 	30.95 	0.00 	0 	-3	 0.04	 30.95 
14500	 30.95 	1 	30.95 	0.00 	0 	-3	 0.04	 30.95 
14600	 31.03 	1 	30.99 	0.04 	0 	-3	 0.04	 31.01 
14700	 30.95 	1 	30.97 	0.02 	0 	-3	 0.04	 30.97 
14800	 30.86 	1 	30.91 	0.05 	0 	-3	 0.05	 30.89 
14900	 30.86 	1 	30.89 	0.03 	0 	-3	 0.04	 30.87 
15000	 30.86 	1 	30.87 	0.01 	0 	-3	 0.04	 30.86 
15100	 30.86 	1 	30.87 	0.01 	0 	-3	 0.04	 30.86 
