#Time(ms)	  xPos 	 yPos 	 zPos 	 xVal 	 yVal 	 zVal 	 State 	 oRoll 	 oPitch 	 oYaw 	 oThrottle 	 spX 	 spY 	 spZ 
200	 0.00	 0.00	 0.00	 0	 0	 0	 hover	 1500	 1500	 1500	 1000	 0.00	 0.00	 0.00
300	 0.00	 0.00	 0.00	 0	 0	 0	 hover	 1500	 1500	 1500	 1000	 0.00	 0.00	 0.00
400	 0.00	 0.00	 0.00	 1	 1	 1	 hover	 1500	 1500	 1500	 1000	 0.00	 0.00	 0.00
500	 3.87	 2.35	 0.00	 1	 1	 1	 hover	 1495	 1507	 1500	 1000	 0.00	 0.00	 0.00
600	 3.27	 6.99	 0.32	 1	 1	 1	 hover	 1486	 1506	 1500	 1003	 0.00	 0.00	 0.00
700	 -1.01	 11.61	 -1.35	 1	 1	 1	 hover	 1476	 1497	 1500	 984	 0.00	 0.00	 0.00
800	 -22.91	 5.19	 -0.63	 1	 1	 1	 hover	 1489	 1454	 1500	 990	 0.00	 0.00	 0.00
900	 -23.97	 1.91	 -0.31	 1	 1	 1	 hover	 1496	 1452	 1500	 992	 0.00	 0.00	 0.00
1000	 -40.44	 1.27	 -1.85	 1	 1	 1	 hover	 1497	 1419	 1500	 973	 0.00	 0.00	 0.00
1100	 -23.17	 -3.93	 -1.12	 1	 1	 1	 hover	 1507	 1453	 1500	 978	 0.00	 0.00	 0.00
1200	 -18.50	 -5.06	 -0.84	 1	 1	 1	 hover	 1510	 1462	 1500	 980	 0.00	 0.00	 0.00
1300	 19.52	 0.73	 -0.67	 1	 1	 1	 hover	 1498	 1539	 1500	 980	 0.00	 0.00	 0.00
1400	 34.38	 0.24	 -2.48	 1	 1	 1	 hover	 1499	 1568	 1500	 957	 0.00	 0.00	 0.00
1500	 6.33	 -3.11	 0.05	 1	 1	 1	 hover	 1506	 1512	 1500	 982	 0.00	 0.00	 0.00
1600	 21.30	 0.01	 -0.81	 1	 1	 1	 hover	 1499	 1542	 1500	 972	 0.00	 0.00	 0.00
1700	 0.27	 1.74	 -1.11	 1	 1	 1	 hover	 1496	 1500	 1500	 967	 0.00	 0.00	 0.00
1800	 -2.21	 2.66	 0.39	 1	 1	 1	 hover	 1494	 1495	 1500	 983	 0.00	 0.00	 0.00
1900	 13.58	 3.73	 0.86	 1	 1	 1	 hover	 1492	 1527	 1500	 989	 0.00	 0.00	 0.00
2000	 22.61	 4.89	 0.96	 1	 1	 1	 hover	 1490	 1545	 1500	 992	 0.00	 0.00	 0.00
2100	 4.51	 2.76	 1.08	 1	 1	 1	 hover	 1494	 1509	 1500	 995	 0.00	 0.00	 0.00
2200	 -13.11	 3.41	 0.54	 1	 1	 1	 hover	 1493	 1473	 1500	 991	 0.00	 0.00	 0.00
2300	 -2.87	 -0.06	 0.55	 1	 1	 1	 hover	 1500	 1494	 1500	 992	 0.00	 0.00	 0.00
2400	 -3.30	 4.20	 0.89	 1	 1	 1	 hover	 1491	 1493	 1500	 997	 0.00	 0.00	 0.00
2500	 2.98	 4.28	 0.47	 1	 1	 1	 hover	 1491	 1505	 1500	 994	 0.00	 0.00	 0.00
2600	 15.51	 0.78	 -1.18	 1	 1	 1	 hover	 1498	 1531	 1500	 975	 0.00	 0.00	 0.00
2700	 17.56	 0.23	 -0.10	 1	 1	 1	 hover	 1499	 1535	 1500	 986	 0.00	 0.00	 0.00
2800	 5.48	 0.84	 -0.14	 1	 1	 1	 hover	 1498	 1510	 1500	 985	 0.00	 0.00	 0.00
2900	 -14.07	 -2.14	 -0.34	 1	 1	 1	 hover	 1504	 1471	 1500	 982	 0.00	 0.00	 0.00
3000	 -6.86	 -4.36	 -1.81	 1	 1	 1	 hover	 1508	 1486	 1500	 964	 0.00	 0.00	 0.00
3100	 -57.46	 1.17	 -2.03	 1	 1	 1	 hover	 1497	 1385	 1500	 958	 0.00	 0.00	 0.00
3200	 -26.94	 -0.63	 -4.66	 1	 1	 1	 hover	 1501	 1446	 1500	 922	 0.00	 0.00	 0.00
3300	 -28.86	 -22.75	 -4.66	 1	 1	 0	 hover	 1545	 1442	 1500	 922	 0.00	 0.00	 0.00
3400	 -38.33	 -11.36	 -4.66	 1	 1	 1	 hover	 1522	 1423	 1500	 913	 0.00	 0.00	 0.00
3500	 -19.22	 -11.63	 -4.66	 1	 1	 0	 hover	 1523	 1461	 1500	 913	 0.00	 0.00	 0.00
3600	 -35.54	 -2.32	 -4.66	 1	 1	 1	 hover	 1504	 1428	 1500	 904	 0.00	 0.00	 0.00
3700	 -16.64	 -10.56	 -9.58	 1	 1	 1	 hover	 1521	 1466	 1500	 835	 0.00	 0.00	 0.00
3800	 -10.55	 -13.32	 -14.47	 1	 1	 1	 hover	 1526	 1478	 1500	 757	 0.00	 0.00	 0.00
3900	 -18.84	 -13.06	 -16.02	 1	 1	 1	 hover	 1526	 1462	 1500	 710	 0.00	 0.00	 0.00
4000	 -35.52	 -13.36	 -16.86	 1	 1	 1	 hover	 1526	 1428	 1500	 668	 0.00	 0.00	 0.00
4100	 -15.88	 -14.09	 -18.44	 1	 1	 1	 hover	 1528	 1468	 1500	 615	 0.00	 0.00	 0.00
4200	 -39.99	 -7.84	 -20.19	 1	 1	 1	 hover	 1515	 1420	 1500	 557	 0.00	 0.00	 0.00
4300	 -35.25	 -9.63	 -20.26	 1	 1	 1	 hover	 1519	 1429	 1500	 516	 0.00	 0.00	 0.00
4400	 -33.52	 -6.41	 -22.84	 1	 1	 1	 hover	 1512	 1432	 1500	 444	 0.00	 0.00	 0.00
4500	 -33.52	 -4.10	 -24.06	 1	 1	 1	 hover	 1508	 1432	 1500	 384	 0.00	 0.00	 0.00
4600	 -33.52	 -4.18	 -22.68	 0	 1	 1	 hover	 1508	 1500	 1500	 353	 0.00	 0.00	 0.00
4700	 -33.52	 -5.76	 -24.09	 1	 1	 1	 hover	 1511	 1432	 1500	 290	 0.00	 0.00	 0.00
4800	 -33.52	 -5.37	 -25.95	 1	 1	 1	 hover	 1510	 1432	 1500	 220	 0.00	 0.00	 0.00
4900	 -29.35	 -6.28	 -26.03	 1	 1	 1	 hover	 1512	 1441	 1500	 167	 0.00	 0.00	 0.00
5000	 -29.35	 -4.92	 -28.06	 0	 1	 1	 hover	 1509	 1500	 1500	 91	 0.00	 0.00	 0.00
5100	 -29.35	 -4.90	 -25.33	 0	 1	 1	 hover	 1509	 1500	 1500	 67	 0.00	 0.00	 0.00
5200	 -29.35	 -0.80	 -24.47	 0	 1	 1	 hover	 1501	 1500	 1500	 27	 0.00	 0.00	 0.00
5300	 -29.35	 -3.32	 -21.58	 1	 1	 1	 hover	 1506	 1441	 1500	 13	 0.00	 0.00	 0.00
5400	 -25.76	 -3.56	 -21.38	 1	 1	 1	 hover	 1507	 1448	 1500	 -27	 0.00	 0.00	 0.00
5500	 -4.78	 -1.53	 -21.81	 1	 1	 1	 hover	 1503	 1490	 1500	 -75	 0.00	 0.00	 0.00
5600	 -2.57	 -0.29	 -21.10	 1	 1	 1	 hover	 1500	 1494	 1500	 -110	 0.00	 0.00	 0.00
5700	 -2.57	 -0.80	 -15.39	 0	 1	 1	 hover	 1501	 1500	 1500	 -84	 0.00	 0.00	 0.00
5800	 -2.57	 -1.83	 -16.08	 1	 1	 1	 hover	 1503	 1494	 1500	 -123	 0.00	 0.00	 0.00
5900	 18.24	 -0.65	 -16.39	 1	 1	 1	 hover	 1501	 1536	 1500	 -159	 0.00	 0.00	 0.00
6000	 18.24	 -0.33	 -18.23	 0	 1	 1	 hover	 1500	 1500	 1500	 -214	 0.00	 0.00	 0.00
6100	 18.24	 0.50	 -25.51	 0	 1	 1	 hover	 1498	 1500	 1500	 -337	 0.00	 0.00	 0.00
6200	 18.24	 -0.53	 -30.10	 1	 1	 1	 hover	 1501	 1536	 1500	 -443	 0.00	 0.00	 0.00
6300	 64.48	 1.02	 -33.79	 1	 1	 1	 hover	 1497	 1628	 1500	 -548	 0.00	 0.00	 0.00
6400	 26.71	 0.23	 -38.48	 1	 1	 1	 hover	 1499	 1553	 1500	 -672	 0.00	 0.00	 0.00
6500	 67.40	 -0.44	 -40.23	 1	 1	 1	 hover	 1500	 1634	 1500	 -770	 0.00	 0.00	 0.00
6600	 67.40	 -0.90	 -44.76	 1	 1	 1	 hover	 1501	 1634	 1500	 -905	 0.00	 0.00	 0.00
6700	 67.40	 -2.77	 -47.07	 1	 1	 1	 hover	 1505	 1634	 1500	 -1022	 0.00	 0.00	 0.00
6800	 102.13	 -2.85	 -50.03	 1	 1	 1	 hover	 1505	 1704	 1500	 -1152	 0.00	 0.00	 0.00
6900	 102.13	 -2.56	 -53.39	 1	 1	 1	 hover	 1505	 1704	 1500	 -1292	 0.00	 0.00	 0.00
7000	 102.13	 -3.53	 -61.00	 1	 1	 1	 hover	 1507	 1704	 1500	 -1490	 0.00	 0.00	 0.00
7100	 101.31	 -3.60	 -61.76	 1	 1	 1	 hover	 1507	 1702	 1500	 -1621	 0.00	 0.00	 0.00
7200	 99.31	 -4.20	 -70.77	 1	 1	 1	 hover	 1508	 1698	 1500	 -1853	 0.00	 0.00	 0.00
7300	 105.05	 -5.13	 -73.95	 1	 1	 1	 hover	 1510	 1710	 1500	 -2033	 0.00	 0.00	 0.00
7400	 105.05	 -6.49	 -81.34	 0	 1	 1	 hover	 1512	 1500	 1500	 -2269	 0.00	 0.00	 0.00
7500	 105.05	 -7.06	 -85.63	 1	 1	 1	 hover	 1514	 1710	 1500	 -2483	 0.00	 0.00	 0.00
7600	 105.05	 -16.33	 -92.53	 0	 1	 1	 hover	 1532	 1500	 1500	 -2737	 0.00	 0.00	 0.00
7700	 105.05	 -10.54	 -96.12	 1	 1	 1	 hover	 1521	 1710	 1500	 -2965	 0.00	 0.00	 0.00
7800	 131.15	 -10.97	 -100.97	 1	 1	 1	 hover	 1521	 1762	 1500	 -3216	 0.00	 0.00	 0.00
7900	 131.15	 -13.36	 -105.50	 0	 1	 1	 hover	 1526	 1500	 1500	 -3472	 0.00	 0.00	 0.00
8000	 131.15	 -10.02	 -107.97	 1	 1	 1	 hover	 1520	 1762	 1500	 -3713	 0.00	 0.00	 0.00
8100	 139.73	 -5.13	 -111.77	 1	 1	 1	 hover	 1510	 1779	 1500	 -3974	 0.00	 0.00	 0.00
8200	 141.59	 -10.03	 -100.03	 1	 1	 1	 hover	 1520	 1783	 1500	 -4057	 0.00	 0.00	 0.00
8300	 153.20	 -9.18	 -100.78	 1	 1	 1	 hover	 1518	 1806	 1500	 -4266	 0.00	 0.00	 0.00
8400	 159.10	 -7.35	 -101.66	 1	 1	 1	 hover	 1514	 1818	 1500	 -4478	 0.00	 0.00	 0.00
8500	 158.86	 -6.55	 -103.35	 1	 1	 1	 hover	 1513	 1817	 1500	 -4702	 0.00	 0.00	 0.00
8600	 188.78	 -7.78	 -101.25	 1	 1	 1	 hover	 1515	 1877	 1500	 -4883	 0.00	 0.00	 0.00
8700	 141.29	 -9.30	 -101.32	 1	 1	 1	 hover	 1518	 1782	 1500	 -5087	 0.00	 0.00	 0.00
8800	 152.28	 -9.12	 -99.10	 1	 1	 1	 hover	 1518	 1804	 1500	 -5263	 0.00	 0.00	 0.00
8900	 136.87	 -11.33	 -99.22	 1	 1	 1	 hover	 1522	 1773	 1500	 -5462	 0.00	 0.00	 0.00
9000	 138.74	 -12.45	 -120.48	 1	 1	 1	 hover	 1524	 1777	 1500	 -5916	 0.00	 0.00	 0.00
9100	 138.74	 -14.26	 -128.83	 0	 1	 1	 hover	 1528	 1500	 1500	 -6257	 0.00	 0.00	 0.00
9200	 138.74	 -13.40	 -103.87	 0	 1	 1	 hover	 1526	 1500	 1500	 -6215	 0.00	 0.00	 0.00
9300	 138.74	 -13.69	 -115.47	 1	 1	 1	 hover	 1527	 1777	 1500	 -6562	 0.00	 0.00	 0.00
9400	 112.16	 -14.80	 -119.36	 1	 1	 1	 hover	 1529	 1724	 1500	 -6840	 0.00	 0.00	 0.00
9500	 112.16	 -14.12	 -122.26	 0	 1	 1	 hover	 1528	 1500	 1500	 -7113	 0.00	 0.00	 0.00
9600	 112.16	 -19.09	 -123.11	 1	 1	 1	 hover	 1538	 1724	 1500	 -7368	 0.00	 0.00	 0.00
9700	 97.85	 -17.46	 -124.13	 1	 1	 1	 hover	 1534	 1695	 1500	 -7626	 0.00	 0.00	 0.00
9800	 97.85	 -17.99	 -124.13	 0	 1	 1	 hover	 1535	 1500	 1500	 -7875	 0.00	 0.00	 0.00
9900	 97.85	 -17.59	 -127.02	 0	 1	 1	 hover	 1535	 1500	 1500	 -8158	 0.00	 0.00	 0.00
10000	 97.85	 -16.41	 -127.83	 1	 1	 1	 hover	 1532	 1695	 1500	 -8421	 0.00	 0.00	 0.00
10100	 81.72	 -16.67	 -128.76	 1	 1	 1	 hover	 1533	 1663	 1500	 -8688	 0.00	 0.00	 0.00
10200	 94.27	 -17.88	 -144.05	 1	 1	 1	 hover	 1535	 1688	 1500	 -9129	 0.00	 0.00	 0.00
10300	 102.47	 -15.85	 -154.79	 1	 1	 1	 hover	 1531	 1704	 1500	 -9546	 0.00	 0.00	 0.00
10400	 102.67	 -13.82	 -165.26	 1	 1	 1	 hover	 1527	 1705	 1500	 -9981	 0.00	 0.00	 0.00
10500	 122.77	 -12.24	 -158.33	 1	 1	 1	 hover	 1524	 1745	 1500	 -10229	 0.00	 0.00	 0.00
10600	 95.09	 -9.82	 -158.38	 1	 1	 1	 hover	 1519	 1690	 1500	 -10546	 0.00	 0.00	 0.00
10700	 67.97	 -8.17	 -170.51	 1	 1	 1	 hover	 1516	 1635	 1500	 -11008	 0.00	 0.00	 0.00
10800	 98.49	 -1.61	 -171.38	 1	 1	 1	 hover	 1503	 1696	 1500	 -11360	 0.00	 0.00	 0.00
10900	 98.49	 1.34	 -146.41	 0	 1	 1	 hover	 1497	 1500	 1500	 -11403	 0.00	 0.00	 0.00
11000	 98.49	 4.06	 -141.88	 1	 1	 1	 hover	 1491	 1696	 1500	 -11641	 0.00	 0.00	 0.00
11100	 139.20	 5.54	 -137.28	 1	 1	 1	 hover	 1488	 1778	 1500	 -11870	 0.00	 0.00	 0.00
11200	 155.83	 13.13	 -132.01	 1	 1	 1	 hover	 1473	 1811	 1500	 -12081	 0.00	 0.00	 0.00
11300	 126.25	 15.61	 -129.01	 1	 1	 1	 hover	 1468	 1752	 1500	 -12309	 0.00	 0.00	 0.00
11400	 131.27	 20.32	 -119.10	 1	 1	 1	 hover	 1459	 1762	 1500	 -12448	 0.00	 0.00	 0.00
11500	 122.75	 22.87	 -116.73	 1	 1	 1	 hover	 1454	 1745	 1500	 -12658	 0.00	 0.00	 0.00
11600	 117.46	 26.12	 -125.46	 1	 1	 1	 hover	 1447	 1734	 1500	 -12996	 0.00	 0.00	 0.00
11700	 127.41	 11.36	 -122.79	 1	 1	 1	 hover	 1477	 1754	 1500	 -13215	 0.00	 0.00	 0.00
11800	 122.73	 14.72	 -106.72	 1	 1	 1	 hover	 1470	 1745	 1500	 -13268	 0.00	 0.00	 0.00
11900	 134.00	 3.58	 -96.39	 1	 1	 1	 hover	 1492	 1767	 1500	 -13357	 0.00	 0.00	 0.00
12000	 121.13	 15.23	 -102.72	 1	 1	 1	 hover	 1469	 1742	 1500	 -13626	 0.00	 0.00	 0.00
12100	 101.92	 24.29	 -73.16	 1	 1	 1	 hover	 1451	 1703	 1500	 -13477	 0.00	 0.00	 0.00
12200	 101.92	 9.93	 -78.95	 1	 1	 1	 hover	 1480	 1703	 1500	 -13693	 0.00	 0.00	 0.00
12300	 101.92	 19.69	 -74.35	 1	 1	 1	 hover	 1460	 1703	 1500	 -13795	 0.00	 0.00	 0.00
12400	 101.92	 17.15	 -51.19	 1	 1	 1	 hover	 1465	 1703	 1500	 -13666	 0.00	 0.00	 0.00
12500	 144.29	 23.08	 -57.60	 1	 1	 1	 hover	 1453	 1788	 1500	 -13845	 0.00	 0.00	 0.00
12600	 130.07	 30.27	 -61.77	 1	 1	 1	 hover	 1439	 1760	 1500	 -14011	 0.00	 0.00	 0.00
12700	 164.45	 30.80	 -123.96	 1	 1	 1	 hover	 1438	 1828	 1500	 -14511	 0.00	 0.00	 0.00
12800	 164.45	 26.96	 -117.80	 0	 1	 1	 hover	 1446	 1500	 1500	 -14685	 0.00	 0.00	 0.00
12900	 164.45	 23.80	 -127.75	 1	 1	 1	 hover	 1452	 1828	 1500	 -15040	 0.00	 0.00	 0.00
13000	 168.67	 24.60	 -121.94	 1	 1	 1	 hover	 1450	 1837	 1500	 -15225	 0.00	 0.00	 0.00
13100	 144.75	 31.39	 -122.78	 1	 1	 1	 hover	 1437	 1789	 1500	 -15479	 0.00	 0.00	 0.00
13200	 164.75	 29.37	 -120.99	 1	 1	 1	 hover	 1441	 1829	 1500	 -15703	 0.00	 0.00	 0.00
13300	 139.03	 23.97	 -130.42	 1	 1	 1	 hover	 1452	 1778	 1500	 -16059	 0.00	 0.00	 0.00
13400	 146.89	 29.41	 -134.15	 1	 1	 1	 hover	 1441	 1793	 1500	 -16364	 0.00	 0.00	 0.00
13500	 143.39	 30.22	 -134.33	 1	 1	 1	 hover	 1439	 1786	 1500	 -16635	 0.00	 0.00	 0.00
13600	 136.60	 28.66	 -138.96	 1	 1	 1	 hover	 1442	 1773	 1500	 -16959	 0.00	 0.00	 0.00
13700	 112.03	 26.56	 -139.85	 1	 1	 1	 hover	 1446	 1724	 1500	 -17247	 0.00	 0.00	 0.00
13800	 103.66	 27.67	 -146.01	 1	 1	 1	 hover	 1444	 1707	 1500	 -17601	 0.00	 0.00	 0.00
13900	 119.63	 19.81	 -144.98	 1	 1	 1	 hover	 1460	 1739	 1500	 -17881	 0.00	 0.00	 0.00
14000	 119.63	 15.90	 -146.83	 0	 1	 1	 hover	 1468	 1500	 1500	 -18193	 0.00	 0.00	 0.00
14100	 119.63	 11.52	 -146.90	 0	 1	 1	 hover	 1476	 1500	 1500	 -18487	 0.00	 0.00	 0.00
14200	 119.63	 10.38	 -152.46	 0	 1	 1	 hover	 1479	 1500	 1500	 -18848	 0.00	 0.00	 0.00
14300	 119.63	 10.63	 -151.72	 1	 1	 1	 hover	 1478	 1739	 1500	 -19144	 0.00	 0.00	 0.00
14400	 119.63	 7.45	 -161.61	 0	 1	 1	 hover	 1485	 1500	 1500	 -19566	 0.00	 0.00	 0.00
14500	 119.63	 2.61	 -163.88	 0	 1	 1	 hover	 1494	 1500	 1500	 -19917	 0.00	 0.00	 0.00
14600	 119.63	 2.19	 -162.18	 0	 1	 1	 hover	 1495	 1500	 1500	 -20224	 0.00	 0.00	 0.00
14700	 119.63	 -0.36	 -163.32	 1	 1	 1	 hover	 1500	 1739	 1500	 -20562	 0.00	 0.00	 0.00
14800	 119.63	 -5.81	 -157.11	 0	 1	 1	 hover	 1511	 1500	 1500	 -20814	 0.00	 0.00	 0.00
14900	 119.63	 -16.62	 -156.00	 1	 1	 1	 hover	 1533	 1739	 1500	 -21115	 0.00	 0.00	 0.00
15000	 101.94	 -5.30	 -157.99	 1	 1	 1	 hover	 1510	 1703	 1500	 -21451	 0.00	 0.00	 0.00
15100	 101.94	 -0.52	 -151.62	 0	 1	 1	 hover	 1501	 1500	 1500	 -21690	 0.00	 0.00	 0.00
15200	 101.94	 4.34	 -147.24	 0	 1	 1	 hover	 1491	 1500	 1500	 -21941	 0.00	 0.00	 0.00
15300	 101.94	 7.77	 -143.79	 1	 1	 1	 hover	 1484	 1703	 1500	 -22194	 0.00	 0.00	 0.00
15400	 109.22	 12.90	 -141.92	 1	 1	 1	 hover	 1474	 1718	 1500	 -22459	 0.00	 0.00	 0.00
15500	 119.53	 14.23	 -142.05	 1	 1	 1	 hover	 1471	 1739	 1500	 -22745	 0.00	 0.00	 0.00
15600	 114.19	 1.71	 -138.06	 1	 1	 1	 hover	 1496	 1728	 1500	 -22981	 0.00	 0.00	 0.00
15700	 114.19	 -74.79	 -136.39	 1	 1	 1	 hover	 1649	 1728	 1500	 -23237	 0.00	 0.00	 0.00
15800	 114.19	 -68.87	 -134.50	 1	 1	 1	 hover	 1637	 1728	 1500	 -23487	 0.00	 0.00	 0.00
15900	 114.19	 -62.87	 -133.44	 1	 1	 1	 hover	 1625	 1728	 1500	 -23743	 0.00	 0.00	 0.00
16000	 106.38	 -66.95	 -132.93	 1	 1	 1	 hover	 1633	 1712	 1500	 -24004	 0.00	 0.00	 0.00
16100	 106.38	 -60.53	 -137.15	 0	 1	 1	 hover	 1621	 1500	 1500	 -24321	 0.00	 0.00	 0.00
16200	 106.38	 -62.86	 -135.33	 1	 1	 1	 hover	 1625	 1712	 1500	 -24573	 0.00	 0.00	 0.00
16300	 106.38	 -63.74	 -138.09	 0	 1	 1	 hover	 1627	 1500	 1500	 -24877	 0.00	 0.00	 0.00
16400	 106.38	 -55.47	 -138.84	 1	 1	 1	 hover	 1610	 1712	 1500	 -25162	 0.00	 0.00	 0.00
16500	 118.61	 -55.16	 -140.73	 1	 1	 1	 hover	 1610	 1737	 1500	 -25462	 0.00	 0.00	 0.00
16600	 107.45	 -56.06	 -142.22	 1	 1	 1	 hover	 1612	 1714	 1500	 -25762	 0.00	 0.00	 0.00
16700	 102.21	 -54.51	 -141.57	 1	 1	 1	 hover	 1609	 1704	 1500	 -26038	 0.00	 0.00	 0.00
16800	 102.21	 -58.09	 -140.94	 0	 1	 1	 hover	 1616	 1500	 1500	 -26314	 0.00	 0.00	 0.00
16900	 102.21	 -58.10	 -144.81	 0	 1	 1	 hover	 1616	 1500	 1500	 -26642	 0.00	 0.00	 0.00
17000	 102.21	 0.88	 -144.51	 1	 1	 1	 hover	 1498	 1704	 1500	 -26928	 0.00	 0.00	 0.00
17100	 68.75	 -65.87	 -147.89	 1	 1	 1	 hover	 1631	 1637	 1500	 -27258	 0.00	 0.00	 0.00
17200	 68.75	 -66.13	 -151.62	 0	 1	 1	 hover	 1632	 1500	 1500	 -27598	 0.00	 0.00	 0.00
17300	 68.75	 -57.46	 -152.46	 1	 1	 1	 hover	 1614	 1637	 1500	 -27912	 0.00	 0.00	 0.00
17400	 68.75	 -55.66	 -155.41	 0	 1	 1	 hover	 1611	 1500	 1500	 -28252	 0.00	 0.00	 0.00
17500	 68.75	 -47.60	 -154.99	 1	 1	 1	 hover	 1595	 1637	 1500	 -28558	 0.00	 0.00	 0.00
17600	 46.81	 -45.98	 -156.59	 1	 1	 1	 hover	 1591	 1593	 1500	 -28887	 0.00	 0.00	 0.00
17700	 53.30	 -54.04	 -178.09	 1	 1	 1	 hover	 1608	 1606	 1500	 -29387	 0.00	 0.00	 0.00
17800	 53.30	 -55.01	 -152.85	 0	 1	 1	 hover	 1610	 1500	 1500	 -29440	 0.00	 0.00	 0.00
17900	 53.30	 -54.46	 -161.25	 1	 1	 1	 hover	 1608	 1606	 1500	 -29847	 0.00	 0.00	 0.00
18000	 53.30	 -54.83	 -161.15	 1	 1	 1	 hover	 1609	 1606	 1500	 -30168	 0.00	 0.00	 0.00
18100	 78.81	 -54.02	 -159.74	 1	 1	 1	 hover	 1608	 1657	 1500	 -30473	 0.00	 0.00	 0.00
18200	 80.12	 -57.47	 -145.02	 1	 1	 1	 hover	 1614	 1660	 1500	 -30616	 0.00	 0.00	 0.00
18300	 80.12	 -54.84	 -155.16	 0	 1	 1	 hover	 1609	 1500	 1500	 -31028	 0.00	 0.00	 0.00
18400	 80.12	 -60.85	 -147.30	 1	 1	 1	 hover	 1621	 1660	 1500	 -31244	 0.00	 0.00	 0.00
18500	 53.64	 -46.61	 -154.59	 1	 1	 1	 hover	 1593	 1607	 1500	 -31626	 0.00	 0.00	 0.00
18600	 53.64	 -36.85	 -156.95	 0	 1	 1	 hover	 1573	 1500	 1500	 -31964	 0.00	 0.00	 0.00
18700	 53.64	 -46.77	 -152.60	 1	 1	 1	 hover	 1593	 1607	 1500	 -32225	 0.00	 0.00	 0.00
18800	 53.64	 -42.58	 -151.36	 1	 1	 1	 hover	 1585	 1607	 1500	 -32516	 0.00	 0.00	 0.00
18900	 32.58	 -46.73	 -150.43	 1	 1	 1	 hover	 1593	 1565	 1500	 -32807	 0.00	 0.00	 0.00
19000	 32.58	 -45.14	 -151.28	 0	 1	 1	 hover	 1590	 1500	 1500	 -33118	 0.00	 0.00	 0.00
19100	 32.58	 -43.73	 -148.49	 0	 1	 1	 hover	 1587	 1500	 1500	 -33387	 0.00	 0.00	 0.00
19200	 32.58	 -56.20	 -148.71	 0	 1	 1	 hover	 1612	 1500	 1500	 -33687	 0.00	 0.00	 0.00
19300	 32.58	 -36.45	 -145.04	 0	 1	 1	 hover	 1572	 1500	 1500	 -33940	 0.00	 0.00	 0.00
19400	 32.58	 -47.08	 -142.64	 0	 1	 1	 hover	 1594	 1500	 1500	 -34202	 0.00	 0.00	 0.00
19500	 32.58	 -36.87	 -135.41	 0	 1	 1	 hover	 1573	 1500	 1500	 -34400	 0.00	 0.00	 0.00
19600	 32.58	 -39.82	 -128.30	 1	 1	 1	 hover	 1579	 1565	 1500	 -34586	 0.00	 0.00	 0.00
19700	 57.03	 -40.95	 -127.15	 1	 1	 1	 hover	 1581	 1614	 1500	 -34828	 0.00	 0.00	 0.00
19800	 57.03	 -39.77	 -120.38	 0	 1	 1	 hover	 1579	 1500	 1500	 -35001	 0.00	 0.00	 0.00
19900	 57.03	 -38.33	 -106.56	 1	 1	 1	 hover	 1576	 1614	 1500	 -35076	 0.00	 0.00	 0.00
20000	 73.97	 -39.13	 -106.56	 1	 1	 1	 hover	 1578	 1647	 1500	 -35290	 0.00	 0.00	 0.00
20100	 76.13	 -57.32	 -79.59	 1	 1	 1	 hover	 1614	 1652	 1500	 -35179	 0.00	 0.00	 0.00
20200	 74.69	 -59.68	 -82.40	 1	 1	 1	 hover	 1619	 1649	 1500	 -35372	 0.00	 0.00	 0.00
20300	 56.99	 -60.82	 -88.41	 1	 1	 1	 hover	 1621	 1613	 1500	 -35609	 0.00	 0.00	 0.00
20400	 64.00	 -59.29	 -91.83	 1	 1	 1	 hover	 1618	 1627	 1500	 -35827	 0.00	 0.00	 0.00
20500	 52.90	 -59.55	 -91.92	 1	 1	 1	 hover	 1619	 1605	 1500	 -36011	 0.00	 0.00	 0.00
20600	 46.42	 -61.84	 -85.23	 1	 1	 1	 hover	 1623	 1592	 1500	 -36115	 0.00	 0.00	 0.00
20700	 36.40	 -62.29	 -74.97	 1	 1	 1	 hover	 1624	 1572	 1500	 -36162	 0.00	 0.00	 0.00
20800	 35.60	 -64.33	 -75.37	 1	 1	 1	 hover	 1628	 1571	 1500	 -36317	 0.00	 0.00	 0.00
20900	 38.96	 -66.42	 -73.31	 1	 1	 1	 hover	 1632	 1577	 1500	 -36443	 0.00	 0.00	 0.00
21000	 39.34	 -67.26	 -71.92	 1	 1	 1	 hover	 1634	 1578	 1500	 -36573	 0.00	 0.00	 0.00
21100	 22.85	 -67.30	 -72.11	 1	 1	 1	 hover	 1634	 1545	 1500	 -36719	 0.00	 0.00	 0.00
21200	 21.84	 -66.96	 -70.65	 1	 1	 1	 hover	 1633	 1543	 1500	 -36846	 0.00	 0.00	 0.00
21300	 31.49	 -69.01	 -70.15	 1	 1	 1	 hover	 1638	 1562	 1500	 -36981	 0.00	 0.00	 0.00
21400	 28.77	 -67.96	 -70.08	 1	 1	 1	 hover	 1635	 1557	 1500	 -37121	 0.00	 0.00	 0.00
21500	 26.85	 -71.18	 -70.87	 1	 1	 1	 hover	 1642	 1553	 1500	 -37270	 0.00	 0.00	 0.00
21600	 26.03	 -69.90	 -70.29	 1	 1	 1	 hover	 1639	 1552	 1500	 -37405	 0.00	 0.00	 0.00
21700	 28.22	 -69.25	 -70.79	 1	 1	 1	 hover	 1638	 1556	 1500	 -37552	 0.00	 0.00	 0.00
21800	 27.87	 -69.16	 -70.32	 1	 1	 1	 hover	 1638	 1555	 1500	 -37688	 0.00	 0.00	 0.00
21900	 34.79	 -70.53	 -70.81	 1	 1	 1	 hover	 1641	 1569	 1500	 -37834	 0.00	 0.00	 0.00
22000	 28.50	 -69.28	 -71.13	 1	 1	 1	 hover	 1638	 1557	 1500	 -37980	 0.00	 0.00	 0.00
22100	 27.24	 -67.81	 -70.54	 1	 1	 1	 hover	 1635	 1554	 1500	 -38115	 0.00	 0.00	 0.00
22200	 26.53	 -69.11	 -70.18	 1	 1	 1	 hover	 1638	 1553	 1500	 -38251	 0.00	 0.00	 0.00
22300	 28.15	 -68.75	 -70.12	 1	 1	 1	 hover	 1637	 1556	 1500	 -38391	 0.00	 0.00	 0.00
22400	 25.03	 -68.84	 -70.83	 1	 1	 1	 hover	 1637	 1550	 1500	 -38540	 0.00	 0.00	 0.00
22500	 23.72	 -70.19	 -70.79	 1	 1	 1	 hover	 1640	 1547	 1500	 -38681	 0.00	 0.00	 0.00
22600	 25.37	 -68.16	 -70.01	 1	 1	 1	 hover	 1636	 1550	 1500	 -38813	 0.00	 0.00	 0.00
22700	 25.32	 -68.30	 -69.90	 1	 1	 1	 hover	 1636	 1550	 1500	 -38952	 0.00	 0.00	 0.00
22800	 23.46	 -68.38	 -70.34	 1	 1	 1	 hover	 1636	 1546	 1500	 -39097	 0.00	 0.00	 0.00
22900	 27.65	 -67.75	 -69.80	 1	 1	 1	 hover	 1635	 1555	 1500	 -39231	 0.00	 0.00	 0.00
23000	 28.29	 -71.47	 -69.81	 1	 1	 1	 hover	 1642	 1556	 1500	 -39371	 0.00	 0.00	 0.00
23100	 26.13	 -67.58	 -70.16	 1	 1	 1	 hover	 1635	 1552	 1500	 -39515	 0.00	 0.00	 0.00
23200	 25.72	 -66.41	 -70.23	 1	 1	 1	 hover	 1632	 1551	 1500	 -39656	 0.00	 0.00	 0.00
23300	 26.11	 -66.61	 -69.70	 1	 1	 1	 hover	 1633	 1552	 1500	 -39790	 0.00	 0.00	 0.00
23400	 26.62	 -65.97	 -69.98	 1	 1	 1	 hover	 1631	 1553	 1500	 -39933	 0.00	 0.00	 0.00
23500	 24.88	 -66.59	 -70.06	 1	 1	 1	 hover	 1633	 1549	 1500	 -40074	 0.00	 0.00	 0.00
23600	 24.82	 -65.92	 -70.19	 1	 1	 1	 hover	 1631	 1549	 1500	 -40215	 0.00	 0.00	 0.00
23700	 24.77	 -65.97	 -70.12	 1	 1	 1	 hover	 1631	 1549	 1500	 -40355	 0.00	 0.00	 0.00
23800	 18.27	 -67.86	 -70.64	 1	 1	 1	 hover	 1635	 1536	 1500	 -40501	 0.00	 0.00	 0.00
23900	 17.53	 -69.04	 -70.14	 1	 1	 1	 hover	 1638	 1535	 1500	 -40637	 0.00	 0.00	 0.00
24000	 17.66	 -66.80	 -70.02	 1	 1	 1	 hover	 1633	 1535	 1500	 -40775	 0.00	 0.00	 0.00
24100	 23.10	 -65.90	 -69.88	 1	 1	 1	 hover	 1631	 1546	 1500	 -40914	 0.00	 0.00	 0.00
24200	 16.13	 -66.57	 -73.36	 1	 1	 1	 hover	 1633	 1532	 1500	 -41095	 0.00	 0.00	 0.00
24300	 14.63	 -66.80	 -71.50	 1	 1	 1	 hover	 1633	 1529	 1500	 -41220	 0.00	 0.00	 0.00
24400	 11.87	 -65.81	 -70.55	 1	 1	 1	 hover	 1631	 1523	 1500	 -41351	 0.00	 0.00	 0.00
24500	 22.61	 -65.93	 -70.17	 1	 1	 1	 hover	 1631	 1545	 1500	 -41488	 0.00	 0.00	 0.00
24600	 23.81	 -67.77	 -70.00	 1	 1	 1	 hover	 1635	 1547	 1500	 -41626	 0.00	 0.00	 0.00
24700	 25.30	 -66.90	 -70.09	 1	 1	 1	 hover	 1633	 1550	 1500	 -41767	 0.00	 0.00	 0.00
24800	 27.08	 -66.22	 -69.99	 1	 1	 1	 hover	 1632	 1554	 1500	 -41906	 0.00	 0.00	 0.00
24900	 19.13	 -66.61	 -70.11	 1	 1	 1	 hover	 1633	 1538	 1500	 -42048	 0.00	 0.00	 0.00
25000	 18.28	 -66.12	 -70.24	 1	 1	 1	 hover	 1632	 1536	 1500	 -42189	 0.00	 0.00	 0.00
25100	 17.59	 -67.74	 -70.98	 1	 1	 1	 hover	 1635	 1535	 1500	 -42339	 0.00	 0.00	 0.00
25200	 16.75	 -68.69	 -70.04	 1	 1	 1	 hover	 1637	 1533	 1500	 -42469	 0.00	 0.00	 0.00
25300	 16.33	 -67.29	 -69.88	 1	 1	 1	 hover	 1634	 1532	 1500	 -42608	 0.00	 0.00	 0.00
25400	 17.03	 -66.44	 -69.85	 1	 1	 1	 hover	 1632	 1534	 1500	 -42747	 0.00	 0.00	 0.00
25500	 26.50	 -65.67	 -70.27	 1	 1	 1	 hover	 1631	 1552	 1500	 -42892	 0.00	 0.00	 0.00
25600	 21.41	 -66.92	 -70.84	 1	 1	 1	 hover	 1633	 1542	 1500	 -43039	 0.00	 0.00	 0.00
25700	 20.99	 -67.58	 -70.35	 1	 1	 1	 hover	 1635	 1541	 1500	 -43175	 0.00	 0.00	 0.00
25800	 19.61	 -67.16	 -69.97	 1	 1	 1	 hover	 1634	 1539	 1500	 -43311	 0.00	 0.00	 0.00
25900	 21.36	 -67.23	 -70.18	 1	 1	 1	 hover	 1634	 1542	 1500	 -43454	 0.00	 0.00	 0.00
26000	 27.33	 -68.89	 -70.55	 1	 1	 1	 hover	 1637	 1554	 1500	 -43598	 0.00	 0.00	 0.00
26100	 25.54	 -66.58	 -69.95	 1	 1	 1	 hover	 1633	 1551	 1500	 -43732	 0.00	 0.00	 0.00
26200	 24.61	 -66.62	 -69.83	 1	 1	 1	 hover	 1633	 1549	 1500	 -43871	 0.00	 0.00	 0.00
26300	 31.58	 -67.65	 -70.02	 1	 1	 1	 hover	 1635	 1563	 1500	 -44013	 0.00	 0.00	 0.00
26400	 28.90	 -66.76	 -70.19	 1	 1	 1	 hover	 1633	 1557	 1500	 -44155	 0.00	 0.00	 0.00
26500	 27.77	 -66.12	 -70.32	 1	 1	 1	 hover	 1632	 1555	 1500	 -44297	 0.00	 0.00	 0.00
26600	 27.45	 -67.40	 -70.49	 1	 1	 1	 hover	 1634	 1554	 1500	 -44439	 0.00	 0.00	 0.00
26700	 27.81	 -66.98	 -70.09	 1	 1	 1	 hover	 1633	 1555	 1500	 -44576	 0.00	 0.00	 0.00
26800	 26.74	 -66.37	 -69.82	 1	 1	 1	 hover	 1632	 1553	 1500	 -44712	 0.00	 0.00	 0.00
26900	 31.67	 -66.70	 -70.06	 1	 1	 1	 hover	 1633	 1563	 1500	 -44855	 0.00	 0.00	 0.00
27000	 34.93	 -67.56	 -70.39	 1	 1	 1	 hover	 1635	 1569	 1500	 -44999	 0.00	 0.00	 0.00
27100	 35.57	 -68.04	 -70.32	 1	 1	 1	 hover	 1636	 1571	 1500	 -45139	 0.00	 0.00	 0.00
27200	 24.03	 -68.54	 -70.35	 1	 1	 1	 hover	 1637	 1548	 1500	 -45280	 0.00	 0.00	 0.00
27300	 25.17	 -67.55	 -70.51	 1	 1	 1	 hover	 1635	 1550	 1500	 -45423	 0.00	 0.00	 0.00
27400	 20.88	 -67.10	 -70.12	 1	 1	 1	 hover	 1634	 1541	 1500	 -45559	 0.00	 0.00	 0.00
27500	 19.17	 -66.46	 -70.15	 1	 1	 1	 hover	 1632	 1538	 1500	 -45700	 0.00	 0.00	 0.00
27600	 24.53	 -66.63	 -70.22	 1	 1	 1	 hover	 1633	 1549	 1500	 -45841	 0.00	 0.00	 0.00
27700	 20.77	 -67.04	 -70.51	 1	 1	 1	 hover	 1634	 1541	 1500	 -45985	 0.00	 0.00	 0.00
27800	 19.23	 -68.16	 -70.03	 1	 1	 1	 hover	 1636	 1538	 1500	 -46120	 0.00	 0.00	 0.00
27900	 21.39	 -67.92	 -70.16	 1	 1	 1	 hover	 1635	 1542	 1500	 -46261	 0.00	 0.00	 0.00
28000	 26.80	 -70.53	 -70.27	 1	 1	 1	 hover	 1641	 1553	 1500	 -46403	 0.00	 0.00	 0.00
28100	 25.57	 -71.02	 -69.75	 1	 1	 1	 hover	 1642	 1551	 1500	 -46537	 0.00	 0.00	 0.00
28200	 25.16	 -66.76	 -69.86	 1	 1	 1	 hover	 1633	 1550	 1500	 -46678	 0.00	 0.00	 0.00
28300	 24.75	 -66.96	 -70.29	 1	 1	 1	 hover	 1633	 1549	 1500	 -46823	 0.00	 0.00	 0.00
28400	 29.98	 -67.82	 -70.32	 1	 1	 1	 hover	 1635	 1559	 1500	 -46964	 0.00	 0.00	 0.00
28500	 30.89	 -110.37	 -73.40	 1	 1	 1	 hover	 1720	 1561	 1500	 -47142	 0.00	 0.00	 0.00
28600	 27.41	 -113.39	 -73.94	 1	 1	 1	 hover	 1726	 1554	 1500	 -47295	 0.00	 0.00	 0.00
28700	 27.21	 -83.91	 -74.47	 1	 1	 1	 hover	 1667	 1554	 1500	 -47449	 0.00	 0.00	 0.00
28800	 29.59	 -107.93	 -74.94	 1	 1	 1	 hover	 1715	 1559	 1500	 -47604	 0.00	 0.00	 0.00
28900	 30.40	 -90.48	 -75.24	 1	 1	 1	 hover	 1680	 1560	 1500	 -47757	 0.00	 0.00	 0.00
29000	 32.87	 -97.63	 -75.40	 1	 1	 1	 hover	 1695	 1565	 1500	 -47910	 0.00	 0.00	 0.00
29100	 23.61	 -80.16	 -77.04	 1	 1	 1	 hover	 1660	 1547	 1500	 -48080	 0.00	 0.00	 0.00
29200	 25.70	 -82.45	 -77.33	 1	 1	 1	 hover	 1664	 1551	 1500	 -48238	 0.00	 0.00	 0.00
29300	 20.04	 -81.49	 -75.52	 1	 1	 1	 hover	 1662	 1540	 1500	 -48371	 0.00	 0.00	 0.00
29400	 -3.62	 -81.49	 -75.55	 1	 0	 1	 hover	 1500	 1492	 1500	 -48522	 0.00	 0.00	 0.00
29500	 -10.71	 -75.55	 -75.38	 1	 1	 1	 hover	 1651	 1478	 1500	 -48671	 0.00	 0.00	 0.00
29600	 -9.85	 -76.90	 -77.92	 1	 1	 1	 hover	 1653	 1480	 1500	 -48852	 0.00	 0.00	 0.00
29700	 -12.39	 -80.98	 -78.16	 1	 1	 1	 hover	 1661	 1475	 1500	 -49011	 0.00	 0.00	 0.00
29800	 -10.18	 -85.94	 -77.41	 1	 1	 1	 hover	 1671	 1479	 1500	 -49158	 0.00	 0.00	 0.00
29900	 -3.06	 -92.97	 -79.29	 1	 1	 1	 hover	 1685	 1493	 1500	 -49336	 0.00	 0.00	 0.00
30000	 1.31	 -97.38	 -80.21	 1	 1	 1	 hover	 1694	 1502	 1500	 -49505	 0.00	 0.00	 0.00
30100	 6.43	 -101.26	 -80.43	 1	 1	 1	 hover	 1702	 1512	 1500	 -49668	 0.00	 0.00	 0.00
