#Time(ms)	 Value 	 Validity 	 avgValue 	 Diff 	 Outliers 	 invalidReason	 SD 
200	 -1.00 	0 	0.00 	1.00 	0 	0	 0.00	 0.00 
300	 288.12 	0 	144.06 	144.06 	0 	144.06	 28.91	 201.68 
400	 152.50 	1 	148.28 	4.22 	0 	-3	 39.58	 167.26 
500	 288.12 	0 	218.20 	69.92 	0 	69.92	 49.19	 251.86 
600	 150.19 	1 	184.19 	34.00 	0 	-3	 58.06	 180.69 
700	 142.00 	1 	163.10 	21.10 	0 	-3	 53.07	 153.61 
800	 150.72 	1 	156.91 	6.19 	0 	-3	 48.64	 151.59 
900	 154.46 	1 	155.68 	1.22 	0 	-3	 44.15	 153.60 
1000	 157.93 	1 	156.81 	1.12 	0 	-3	 40.08	 156.63 
1100	 148.41 	1 	152.61 	4.20 	0 	-3	 37.02	 150.88 
1200	 149.48 	1 	151.04 	1.56 	0 	-3	 33.43	 149.90 
1300	 150.63 	1 	150.84 	0.21 	0 	-3	 30.20	 150.41 
1400	 150.01 	1 	150.42 	0.41 	0 	-3	 27.24	 150.13 
1500	 287.50 	0 	218.96 	68.54 	0 	68.54	 38.27	 246.29 
1600	 288.83 	1 	253.90 	34.93 	0 	-3	 34.57	 276.07 
1700	 288.48 	1 	271.19 	17.29 	0 	-3	 31.15	 284.76 
1800	 287.41 	1 	279.30 	8.11 	0 	-3	 28.14	 286.61 
1900	 286.79 	1 	283.04 	3.75 	0 	-3	 25.39	 286.74 
2000	 287.41 	1 	285.23 	2.18 	0 	-3	 22.91	 287.21 
2100	 287.94 	1 	286.58 	1.36 	0 	-3	 20.68	 287.72 
2200	 149.30 	0 	217.94 	68.64 	0 	68.64	 32.47	 190.83 
2300	 287.94 	1 	252.94 	35.00 	0 	-3	 43.09	 258.81 
2400	 286.79 	1 	269.87 	16.92 	0 	-3	 38.89	 278.39 
2500	 150.37 	0 	210.12 	59.75 	0 	59.75	 48.65	 188.78 
2600	 151.43 	1 	180.77 	29.34 	0 	-3	 43.89	 162.63 
2700	 286.87 	0 	233.82 	53.05 	0 	53.05	 53.04	 249.60 
2800	 288.48 	1 	261.15 	27.33 	0 	-3	 47.90	 276.82 
2900	 147.34 	0 	204.25 	56.91 	0 	56.91	 57.22	 186.18 
3000	 239.44 	1 	221.84 	17.60 	0 	-3	 60.71	 223.46 
3100	 144.94 	0 	183.39 	38.45 	0 	38.45	 64.09	 168.50 
3200	 236.95 	1 	210.17 	26.78 	0 	-3	 66.88	 216.41 
3300	 95.91 	0 	153.04 	57.13 	0 	57.13	 74.30	 132.06 
3400	 138.35 	1 	145.70 	7.35 	0 	-3	 71.11	 136.46 
3500	 263.38 	0 	204.54 	58.84 	0 	58.84	 76.50	 225.31 
3600	 139.07 	1 	171.80 	32.73 	0 	-3	 81.28	 164.94 
3700	 181.25 	1 	176.53 	4.72 	0 	-3	 77.37	 176.36 
3800	 139.15 	1 	157.84 	18.69 	0 	-3	 73.85	 150.31 
3900	 162.74 	1 	160.29 	2.45 	0 	-3	 68.82	 159.01 
4000	 177.86 	1 	169.07 	8.79 	0 	-3	 63.45	 172.21 
4100	 201.71 	1 	185.39 	16.32 	0 	-3	 59.49	 192.86 
4200	 126.70 	1 	156.05 	29.35 	0 	-3	 61.04	 146.55 
4300	 154.02 	1 	155.03 	1.01 	0 	-3	 57.67	 151.78 
4400	 125.36 	1 	140.20 	14.84 	0 	-3	 54.77	 133.29 
4500	 129.01 	1 	134.60 	5.59 	0 	-3	 49.66	 130.29 
4600	 179.73 	1 	157.17 	22.56 	0 	-3	 49.76	 164.90 
4700	 193.08 	1 	175.12 	17.96 	0 	-3	 46.12	 184.63 
4800	 158.82 	1 	166.97 	8.15 	0 	-3	 44.94	 166.56 
4900	 169.59 	1 	168.28 	1.31 	0 	-3	 41.52	 168.68 
5000	 92.26 	0 	130.27 	38.01 	0 	38.01	 45.10	 115.19 
5100	 156.51 	1 	143.39 	13.12 	0 	-3	 47.02	 144.11 
5200	 240.42 	0 	191.91 	48.51 	0 	48.51	 50.71	 211.53 
5300	 241.67 	1 	216.79 	24.88 	0 	-3	 45.76	 232.63 
5400	 163.72 	1 	190.25 	26.53 	0 	-3	 48.98	 184.39 
5500	 138.53 	1 	164.39 	25.86 	0 	-3	 46.60	 152.29 
5600	 154.91 	1 	159.65 	4.74 	0 	-3	 43.58	 154.12 
5700	 247.19 	0 	203.42 	43.77 	0 	43.77	 48.45	 219.27 
5800	 147.16 	1 	175.29 	28.13 	0 	-3	 53.61	 168.79 
5900	 212.93 	1 	194.11 	18.82 	0 	-3	 54.82	 199.69 
6000	 230.37 	1 	212.24 	18.13 	0 	-3	 51.08	 221.17 
6100	 149.74 	1 	180.99 	31.25 	0 	-3	 54.04	 171.17 
6200	 98.75 	0 	139.87 	41.12 	0 	41.12	 53.73	 120.48 
6300	 188.54 	1 	164.21 	24.33 	0 	-3	 57.34	 168.12 
6400	 149.74 	1 	156.97 	7.23 	0 	-3	 55.49	 155.25 
6500	 158.73 	1 	157.85 	0.88 	0 	-3	 50.84	 157.69 
6600	 114.15 	1 	136.00 	21.85 	0 	-3	 50.21	 127.21 
6700	 142.09 	1 	139.05 	3.04 	0 	-3	 47.98	 137.63 
6800	 132.04 	1 	135.54 	3.50 	0 	-3	 44.19	 133.72 
6900	 146.81 	1 	141.18 	5.63 	0 	-3	 41.25	 142.88 
7000	 160.07 	1 	150.62 	9.45 	0 	-3	 38.45	 154.91 
7100	 196.46 	1 	173.54 	22.92 	0 	-3	 38.24	 184.00 
7200	 124.20 	1 	148.87 	24.67 	0 	-3	 41.64	 142.14 
7300	 150.55 	1 	149.71 	0.84 	0 	-3	 40.12	 148.03 
7400	 132.04 	1 	140.88 	8.84 	0 	-3	 37.95	 136.84 
7500	 146.81 	1 	143.84 	2.97 	0 	-3	 35.64	 143.82 
7600	 109.52 	1 	126.68 	17.16 	0 	-3	 35.80	 119.81 
7700	 132.04 	1 	129.36 	2.68 	0 	-3	 34.47	 128.37 
7800	 136.84 	1 	133.10 	3.74 	0 	-3	 31.51	 134.30 
7900	 132.04 	1 	132.57 	0.53 	0 	-3	 28.84	 132.72 
8000	 144.32 	1 	138.45 	5.87 	0 	-3	 27.18	 140.84 
8100	 131.23 	1 	134.84 	3.61 	0 	-3	 25.77	 134.11 
8200	 127.85 	1 	131.34 	3.49 	0 	-3	 23.53	 129.73 
8300	 115.93 	1 	123.64 	7.71 	0 	-3	 22.37	 120.07 
8400	 126.96 	1 	125.30 	1.66 	0 	-3	 21.24	 124.89 
8500	 123.67 	1 	124.48 	0.81 	0 	-3	 19.44	 124.04 
8600	 121.62 	1 	123.05 	1.43 	0 	-3	 17.70	 122.35 
8700	 118.42 	1 	120.74 	2.32 	0 	-3	 16.25	 119.60 
8800	 112.46 	1 	116.60 	4.14 	0 	-3	 15.22	 114.60 
8900	 109.08 	1 	112.84 	3.76 	0 	-3	 14.04	 110.74 
9000	 107.47 	1 	110.15 	2.68 	0 	-3	 12.80	 108.45 
9100	 104.81 	1 	107.48 	2.67 	0 	-3	 11.78	 105.90 
9200	 101.33 	1 	104.41 	3.08 	0 	-3	 10.95	 102.70 
9300	 98.67 	1 	101.54 	2.87 	0 	-3	 10.12	 99.88 
9400	 100.36 	1 	100.95 	0.59 	0 	-3	 9.28	 100.22 
9500	 97.33 	1 	99.14 	1.81 	0 	-3	 8.65	 98.20 
9600	 98.58 	1 	98.86 	0.28 	0 	-3	 7.91	 98.46 
9700	 96.26 	1 	97.56 	1.30 	0 	-3	 7.35	 96.92 
9800	 98.75 	1 	98.15 	0.60 	0 	-3	 6.87	 98.20 
9900	 94.48 	1 	96.32 	1.84 	0 	-3	 6.61	 95.60 
10000	 94.13 	1 	95.22 	1.09 	0 	-3	 5.98	 94.57 
10100	 93.15 	1 	94.19 	1.04 	0 	-3	 5.48	 93.58 
10200	 159.62 	0 	126.90 	32.72 	0 	32.72	 11.58	 139.81 
10300	 90.92 	1 	108.91 	17.99 	0 	-3	 17.29	 105.59 
10400	 90.03 	1 	99.47 	9.44 	0 	-3	 15.65	 94.70 
10500	 89.86 	1 	94.67 	4.81 	0 	-3	 14.10	 91.31 
10600	 91.19 	1 	92.93 	1.74 	0 	-3	 12.83	 91.23 
10700	 95.11 	1 	94.02 	1.09 	0 	-3	 11.94	 93.94 
10800	 99.29 	1 	96.65 	2.64 	0 	-3	 11.16	 97.69 
10900	 105.61 	1 	101.13 	4.48 	0 	-3	 10.68	 103.23 
11000	 109.70 	1 	105.42 	4.28 	0 	-3	 10.02	 107.76 
11100	 116.02 	1 	110.72 	5.30 	0 	-3	 9.65	 113.54 
11200	 120.38 	1 	115.55 	4.83 	0 	-3	 9.12	 118.33 
11300	 119.49 	1 	117.52 	1.97 	0 	-3	 8.30	 119.14 
11400	 135.60 	1 	126.56 	9.04 	0 	-3	 9.08	 130.66 
11500	 131.59 	1 	129.07 	2.52 	0 	-3	 8.57	 131.31 
11600	 108.63 	1 	118.85 	10.22 	0 	-3	 10.01	 115.43 
11700	 114.59 	1 	116.72 	2.13 	0 	-3	 9.60	 114.84 
11800	 139.07 	1 	127.90 	11.17 	0 	-3	 11.09	 131.80 
11900	 145.92 	1 	136.91 	9.01 	0 	-3	 10.67	 141.68 
12000	 113.70 	1 	125.30 	11.60 	0 	-3	 12.82	 122.10 
12100	 175.37 	1 	150.34 	25.03 	0 	-3	 17.71	 159.39 
12200	 126.70 	1 	138.52 	11.82 	0 	-3	 20.80	 136.51 
12300	 138.89 	1 	138.70 	0.19 	0 	-3	 19.94	 138.17 
12400	 197.35 	1 	168.03 	29.32 	0 	-3	 23.79	 179.60 
12500	 127.14 	1 	147.58 	20.44 	0 	-3	 28.44	 142.88 
12600	 113.44 	1 	130.51 	17.07 	0 	-3	 26.96	 122.27 
12700	 127.14 	1 	128.83 	1.69 	0 	-3	 25.64	 125.68 
12800	 146.45 	1 	137.64 	8.81 	0 	-3	 25.00	 140.22 
12900	 100.80 	1 	119.22 	18.42 	0 	-3	 27.07	 112.63 
13000	 212.93 	0 	166.07 	46.86 	0 	46.86	 35.57	 182.84 
13100	 142.00 	1 	154.04 	12.04 	0 	-3	 39.11	 154.25 
13200	 174.66 	1 	164.35 	10.31 	0 	-3	 38.46	 168.54 
13300	 123.40 	1 	143.87 	20.47 	0 	-3	 39.74	 136.94 
13400	 127.32 	1 	135.60 	8.28 	0 	-3	 36.16	 130.21 
13500	 144.49 	1 	140.04 	4.45 	0 	-3	 34.26	 140.20 
13600	 133.73 	1 	136.89 	3.16 	0 	-3	 31.91	 135.67 
13700	 150.99 	1 	143.94 	7.05 	0 	-3	 30.45	 146.39 
13800	 124.65 	1 	134.29 	9.64 	0 	-3	 30.04	 131.17 
13900	 149.21 	1 	141.75 	7.46 	0 	-3	 29.49	 143.80 
14000	 134.88 	1 	138.32 	3.44 	0 	-3	 27.97	 137.56 
14100	 159.71 	1 	149.01 	10.70 	0 	-3	 27.66	 153.06 
14200	 137.02 	1 	143.02 	6.00 	0 	-3	 27.16	 141.83 
14300	 160.33 	1 	151.67 	8.66 	0 	-3	 26.78	 154.78 
14400	 25.52 	0 	88.60 	63.08 	0 	63.08	 37.58	 64.30 
14500	 191.21 	0 	139.90 	51.31 	0 	51.31	 50.39	 153.14 
14600	 134.26 	1 	137.08 	2.82 	0 	-3	 51.05	 139.92 
14700	 132.12 	1 	134.60 	2.48 	0 	-3	 46.16	 134.46 
14800	 191.92 	1 	163.26 	28.66 	0 	-3	 47.52	 174.68 
14900	 194.42 	1 	178.84 	15.58 	0 	-3	 43.02	 188.50 
15000	 128.30 	1 	153.57 	25.27 	0 	-3	 45.33	 146.36 
15100	 195.39 	1 	174.48 	20.91 	0 	-3	 47.50	 180.68 
15200	 166.38 	1 	170.43 	4.05 	0 	-3	 45.66	 170.67 
15300	 169.05 	1 	169.74 	0.69 	0 	-3	 41.36	 169.54 
15400	 164.07 	1 	166.91 	2.84 	0 	-3	 37.72	 165.71 
15500	 133.99 	1 	150.45 	16.46 	0 	-3	 36.96	 143.51 
15600	 100.00 	0 	125.22 	25.22 	0 	25.22	 36.66	 113.05 
15700	 190.50 	0 	157.86 	32.64 	0 	32.64	 42.04	 167.27 
15800	 184.00 	1 	170.93 	13.07 	0 	-3	 38.49	 178.98 
15900	 160.60 	1 	165.77 	5.17 	0 	-3	 36.98	 166.11 
16000	 163.80 	1 	164.78 	0.98 	0 	-3	 33.60	 164.49 
16100	 133.10 	1 	148.94 	15.84 	0 	-3	 33.31	 142.52 
16200	 153.93 	1 	151.44 	2.49 	0 	-3	 32.06	 150.51 
16300	 134.08 	1 	142.76 	8.68 	0 	-3	 30.84	 139.01 
16400	 142.71 	1 	142.73 	0.02 	0 	-3	 28.62	 141.60 
16500	 135.42 	1 	139.08 	3.66 	0 	-3	 26.49	 137.27 
16600	 125.98 	1 	132.53 	6.55 	0 	-3	 24.78	 129.37 
16700	 149.39 	1 	140.96 	8.43 	0 	-3	 24.65	 143.38 
16800	 207.94 	1 	174.45 	33.49 	0 	-3	 28.04	 188.57 
16900	 124.03 	1 	149.24 	25.21 	0 	-3	 33.62	 143.39 
17000	 179.64 	1 	164.44 	15.20 	0 	-3	 35.82	 168.77 
17100	 142.54 	1 	153.49 	10.95 	0 	-3	 35.95	 150.41 
17200	 138.44 	1 	145.96 	7.52 	0 	-3	 32.76	 142.03 
17300	 136.66 	1 	141.31 	4.65 	0 	-3	 29.67	 138.27 
17400	 150.55 	1 	145.93 	4.62 	0 	-3	 28.09	 146.87 
17500	 127.85 	1 	136.89 	9.04 	0 	-3	 27.55	 133.55 
17600	 118.60 	1 	127.75 	9.15 	0 	-3	 25.72	 123.09 
17700	 131.50 	1 	129.62 	1.88 	0 	-3	 24.44	 128.98 
17800	 176.89 	1 	153.26 	23.63 	0 	-3	 26.53	 162.52 
17900	 127.50 	1 	140.38 	12.88 	0 	-3	 28.82	 138.00 
18000	 129.01 	1 	134.69 	5.68 	0 	-3	 26.09	 131.71 
18100	 131.68 	1 	133.19 	1.51 	0 	-3	 23.75	 131.69 
18200	 193.53 	1 	163.36 	30.17 	0 	-3	 27.56	 174.98 
18300	 127.68 	1 	145.52 	17.84 	0 	-3	 31.39	 141.87 
18400	 192.73 	1 	169.12 	23.61 	0 	-3	 34.75	 177.47 
18500	 122.25 	1 	145.69 	23.44 	0 	-3	 38.33	 138.82 
18600	 128.57 	1 	137.13 	8.56 	0 	-3	 35.12	 131.64 
18700	 156.51 	1 	146.82 	9.69 	0 	-3	 34.41	 149.05 
18800	 30.59 	0 	88.70 	58.11 	0 	58.11	 43.56	 66.13 
18900	 135.86 	0 	112.28 	23.58 	0 	23.58	 49.73	 114.94 
19000	 127.76 	1 	120.02 	7.74 	0 	-3	 45.57	 123.91 
19100	 148.32 	1 	134.17 	14.15 	0 	-3	 43.07	 141.00 
19200	 148.59 	1 	141.38 	7.21 	0 	-3	 38.79	 146.31 
19300	 169.77 	1 	155.58 	14.19 	0 	-3	 37.03	 162.73 
19400	 197.89 	1 	176.73 	21.16 	0 	-3	 36.13	 187.34 
19500	 201.45 	1 	189.09 	12.36 	0 	-3	 32.88	 197.22 
19600	 208.92 	1 	199.01 	9.91 	0 	-3	 30.34	 205.41 
19700	 161.22 	1 	180.11 	18.89 	0 	-3	 32.07	 174.48 
19800	 137.64 	1 	158.88 	21.24 	0 	-3	 31.22	 148.69 
19900	 245.94 	0 	202.41 	43.53 	0 	43.53	 38.93	 216.77 
20000	 264.54 	1 	233.47 	31.07 	0 	-3	 36.90	 250.21 
20100	 288.74 	1 	261.11 	27.63 	0 	-3	 35.63	 277.18 
20200	 259.29 	1 	260.20 	0.91 	0 	-3	 35.01	 264.66 
20300	 267.92 	1 	264.06 	3.86 	0 	-3	 32.37	 266.94 
20400	 260.71 	1 	262.38 	1.67 	0 	-3	 29.86	 262.58 
20500	 263.74 	1 	263.06 	0.68 	0 	-3	 27.17	 263.39 
20600	 273.97 	1 	268.52 	5.45 	0 	-3	 25.48	 270.80 
20700	 286.52 	1 	277.52 	9.00 	0 	-3	 24.19	 281.80 
20800	 279.76 	1 	278.64 	1.12 	0 	-3	 22.44	 280.37 
20900	 285.09 	1 	281.86 	3.23 	0 	-3	 20.73	 283.67 
21000	 286.96 	1 	284.41 	2.55 	0 	-3	 18.85	 285.97 
21100	 286.79 	1 	285.60 	1.19 	0 	-3	 16.98	 286.55 
21200	 287.85 	1 	286.73 	1.12 	0 	-3	 15.39	 287.46 
21300	 287.14 	1 	286.93 	0.21 	0 	-3	 13.92	 287.24 
21400	 287.14 	1 	287.04 	0.10 	0 	-3	 12.53	 287.17 
21500	 288.83 	1 	287.93 	0.90 	0 	-3	 11.44	 288.33 
21600	 287.14 	1 	287.54 	0.40 	0 	-3	 10.47	 287.50 
21700	 287.94 	1 	287.74 	0.20 	0 	-3	 9.50	 287.81 
21800	 287.05 	1 	287.39 	0.34 	0 	-3	 8.64	 287.28 
21900	 287.94 	1 	287.67 	0.27 	0 	-3	 7.87	 287.74 
22000	 288.21 	1 	287.94 	0.27 	0 	-3	 7.11	 288.07 
22100	 286.52 	1 	287.23 	0.71 	0 	-3	 6.56	 286.98 
22200	 287.14 	1 	287.18 	0.04 	0 	-3	 5.97	 287.09 
22300	 287.14 	1 	287.16 	0.02 	0 	-3	 5.37	 287.13 
22400	 288.30 	1 	287.73 	0.57 	0 	-3	 4.95	 287.95 
22500	 289.45 	1 	288.59 	0.86 	0 	-3	 4.57	 289.00 
22600	 288.30 	1 	288.45 	0.15 	0 	-3	 4.23	 288.51 
22700	 287.76 	1 	288.10 	0.34 	0 	-3	 3.86	 287.98 
22800	 289.54 	1 	288.82 	0.72 	0 	-3	 3.65	 289.07 
22900	 288.30 	1 	288.56 	0.26 	0 	-3	 3.41	 288.53 
23000	 287.76 	1 	288.16 	0.40 	0 	-3	 3.12	 287.99 
23100	 286.52 	1 	287.34 	0.82 	0 	-3	 2.94	 286.96 
23200	 286.61 	1 	286.98 	0.37 	0 	-3	 2.65	 286.72 
23300	 288.83 	1 	287.90 	0.93 	0 	-3	 2.61	 288.20 
23400	 287.14 	1 	287.52 	0.38 	0 	-3	 2.52	 287.46 
23500	 287.14 	1 	287.33 	0.19 	0 	-3	 2.26	 287.24 
23600	 286.52 	1 	286.93 	0.41 	0 	-3	 2.10	 286.73 
23700	 287.14 	1 	287.03 	0.11 	0 	-3	 1.95	 287.02 
23800	 288.83 	1 	287.93 	0.90 	0 	-3	 1.93	 288.29 
23900	 287.23 	1 	287.58 	0.35 	0 	-3	 1.89	 287.55 
24000	 287.23 	1 	287.41 	0.18 	0 	-3	 1.70	 287.33 
24100	 287.76 	1 	287.58 	0.18 	0 	-3	 1.59	 287.63 
24200	 277.17 	1 	282.38 	5.21 	0 	-3	 2.49	 280.31 
24300	 289.72 	1 	286.05 	3.67 	0 	-3	 3.49	 286.90 
24400	 287.14 	1 	286.59 	0.55 	0 	-3	 3.40	 287.07 
24500	 287.76 	1 	287.18 	0.58 	0 	-3	 3.12	 287.55 
24600	 287.76 	1 	287.47 	0.29 	0 	-3	 2.81	 287.70 
24700	 287.23 	1 	287.35 	0.12 	0 	-3	 2.58	 287.37 
24800	 287.76 	1 	287.55 	0.21 	0 	-3	 2.38	 287.64 
24900	 287.14 	1 	287.35 	0.21 	0 	-3	 2.20	 287.29 
25000	 286.61 	1 	286.98 	0.37 	0 	-3	 2.03	 286.81 
25100	 288.92 	1 	287.95 	0.97 	0 	-3	 2.06	 288.29 
25200	 288.30 	1 	288.12 	0.18 	0 	-3	 1.92	 288.30 
25300	 287.85 	1 	287.99 	0.14 	0 	-3	 1.77	 287.98 
25400	 287.76 	1 	287.87 	0.11 	0 	-3	 1.60	 287.83 
25500	 289.10 	1 	288.49 	0.61 	0 	-3	 1.58	 288.72 
25600	 288.39 	1 	288.44 	0.05 	0 	-3	 1.49	 288.49 
25700	 289.81 	1 	289.12 	0.69 	0 	-3	 1.48	 289.41 
25800	 287.76 	1 	288.44 	0.68 	0 	-3	 1.54	 288.26 
25900	 290.08 	1 	289.26 	0.82 	0 	-3	 1.62	 289.53 
26000	 288.12 	1 	288.69 	0.57 	0 	-3	 1.65	 288.54 
26100	 287.85 	1 	288.27 	0.42 	0 	-3	 1.51	 288.06 
26200	 287.76 	1 	288.02 	0.26 	0 	-3	 1.37	 287.85 
26300	 289.19 	1 	288.60 	0.59 	0 	-3	 1.38	 288.79 
26400	 286.61 	1 	287.61 	1.00 	0 	-3	 1.50	 287.26 
26500	 288.57 	1 	288.09 	0.48 	0 	-3	 1.54	 288.18 
26600	 288.83 	1 	288.46 	0.37 	0 	-3	 1.42	 288.63 
26700	 287.23 	1 	287.84 	0.61 	0 	-3	 1.43	 287.65 
26800	 287.85 	1 	287.85 	0.00 	0 	-3	 1.35	 287.79 
26900	 288.65 	1 	288.25 	0.40 	0 	-3	 1.30	 288.39 
27000	 288.03 	1 	288.14 	0.11 	0 	-3	 1.23	 288.14 
27100	 288.65 	1 	288.39 	0.26 	0 	-3	 1.17	 288.50 
27200	 289.01 	1 	288.70 	0.31 	0 	-3	 1.09	 288.86 
27300	 288.03 	1 	288.37 	0.34 	0 	-3	 1.08	 288.28 
27400	 287.14 	1 	287.75 	0.61 	0 	-3	 1.06	 287.48 
27500	 286.70 	1 	287.23 	0.53 	0 	-3	 1.00	 286.93 
27600	 286.61 	1 	286.92 	0.31 	0 	-3	 0.91	 286.71 
27700	 288.30 	1 	287.61 	0.69 	0 	-3	 0.98	 287.82 
27800	 287.32 	1 	287.46 	0.14 	0 	-3	 0.98	 287.47 
27900	 286.61 	1 	287.04 	0.43 	0 	-3	 0.96	 286.87 
28000	 288.03 	1 	287.53 	0.50 	0 	-3	 1.00	 287.68 
28100	 287.76 	1 	287.65 	0.11 	0 	-3	 0.93	 287.74 
28200	 287.23 	1 	287.44 	0.21 	0 	-3	 0.89	 287.38 
28300	 178.04 	0 	232.74 	54.70 	0 	54.70	 11.72	 210.84 
28400	 163.18 	1 	197.96 	34.78 	0 	-3	 12.03	 177.48 
28500	 147.16 	1 	172.56 	25.40 	0 	-3	 12.43	 156.26 
28600	 129.81 	1 	151.18 	21.37 	0 	-3	 12.92	 137.74 
28700	 112.90 	1 	132.04 	19.14 	0 	-3	 13.32	 120.35 
28800	 99.29 	1 	115.67 	16.38 	0 	-3	 13.35	 105.61 
28900	 92.97 	1 	104.32 	11.35 	0 	-3	 12.65	 96.76 
29000	 86.83 	1 	95.57 	8.74 	0 	-3	 12.00	 89.81 
29100	 103.47 	1 	99.52 	3.95 	0 	-3	 12.46	 99.37 
29200	 89.41 	1 	94.47 	5.06 	0 	-3	 12.62	 92.40 
29300	 127.23 	1 	110.85 	16.38 	0 	-3	 15.14	 116.78 
29400	 108.36 	1 	109.60 	1.24 	0 	-3	 15.51	 110.89 
29500	 87.10 	1 	98.35 	11.25 	0 	-3	 16.09	 94.24 
29600	 88.43 	1 	93.39 	4.96 	0 	-3	 14.61	 90.17 
29700	 86.74 	1 	90.07 	3.33 	0 	-3	 13.32	 87.77 
29800	 91.10 	1 	90.58 	0.52 	0 	-3	 12.42	 90.10 
29900	 87.81 	1 	89.20 	1.39 	0 	-3	 11.51	 88.50 
30000	 89.50 	1 	89.35 	0.15 	0 	-3	 10.53	 89.20 
30100	 87.27 	1 	88.31 	1.04 	0 	-3	 9.70	 87.85 
