#Time(ms)	 Value 	 Validity 	 avgValue 	 Diff 	 Outliers 	 invalidReason	 SD 
200	 -1.00 	0 	0.00 	1.00 	1 	0	 0.00	 0.00 
300	 219.60 	0 	109.80 	109.80 	1 	109.80	 22.06	 153.72 
400	 219.07 	1 	164.44 	54.63 	0 	-3	 19.91	 199.46 
500	 217.64 	1 	191.04 	26.60 	0 	-3	 18.06	 212.19 
600	 216.93 	1 	203.98 	12.95 	0 	-3	 16.32	 215.51 
700	 217.02 	1 	210.50 	6.52 	0 	-3	 14.70	 216.57 
800	 219.24 	1 	214.87 	4.37 	0 	-3	 13.45	 218.44 
900	 221.02 	1 	217.95 	3.07 	0 	-3	 12.29	 220.25 
1000	 217.64 	1 	217.79 	0.15 	0 	-3	 11.40	 218.42 
1100	 216.93 	1 	217.36 	0.43 	0 	-3	 10.33	 217.38 
1200	 218.62 	1 	217.99 	0.63 	0 	-3	 9.46	 218.25 
1300	 218.00 	1 	218.00 	0.00 	0 	-3	 8.58	 218.07 
1400	 217.02 	1 	217.51 	0.49 	0 	-3	 7.82	 217.34 
1500	 221.02 	1 	219.26 	1.76 	0 	-3	 7.44	 219.91 
1600	 219.60 	1 	219.43 	0.17 	0 	-3	 6.84	 219.69 
1700	 217.55 	1 	218.49 	0.94 	0 	-3	 6.36	 218.19 
1800	 219.78 	1 	219.14 	0.64 	0 	-3	 5.94	 219.30 
1900	 218.26 	1 	218.70 	0.44 	0 	-3	 5.50	 218.57 
2000	 218.09 	1 	218.39 	0.30 	0 	-3	 4.97	 218.23 
2100	 218.09 	1 	218.24 	0.15 	0 	-3	 4.47	 218.13 
2200	 219.24 	1 	218.74 	0.50 	0 	-3	 4.14	 218.91 
2300	 217.55 	1 	218.15 	0.60 	0 	-3	 3.89	 217.96 
2400	 219.07 	1 	218.61 	0.46 	0 	-3	 3.66	 218.74 
2500	 218.71 	1 	218.66 	0.05 	0 	-3	 3.33	 218.72 
2600	 218.71 	1 	218.68 	0.03 	0 	-3	 2.99	 218.71 
2700	 216.40 	1 	217.54 	1.14 	0 	-3	 2.93	 217.09 
2800	 218.89 	1 	218.22 	0.67 	0 	-3	 2.88	 218.35 
2900	 216.48 	1 	217.35 	0.87 	0 	-3	 2.84	 217.04 
3000	 219.51 	1 	218.43 	1.08 	0 	-3	 2.85	 218.77 
3100	 217.02 	1 	217.72 	0.70 	0 	-3	 2.82	 217.54 
3200	 217.55 	1 	217.64 	0.09 	0 	-3	 2.59	 217.55 
3300	 219.78 	1 	218.71 	1.07 	0 	-3	 2.55	 219.11 
3400	 217.11 	1 	217.91 	0.80 	0 	-3	 2.57	 217.71 
3500	 218.71 	1 	218.31 	0.40 	0 	-3	 2.47	 218.41 
3600	 221.02 	1 	219.66 	1.36 	0 	-3	 2.45	 220.24 
3700	 167.36 	1 	193.51 	26.15 	0 	-3	 7.57	 183.22 
3800	 227.25 	1 	210.38 	16.87 	0 	-3	 12.81	 214.04 
3900	 218.09 	1 	214.24 	3.85 	0 	-3	 12.44	 216.88 
4000	 217.46 	1 	215.85 	1.61 	0 	-3	 11.26	 217.28 
4100	 223.16 	1 	219.50 	3.66 	0 	-3	 10.70	 221.40 
4200	 216.48 	1 	217.99 	1.51 	0 	-3	 10.30	 217.96 
4300	 217.64 	1 	217.82 	0.18 	0 	-3	 9.39	 217.73 
4400	 230.81 	1 	224.31 	6.50 	0 	-3	 9.77	 226.89 
4500	 217.73 	1 	221.02 	3.29 	0 	-3	 10.10	 220.48 
4600	 216.66 	1 	218.84 	2.18 	0 	-3	 9.19	 217.81 
4700	 218.80 	1 	218.82 	0.02 	0 	-3	 8.49	 218.50 
4800	 217.55 	1 	218.19 	0.64 	0 	-3	 7.76	 217.84 
4900	 219.96 	1 	219.07 	0.89 	0 	-3	 7.23	 219.32 
5000	 217.64 	1 	218.36 	0.72 	0 	-3	 6.74	 218.14 
5100	 217.02 	1 	217.69 	0.67 	0 	-3	 6.13	 217.36 
5200	 217.02 	1 	217.35 	0.33 	0 	-3	 5.51	 217.12 
5300	 221.56 	1 	219.46 	2.10 	0 	-3	 5.42	 220.23 
5400	 217.64 	1 	218.55 	0.91 	0 	-3	 5.27	 218.42 
5500	 216.57 	1 	217.56 	0.99 	0 	-3	 4.85	 217.12 
5600	 217.73 	1 	217.64 	0.09 	0 	-3	 4.48	 217.55 
5700	 217.55 	1 	217.60 	0.05 	0 	-3	 4.05	 217.55 
5800	 218.09 	1 	217.84 	0.25 	0 	-3	 3.70	 217.93 
5900	 228.05 	1 	222.95 	5.10 	0 	-3	 4.32	 225.01 
6000	 222.27 	1 	222.61 	0.34 	0 	-3	 4.47	 223.09 
6100	 217.73 	1 	220.17 	2.44 	0 	-3	 4.48	 219.34 
6200	 217.11 	1 	218.64 	1.53 	0 	-3	 4.09	 217.78 
6300	 219.60 	1 	219.12 	0.48 	0 	-3	 3.93	 219.05 
6400	 218.71 	1 	218.91 	0.20 	0 	-3	 3.63	 218.81 
6500	 219.42 	1 	219.17 	0.25 	0 	-3	 3.34	 219.24 
6600	 218.80 	1 	218.98 	0.18 	0 	-3	 3.06	 218.93 
6700	 219.87 	1 	219.43 	0.44 	0 	-3	 2.86	 219.59 
6800	 219.24 	1 	219.33 	0.09 	0 	-3	 2.64	 219.34 
6900	 218.09 	1 	218.71 	0.62 	0 	-3	 2.49	 218.47 
7000	 219.69 	1 	219.20 	0.49 	0 	-3	 2.40	 219.32 
7100	 220.13 	1 	219.67 	0.46 	0 	-3	 2.21	 219.89 
7200	 217.73 	1 	218.70 	0.97 	0 	-3	 2.23	 218.38 
7300	 220.40 	1 	219.55 	0.85 	0 	-3	 2.27	 219.79 
7400	 218.71 	1 	219.13 	0.42 	0 	-3	 2.21	 219.03 
7500	 219.42 	1 	219.27 	0.15 	0 	-3	 2.06	 219.30 
7600	 218.35 	1 	218.81 	0.46 	0 	-3	 1.96	 218.64 
7700	 217.20 	1 	218.01 	0.81 	0 	-3	 1.88	 217.63 
7800	 217.55 	1 	217.78 	0.23 	0 	-3	 1.73	 217.57 
7900	 216.48 	1 	217.13 	0.65 	0 	-3	 1.66	 216.81 
8000	 220.40 	1 	218.76 	1.64 	0 	-3	 1.89	 219.32 
8100	 220.49 	1 	219.63 	0.86 	0 	-3	 1.71	 220.14 
8200	 217.55 	1 	218.59 	1.04 	0 	-3	 1.83	 218.33 
8300	 216.57 	1 	217.58 	1.01 	0 	-3	 1.75	 217.10 
8400	 218.71 	1 	218.14 	0.57 	0 	-3	 1.79	 218.23 
8500	 218.26 	1 	218.20 	0.06 	0 	-3	 1.65	 218.25 
8600	 217.64 	1 	217.92 	0.28 	0 	-3	 1.55	 217.82 
8700	 218.26 	1 	218.09 	0.17 	0 	-3	 1.46	 218.13 
8800	 217.55 	1 	217.82 	0.27 	0 	-3	 1.38	 217.72 
8900	 217.02 	1 	217.42 	0.40 	0 	-3	 1.30	 217.23 
9000	 217.73 	1 	217.58 	0.15 	0 	-3	 1.24	 217.58 
9100	 217.02 	1 	217.30 	0.28 	0 	-3	 1.18	 217.19 
9200	 218.09 	1 	217.69 	0.40 	0 	-3	 1.17	 217.82 
9300	 217.20 	1 	217.45 	0.25 	0 	-3	 1.15	 217.39 
9400	 219.96 	1 	218.70 	1.26 	0 	-3	 1.31	 219.19 
9500	 215.42 	1 	217.06 	1.64 	0 	-3	 1.63	 216.55 
9600	 219.96 	1 	218.51 	1.45 	0 	-3	 1.92	 218.94 
9700	 216.40 	1 	217.46 	1.06 	0 	-3	 2.08	 217.16 
9800	 219.33 	1 	218.39 	0.94 	0 	-3	 2.17	 218.68 
9900	 217.20 	1 	217.80 	0.60 	0 	-3	 2.17	 217.64 
10000	 217.02 	1 	217.41 	0.39 	0 	-3	 1.97	 217.21 
10100	 223.34 	1 	220.37 	2.97 	0 	-3	 2.40	 221.50 
10200	 218.71 	1 	219.54 	0.83 	0 	-3	 2.62	 219.55 
10300	 218.18 	1 	218.86 	0.68 	0 	-3	 2.42	 218.59 
10400	 218.09 	1 	218.48 	0.39 	0 	-3	 2.18	 218.24 
10500	 217.73 	1 	218.10 	0.37 	0 	-3	 2.00	 217.88 
10600	 216.48 	1 	217.29 	0.81 	0 	-3	 1.93	 216.90 
10700	 218.09 	1 	217.69 	0.40 	0 	-3	 1.89	 217.73 
10800	 217.64 	1 	217.67 	0.03 	0 	-3	 1.75	 217.67 
10900	 216.48 	1 	217.07 	0.59 	0 	-3	 1.69	 216.84 
11000	 219.96 	1 	218.52 	1.44 	0 	-3	 1.87	 219.02 
11100	 217.82 	1 	218.17 	0.35 	0 	-3	 1.90	 218.18 
11200	 217.37 	1 	217.77 	0.40 	0 	-3	 1.75	 217.61 
11300	 218.18 	1 	217.97 	0.21 	0 	-3	 1.66	 218.01 
11400	 222.00 	1 	219.99 	2.01 	0 	-3	 1.87	 220.80 
11500	 219.24 	1 	219.61 	0.37 	0 	-3	 1.96	 219.71 
11600	 218.35 	1 	218.98 	0.63 	0 	-3	 1.86	 218.76 
11700	 221.02 	1 	220.00 	1.02 	0 	-3	 1.94	 220.34 
11800	 219.42 	1 	219.71 	0.29 	0 	-3	 1.90	 219.70 
11900	 219.42 	1 	219.57 	0.15 	0 	-3	 1.71	 219.50 
12000	 219.51 	1 	219.54 	0.03 	0 	-3	 1.55	 219.51 
12100	 219.33 	1 	219.43 	0.10 	0 	-3	 1.41	 219.38 
12200	 220.40 	1 	219.92 	0.48 	0 	-3	 1.38	 220.10 
12300	 219.33 	1 	219.62 	0.29 	0 	-3	 1.35	 219.56 
12400	 216.93 	1 	218.28 	1.35 	0 	-3	 1.45	 217.72 
12500	 218.18 	1 	218.23 	0.05 	0 	-3	 1.43	 218.04 
12600	 217.73 	1 	217.98 	0.25 	0 	-3	 1.33	 217.82 
12700	 218.89 	1 	218.43 	0.46 	0 	-3	 1.32	 218.57 
12800	 218.18 	1 	218.31 	0.13 	0 	-3	 1.26	 218.30 
12900	 215.95 	1 	217.13 	1.18 	0 	-3	 1.35	 216.65 
13000	 217.02 	1 	217.07 	0.05 	0 	-3	 1.33	 216.91 
13100	 221.11 	1 	219.09 	2.02 	0 	-3	 1.60	 219.85 
13200	 217.02 	1 	218.06 	1.04 	0 	-3	 1.85	 217.87 
13300	 219.96 	1 	219.01 	0.95 	0 	-3	 1.96	 219.33 
13400	 219.24 	1 	219.12 	0.12 	0 	-3	 1.84	 219.27 
13500	 217.64 	1 	218.38 	0.74 	0 	-3	 1.81	 218.13 
13600	 217.02 	1 	217.70 	0.68 	0 	-3	 1.69	 217.35 
13700	 219.24 	1 	218.47 	0.77 	0 	-3	 1.75	 218.67 
13800	 221.02 	1 	219.75 	1.27 	0 	-3	 1.75	 220.32 
13900	 219.69 	1 	219.72 	0.03 	0 	-3	 1.71	 219.88 
14000	 219.51 	1 	219.61 	0.10 	0 	-3	 1.55	 219.62 
14100	 219.42 	1 	219.52 	0.10 	0 	-3	 1.41	 219.48 
14200	 218.35 	1 	218.93 	0.58 	0 	-3	 1.37	 218.69 
14300	 219.60 	1 	219.27 	0.33 	0 	-3	 1.36	 219.33 
14400	 217.20 	1 	218.23 	1.03 	0 	-3	 1.47	 217.84 
14500	 219.69 	1 	218.96 	0.73 	0 	-3	 1.57	 219.13 
14600	 220.40 	1 	219.68 	0.72 	0 	-3	 1.48	 220.02 
14700	 218.80 	1 	219.24 	0.44 	0 	-3	 1.49	 219.17 
14800	 221.02 	1 	220.13 	0.89 	0 	-3	 1.57	 220.46 
14900	 219.33 	1 	219.73 	0.40 	0 	-3	 1.58	 219.67 
15000	 215.95 	1 	217.84 	1.89 	0 	-3	 1.76	 217.07 
15100	 217.02 	1 	217.43 	0.41 	0 	-3	 1.69	 217.03 
