#Time(ms)	  xPos 	 yPos 	 zPos 	 xVal 	 yVal 	 zVal 	 State 	 oRoll 	 oPitch 	 oYaw 	 oThrottle 	 spX 	 spY 	 spZ 
200	 0.00	 0.00	 0.00	 0	 0	 0	 0	 1500	 1500	 1500	 1000	 0.00	 0.00	 0.00
300	 0.00	 0.00	 0.00	 0	 0	 0	 0	 1500	 1500	 1500	 1000	 0.00	 0.00	 0.00
400	 0.00	 0.00	 0.00	 1	 1	 1	 0	 1500	 1500	 1500	 1000	 0.00	 0.00	 0.00
500	 -0.78	 0.25	 0.60	 1	 1	 1	 0	 1499	 1498	 1500	 1007	 0.00	 0.00	 0.00
600	 -1.01	 -0.07	 0.88	 1	 1	 1	 0	 1500	 1497	 1500	 1011	 0.00	 0.00	 0.00
700	 -1.02	 -0.19	 0.95	 1	 1	 1	 0	 1500	 1497	 1500	 1014	 0.00	 0.00	 0.00
800	 -0.91	 -0.60	 0.76	 1	 1	 1	 0	 1501	 1498	 1500	 1014	 0.00	 0.00	 0.00
900	 -0.69	 -0.51	 -0.05	 1	 1	 1	 0	 1501	 1498	 1500	 1005	 0.00	 0.00	 0.00
1000	 -0.59	 -0.46	 0.24	 1	 1	 1	 0	 1500	 1498	 1500	 1009	 0.00	 0.00	 0.00
1100	 -0.88	 -0.47	 0.74	 1	 1	 1	 0	 1500	 1498	 1500	 1015	 0.00	 0.00	 0.00
1200	 -0.73	 -0.39	 0.78	 1	 1	 1	 0	 1500	 1498	 1500	 1017	 0.00	 0.00	 0.00
1300	 0.66	 -0.62	 0.06	 1	 1	 1	 0	 1501	 1501	 1500	 1010	 0.00	 0.00	 0.00
1400	 0.13	 -0.53	 0.47	 1	 1	 1	 0	 1501	 1500	 1500	 1015	 0.00	 0.00	 0.00
1500	 -0.19	 -0.65	 -0.24	 1	 1	 1	 0	 1501	 1499	 1500	 1007	 0.00	 0.00	 0.00
1600	 -0.34	 -0.23	 -0.15	 1	 1	 1	 0	 1500	 1499	 1500	 1008	 0.00	 0.00	 0.00
1700	 -0.37	 -0.21	 0.42	 1	 1	 1	 0	 1500	 1499	 1500	 1015	 0.00	 0.00	 0.00
1800	 -0.38	 -0.26	 0.45	 1	 1	 1	 0	 1500	 1499	 1500	 1016	 0.00	 0.00	 0.00
1900	 -0.34	 -0.55	 0.02	 1	 1	 1	 0	 1501	 1499	 1500	 1012	 0.00	 0.00	 0.00
2000	 -0.33	 -0.55	 0.17	 1	 1	 1	 0	 1501	 1499	 1500	 1013	 0.00	 0.00	 0.00
2100	 -0.39	 -0.49	 0.29	 1	 1	 1	 0	 1500	 1499	 1500	 1015	 0.00	 0.00	 0.00
2200	 -0.39	 -0.71	 0.27	 1	 1	 1	 0	 1501	 1499	 1500	 1016	 0.00	 0.00	 0.00
2300	 -0.15	 -0.67	 0.62	 1	 1	 1	 0	 1501	 1499	 1500	 1020	 0.00	 0.00	 0.00
2400	 -0.29	 -0.29	 0.09	 1	 1	 1	 0	 1500	 1499	 1500	 1015	 0.00	 0.00	 0.00
2500	 -0.33	 -0.55	 0.10	 1	 1	 1	 0	 1501	 1499	 1500	 1015	 0.00	 0.00	 0.00
2600	 -0.09	 -0.50	 0.16	 1	 1	 1	 0	 1500	 1499	 1500	 1016	 0.00	 0.00	 0.00
2700	 0.01	 -0.35	 0.79	 1	 1	 1	 0	 1500	 1500	 1500	 1024	 0.00	 0.00	 0.00
2800	 -0.24	 -0.31	 -0.01	 1	 1	 1	 0	 1500	 1499	 1500	 1016	 0.00	 0.00	 0.00
2900	 -0.22	 -0.41	 0.44	 1	 1	 1	 0	 1500	 1499	 1500	 1022	 0.00	 0.00	 0.00
3000	 -0.17	 0.24	 -0.00	 1	 1	 1	 0	 1499	 1499	 1500	 1017	 0.00	 0.00	 0.00
3100	 -0.39	 0.38	 0.27	 1	 1	 1	 0	 1499	 1499	 1500	 1020	 0.00	 0.00	 0.00
3200	 -1.31	 0.19	 0.28	 1	 1	 1	 0	 1499	 1497	 1500	 1021	 0.00	 0.00	 0.00
3300	 -1.19	 0.08	 0.42	 1	 1	 1	 0	 1499	 1497	 1500	 1023	 0.00	 0.00	 0.00
3400	 -0.53	 0.07	 0.13	 1	 1	 1	 0	 1499	 1498	 1500	 1021	 0.00	 0.00	 0.00
3500	 -0.42	 -0.12	 0.05	 1	 1	 1	 0	 1500	 1499	 1500	 1020	 0.00	 0.00	 0.00
3600	 -0.39	 0.18	 0.18	 1	 1	 1	 0	 1499	 1499	 1500	 1022	 0.00	 0.00	 0.00
3700	 -0.41	 0.24	 5.59	 1	 1	 1	 0	 1499	 1499	 1500	 1087	 0.00	 0.00	 0.00
3800	 -0.18	 0.25	 3.60	 1	 1	 1	 0	 1499	 1499	 1500	 1074	 0.00	 0.00	 0.00
3900	 -0.19	 0.25	 3.80	 1	 1	 1	 0	 1499	 1499	 1500	 1084	 0.00	 0.00	 0.00
4000	 0.96	 -0.41	 3.00	 1	 1	 1	 0	 1500	 1501	 1500	 1082	 0.00	 0.00	 0.00
4100	 0.44	 -0.34	 3.15	 1	 1	 1	 0	 1500	 1500	 1500	 1090	 0.00	 0.00	 0.00
4200	 0.22	 -0.65	 3.59	 1	 1	 1	 0	 1501	 1500	 1500	 1101	 0.00	 0.00	 0.00
4300	 0.13	 -0.71	 3.04	 1	 1	 1	 0	 1501	 1500	 1500	 1102	 0.00	 0.00	 0.00
4400	 -0.93	 -0.59	 2.87	 1	 1	 1	 0	 1501	 1498	 1500	 1106	 0.00	 0.00	 0.00
4500	 0.02	 -0.54	 2.83	 1	 1	 1	 0	 1501	 1500	 1500	 1111	 0.00	 0.00	 0.00
4600	 0.24	 -0.52	 2.91	 1	 1	 1	 0	 1501	 1500	 1500	 1118	 0.00	 0.00	 0.00
4700	 0.36	 -0.46	 2.80	 1	 1	 1	 0	 1500	 1500	 1500	 1122	 0.00	 0.00	 0.00
4800	 0.49	 -0.52	 3.15	 1	 1	 1	 0	 1501	 1500	 1500	 1132	 0.00	 0.00	 0.00
4900	 0.04	 -0.52	 2.50	 1	 1	 1	 0	 1501	 1500	 1500	 1131	 0.00	 0.00	 0.00
5000	 0.10	 -0.53	 2.81	 1	 1	 1	 0	 1501	 1500	 1500	 1139	 0.00	 0.00	 0.00
5100	 -2.25	 -0.56	 3.04	 1	 1	 1	 0	 1501	 1495	 1500	 1148	 0.00	 0.00	 0.00
5200	 -1.86	 -0.58	 3.03	 1	 1	 1	 0	 1501	 1496	 1500	 1154	 0.00	 0.00	 0.00
5300	 -0.98	 -0.58	 2.10	 1	 1	 1	 0	 1501	 1498	 1500	 1149	 0.00	 0.00	 0.00
5400	 -2.52	 -0.50	 2.47	 1	 1	 1	 0	 1500	 1494	 1500	 1157	 0.00	 0.00	 0.00
5500	 -1.16	 -0.48	 2.03	 1	 1	 1	 0	 1500	 1497	 1500	 1157	 0.00	 0.00	 0.00
5600	 -0.98	 -0.49	 2.10	 1	 1	 1	 0	 1500	 1498	 1500	 1162	 0.00	 0.00	 0.00
5700	 -0.90	 -0.66	 2.21	 1	 1	 1	 0	 1501	 1498	 1500	 1167	 0.00	 0.00	 0.00
5800	 0.33	 -0.63	 1.08	 1	 1	 1	 0	 1501	 1500	 1500	 1158	 0.00	 0.00	 0.00
5900	 -0.32	 0.03	 0.80	 1	 1	 1	 0	 1499	 1499	 1500	 1157	 0.00	 0.00	 0.00
6000	 -0.35	 0.18	 1.14	 1	 1	 1	 0	 1499	 1499	 1500	 1163	 0.00	 0.00	 0.00
6100	 -0.51	 0.21	 1.75	 1	 1	 1	 0	 1499	 1498	 1500	 1172	 0.00	 0.00	 0.00
6200	 -0.69	 0.24	 2.07	 1	 1	 1	 0	 1499	 1498	 1500	 1180	 0.00	 0.00	 0.00
6300	 -0.36	 0.21	 1.64	 1	 1	 1	 0	 1499	 1499	 1500	 1179	 0.00	 0.00	 0.00
6400	 -0.42	 0.25	 1.73	 1	 1	 1	 0	 1499	 1499	 1500	 1183	 0.00	 0.00	 0.00
6500	 -0.37	 0.17	 0.89	 1	 1	 1	 0	 1499	 1499	 1500	 1176	 0.00	 0.00	 0.00
6600	 -2.15	 -0.01	 0.90	 1	 1	 1	 0	 1500	 1495	 1500	 1178	 0.00	 0.00	 0.00
6700	 -1.80	 0.07	 1.03	 1	 1	 1	 0	 1499	 1496	 1500	 1182	 0.00	 0.00	 0.00
6800	 -0.92	 0.08	 1.17	 1	 1	 1	 0	 1499	 1498	 1500	 1185	 0.00	 0.00	 0.00
6900	 -0.81	 -0.51	 1.46	 1	 1	 1	 0	 1501	 1498	 1500	 1191	 0.00	 0.00	 0.00
7000	 0.70	 -0.41	 0.25	 1	 1	 1	 0	 1500	 1501	 1500	 1180	 0.00	 0.00	 0.00
7100	 -0.31	 0.18	 -0.02	 1	 1	 1	 0	 1499	 1499	 1500	 1177	 0.00	 0.00	 0.00
7200	 -0.52	 0.31	 0.28	 1	 1	 1	 0	 1499	 1498	 1500	 1180	 0.00	 0.00	 0.00
7300	 -1.27	 0.38	 0.28	 1	 1	 1	 0	 1499	 1497	 1500	 1181	 0.00	 0.00	 0.00
7400	 -0.98	 -0.32	 0.80	 1	 1	 1	 0	 1500	 1498	 1500	 1188	 0.00	 0.00	 0.00
7500	 -0.65	 -0.50	 -0.18	 1	 1	 1	 0	 1500	 1498	 1500	 1177	 0.00	 0.00	 0.00
7600	 -0.55	 -0.33	 -0.10	 1	 1	 1	 0	 1500	 1498	 1500	 1178	 0.00	 0.00	 0.00
7700	 -0.55	 -0.30	 0.24	 1	 1	 1	 0	 1500	 1498	 1500	 1182	 0.00	 0.00	 0.00
7800	 -0.58	 -0.21	 0.07	 1	 1	 1	 0	 1500	 1498	 1500	 1180	 0.00	 0.00	 0.00
7900	 -0.38	 -0.60	 0.58	 1	 1	 1	 0	 1501	 1499	 1500	 1187	 0.00	 0.00	 0.00
8000	 -2.81	 -0.46	 0.97	 1	 1	 1	 0	 1500	 1494	 1500	 1193	 0.00	 0.00	 0.00
8100	 -2.50	 -0.34	 0.87	 1	 1	 1	 0	 1500	 1494	 1500	 1193	 0.00	 0.00	 0.00
8200	 -3.60	 -0.34	 1.68	 1	 1	 1	 0	 1500	 1492	 1500	 1205	 0.00	 0.00	 0.00
8300	 -3.34	 -0.45	 2.00	 1	 1	 1	 0	 1500	 1493	 1500	 1212	 0.00	 0.00	 0.00
8400	 -3.12	 -0.23	 2.18	 1	 1	 1	 0	 1500	 1493	 1500	 1218	 0.00	 0.00	 0.00
8500	 -1.98	 -0.55	 0.90	 1	 1	 1	 0	 1501	 1496	 1500	 1207	 0.00	 0.00	 0.00
8600	 -2.02	 -0.54	 0.58	 1	 1	 1	 0	 1501	 1495	 1500	 1205	 0.00	 0.00	 0.00
8700	 -1.56	 -0.53	 -0.52	 1	 1	 1	 0	 1501	 1496	 1500	 1193	 0.00	 0.00	 0.00
8800	 -1.63	 -0.25	 -0.67	 1	 1	 1	 0	 1500	 1496	 1500	 1190	 0.00	 0.00	 0.00
8900	 -2.80	 -0.28	 -0.35	 1	 1	 1	 0	 1500	 1494	 1500	 1193	 0.00	 0.00	 0.00
9000	 -1.42	 -0.32	 -1.43	 1	 1	 1	 0	 1500	 1497	 1500	 1179	 0.00	 0.00	 0.00
9100	 -1.52	 -0.02	 -1.59	 1	 1	 1	 0	 1500	 1496	 1500	 1174	 0.00	 0.00	 0.00
9200	 -1.59	 -0.04	 -1.24	 1	 1	 1	 0	 1500	 1496	 1500	 1175	 0.00	 0.00	 0.00
9300	 -0.84	 -0.08	 -2.01	 1	 1	 1	 0	 1500	 1498	 1500	 1164	 0.00	 0.00	 0.00
9400	 -0.73	 -0.08	 -1.59	 1	 1	 1	 0	 1500	 1498	 1500	 1165	 0.00	 0.00	 0.00
9500	 -1.10	 -0.19	 0.00	 1	 1	 1	 0	 1500	 1497	 1500	 1181	 0.00	 0.00	 0.00
9600	 -1.76	 -0.20	 -0.49	 1	 1	 1	 0	 1500	 1496	 1500	 1175	 0.00	 0.00	 0.00
9700	 -1.57	 -0.57	 0.28	 1	 1	 1	 0	 1501	 1496	 1500	 1183	 0.00	 0.00	 0.00
9800	 -1.51	 -0.52	 0.61	 1	 1	 1	 0	 1501	 1496	 1500	 1187	 0.00	 0.00	 0.00
9900	 -2.23	 -0.50	 0.13	 1	 1	 1	 0	 1500	 1495	 1500	 1183	 0.00	 0.00	 0.00
10000	 -1.99	 -0.30	 -0.03	 1	 1	 1	 0	 1500	 1496	 1500	 1181	 0.00	 0.00	 0.00
10100	 -1.08	 -0.25	 -0.75	 1	 1	 1	 0	 1500	 1497	 1500	 1172	 0.00	 0.00	 0.00
10200	 -1.12	 -0.28	 0.15	 1	 1	 1	 0	 1500	 1497	 1500	 1182	 0.00	 0.00	 0.00
10300	 -1.18	 -0.28	 0.50	 1	 1	 1	 0	 1500	 1497	 1500	 1186	 0.00	 0.00	 0.00
10400	 -1.20	 -0.30	 0.51	 1	 1	 1	 0	 1500	 1497	 1500	 1187	 0.00	 0.00	 0.00
10500	 -2.61	 -0.09	 0.64	 1	 1	 1	 0	 1500	 1494	 1500	 1190	 0.00	 0.00	 0.00
10600	 -2.46	 -0.09	 1.03	 1	 1	 1	 0	 1500	 1495	 1500	 1196	 0.00	 0.00	 0.00
10700	 -3.43	 -0.57	 1.18	 1	 1	 1	 0	 1501	 1493	 1500	 1200	 0.00	 0.00	 0.00
10800	 -2.71	 -0.51	 1.27	 1	 1	 1	 0	 1501	 1494	 1500	 1203	 0.00	 0.00	 0.00
10900	 -2.48	 -0.48	 1.60	 1	 1	 1	 0	 1500	 1495	 1500	 1210	 0.00	 0.00	 0.00
11000	 -1.47	 -0.47	 0.76	 1	 1	 1	 0	 1500	 1497	 1500	 1203	 0.00	 0.00	 0.00
11100	 -1.63	 -0.48	 1.10	 1	 1	 1	 0	 1500	 1496	 1500	 1208	 0.00	 0.00	 0.00
11200	 -0.79	 -0.47	 0.81	 1	 1	 1	 0	 1500	 1498	 1500	 1207	 0.00	 0.00	 0.00
11300	 -1.60	 -0.66	 0.46	 1	 1	 1	 0	 1501	 1496	 1500	 1205	 0.00	 0.00	 0.00
11400	 -1.95	 -0.54	 0.93	 1	 1	 1	 0	 1501	 1496	 1500	 1211	 0.00	 0.00	 0.00
11500	 -1.77	 -0.54	 1.59	 1	 1	 1	 0	 1501	 1496	 1500	 1221	 0.00	 0.00	 0.00
11600	 -1.07	 -0.55	 0.63	 1	 1	 1	 0	 1501	 1497	 1500	 1213	 0.00	 0.00	 0.00
11700	 -1.12	 -0.55	 0.71	 1	 1	 1	 0	 1501	 1497	 1500	 1215	 0.00	 0.00	 0.00
11800	 -1.30	 -0.56	 1.00	 1	 1	 1	 0	 1501	 1497	 1500	 1220	 0.00	 0.00	 0.00
11900	 -0.99	 -0.56	 1.01	 1	 1	 1	 0	 1501	 1498	 1500	 1222	 0.00	 0.00	 0.00
12000	 -1.02	 -0.68	 1.02	 1	 1	 1	 0	 1501	 1497	 1500	 1224	 0.00	 0.00	 0.00
12100	 -1.14	 -0.66	 0.55	 1	 1	 1	 0	 1501	 1497	 1500	 1220	 0.00	 0.00	 0.00
12200	 -1.25	 -0.65	 0.85	 1	 1	 1	 0	 1501	 1497	 1500	 1225	 0.00	 0.00	 0.00
12300	 -1.22	 -0.67	 1.24	 1	 1	 1	 0	 1501	 1497	 1500	 1231	 0.00	 0.00	 0.00
12400	 -1.15	 -0.59	 2.01	 1	 1	 1	 0	 1501	 1497	 1500	 1243	 0.00	 0.00	 0.00
12500	 -1.14	 -0.58	 2.20	 1	 1	 1	 0	 1501	 1497	 1500	 1249	 0.00	 0.00	 0.00
12600	 -0.72	 -0.57	 0.79	 1	 1	 1	 0	 1501	 1498	 1500	 1237	 0.00	 0.00	 0.00
12700	 -0.75	 -0.57	 0.81	 1	 1	 1	 0	 1501	 1498	 1500	 1239	 0.00	 0.00	 0.00
12800	 -0.86	 -0.59	 0.39	 1	 1	 1	 0	 1501	 1498	 1500	 1235	 0.00	 0.00	 0.00
12900	 -0.86	 -0.59	 1.38	 1	 1	 1	 0	 1501	 1498	 1500	 1248	 0.00	 0.00	 0.00
13000	 -0.85	 -0.49	 1.62	 1	 1	 1	 0	 1500	 1498	 1500	 1254	 0.00	 0.00	 0.00
13100	 -0.18	 -0.66	 0.61	 1	 1	 1	 0	 1501	 1499	 1500	 1245	 0.00	 0.00	 0.00
13200	 -0.14	 -0.67	 1.18	 1	 1	 1	 0	 1501	 1499	 1500	 1253	 0.00	 0.00	 0.00
13300	 -0.47	 -0.67	 0.35	 1	 1	 1	 0	 1501	 1499	 1500	 1245	 0.00	 0.00	 0.00
13400	 -0.52	 -0.57	 0.12	 1	 1	 1	 0	 1501	 1498	 1500	 1243	 0.00	 0.00	 0.00
13500	 -0.54	 -0.57	 0.76	 1	 1	 1	 0	 1501	 1498	 1500	 1251	 0.00	 0.00	 0.00
13600	 -0.55	 -0.58	 1.05	 1	 1	 1	 0	 1501	 1498	 1500	 1256	 0.00	 0.00	 0.00
13700	 -0.17	 -0.47	 1.28	 1	 1	 1	 0	 1500	 1499	 1500	 1261	 0.00	 0.00	 0.00
13800	 -0.54	 -0.46	 0.06	 1	 1	 1	 0	 1500	 1498	 1500	 1249	 0.00	 0.00	 0.00
13900	 -0.59	 0.31	 0.16	 1	 1	 1	 0	 1499	 1498	 1500	 1250	 0.00	 0.00	 0.00
14000	 -0.31	 0.41	 -0.20	 1	 1	 1	 0	 1499	 1499	 1500	 1246	 0.00	 0.00	 0.00
14100	 -0.20	 0.45	 -0.19	 1	 1	 1	 0	 1499	 1499	 1500	 1246	 0.00	 0.00	 0.00
14200	 -0.29	 0.45	 0.15	 1	 1	 1	 0	 1499	 1499	 1500	 1250	 0.00	 0.00	 0.00
14300	 -0.26	 0.38	 0.26	 1	 1	 1	 0	 1499	 1499	 1500	 1251	 0.00	 0.00	 0.00
14400	 -0.52	 0.36	 0.62	 1	 1	 1	 0	 1499	 1498	 1500	 1256	 0.00	 0.00	 0.00
14500	 0.34	 0.35	 0.44	 1	 1	 1	 0	 1499	 1500	 1500	 1255	 0.00	 0.00	 0.00
14600	 -0.39	 0.39	 -0.21	 1	 1	 1	 0	 1499	 1499	 1500	 1248	 0.00	 0.00	 0.00
14700	 -0.45	 0.69	 0.54	 1	 1	 1	 0	 1498	 1499	 1500	 1257	 0.00	 0.00	 0.00
14800	 -0.41	 0.56	 -0.31	 1	 1	 1	 0	 1498	 1499	 1500	 1248	 0.00	 0.00	 0.00
14900	 -0.42	 -0.48	 -0.20	 1	 1	 1	 0	 1500	 1499	 1500	 1248	 0.00	 0.00	 0.00
15000	 -0.38	 -0.48	 1.09	 1	 1	 1	 0	 1500	 1499	 1500	 1263	 0.00	 0.00	 0.00
15100	 -0.37	 -0.35	 1.34	 1	 1	 1	 0	 1500	 1499	 1500	 1269	 0.00	 0.00	 0.00
