#Time(ms)	 Value 	 Validity 	 avgValue 	 Diff 	 Outliers 	 invalidReason	 SD 
200	 -1.00 	0 	0.00 	1.00 	1 	0	 0.00	 0.00 
300	 53.37 	0 	26.68 	26.68 	1 	26.68	 5.44	 37.36 
400	 51.41 	1 	39.05 	12.36 	0 	-3	 5.09	 47.19 
500	 53.46 	1 	46.25 	7.21 	0 	-3	 4.79	 51.58 
600	 53.46 	1 	49.86 	3.60 	0 	-3	 4.31	 52.90 
700	 53.37 	1 	51.61 	1.76 	0 	-3	 3.89	 53.23 
800	 53.37 	1 	52.49 	0.88 	0 	-3	 3.50	 53.33 
900	 51.06 	1 	51.78 	0.72 	0 	-3	 3.38	 51.74 
1000	 50.97 	1 	51.37 	0.40 	0 	-3	 3.05	 51.20 
1100	 53.99 	1 	52.68 	1.31 	0 	-3	 3.05	 53.15 
1200	 53.46 	1 	53.07 	0.39 	0 	-3	 2.79	 53.37 
1300	 51.06 	1 	52.07 	1.01 	0 	-3	 2.76	 51.75 
1400	 52.93 	1 	52.50 	0.43 	0 	-3	 2.67	 52.58 
1500	 50.97 	1 	51.73 	0.76 	0 	-3	 2.60	 51.45 
1600	 52.84 	1 	52.29 	0.55 	0 	-3	 2.52	 52.42 
1700	 52.84 	1 	52.56 	0.28 	0 	-3	 2.27	 52.72 
1800	 53.37 	1 	52.97 	0.40 	0 	-3	 2.10	 53.17 
1900	 50.97 	1 	51.97 	1.00 	0 	-3	 2.13	 51.63 
2000	 52.84 	1 	52.40 	0.44 	0 	-3	 2.10	 52.48 
2100	 52.93 	1 	52.67 	0.26 	0 	-3	 1.90	 52.79 
2200	 53.37 	1 	53.02 	0.35 	0 	-3	 1.75	 53.20 
2300	 52.93 	1 	52.97 	0.04 	0 	-3	 1.62	 53.01 
2400	 52.84 	1 	52.91 	0.07 	0 	-3	 1.47	 52.89 
2500	 53.37 	1 	53.14 	0.23 	0 	-3	 1.38	 53.23 
2600	 52.93 	1 	53.03 	0.10 	0 	-3	 1.28	 53.02 
2700	 52.84 	1 	52.94 	0.10 	0 	-3	 1.16	 52.89 
2800	 50.97 	1 	51.95 	0.98 	0 	-3	 1.23	 51.55 
2900	 52.93 	1 	52.44 	0.49 	0 	-3	 1.31	 52.52 
3000	 52.30 	1 	52.37 	0.07 	0 	-3	 1.24	 52.36 
3100	 51.06 	1 	51.72 	0.66 	0 	-3	 1.24	 51.45 
3200	 52.84 	1 	52.28 	0.56 	0 	-3	 1.29	 52.42 
3300	 53.37 	1 	52.82 	0.55 	0 	-3	 1.22	 53.09 
3400	 50.52 	1 	51.67 	1.15 	0 	-3	 1.38	 51.29 
3500	 52.84 	1 	52.26 	0.58 	0 	-3	 1.47	 52.37 
3600	 52.75 	1 	52.50 	0.25 	0 	-3	 1.34	 52.64 
3700	 52.93 	1 	52.72 	0.21 	0 	-3	 1.22	 52.84 
3800	 50.43 	1 	51.57 	1.14 	0 	-3	 1.35	 51.15 
3900	 52.84 	1 	52.21 	0.63 	0 	-3	 1.45	 52.33 
4000	 50.97 	1 	51.59 	0.62 	0 	-3	 1.50	 51.38 
4100	 52.93 	1 	52.26 	0.67 	0 	-3	 1.54	 52.46 
4200	 52.84 	1 	52.55 	0.29 	0 	-3	 1.40	 52.73 
4300	 50.52 	1 	51.53 	1.01 	0 	-3	 1.49	 51.18 
4400	 52.93 	1 	52.23 	0.70 	0 	-3	 1.58	 52.41 
4500	 50.43 	1 	51.33 	0.90 	0 	-3	 1.67	 51.02 
4600	 50.52 	1 	50.93 	0.41 	0 	-3	 1.51	 50.67 
4700	 50.43 	1 	50.68 	0.25 	0 	-3	 1.37	 50.50 
4800	 52.84 	1 	51.76 	1.08 	0 	-3	 1.48	 52.14 
4900	 50.97 	1 	51.36 	0.39 	0 	-3	 1.52	 51.32 
5000	 52.84 	1 	52.10 	0.74 	0 	-3	 1.55	 52.38 
5100	 52.84 	1 	52.47 	0.37 	0 	-3	 1.40	 52.70 
5200	 52.93 	1 	52.70 	0.23 	0 	-3	 1.27	 52.86 
5300	 50.52 	1 	51.61 	1.09 	0 	-3	 1.38	 51.22 
5400	 52.93 	1 	52.27 	0.66 	0 	-3	 1.48	 52.42 
5500	 50.52 	1 	51.40 	0.88 	0 	-3	 1.58	 51.09 
5600	 52.93 	1 	52.16 	0.77 	0 	-3	 1.66	 52.38 
5700	 52.84 	1 	52.50 	0.34 	0 	-3	 1.50	 52.70 
5800	 51.06 	1 	51.78 	0.72 	0 	-3	 1.53	 51.55 
5900	 52.21 	1 	52.00 	0.21 	0 	-3	 1.49	 52.01 
6000	 50.52 	1 	51.26 	0.74 	0 	-3	 1.51	 50.97 
6100	 51.06 	1 	51.16 	0.10 	0 	-3	 1.41	 51.03 
6200	 53.46 	1 	52.31 	1.15 	0 	-3	 1.51	 52.73 
6300	 52.30 	1 	52.30 	0.00 	0 	-3	 1.48	 52.43 
6400	 53.46 	1 	52.88 	0.58 	0 	-3	 1.45	 53.15 
6500	 51.06 	1 	51.97 	0.91 	0 	-3	 1.54	 51.69 
6600	 53.46 	1 	52.72 	0.74 	0 	-3	 1.63	 52.93 
6700	 53.90 	1 	53.31 	0.59 	0 	-3	 1.51	 53.61 
6800	 52.84 	1 	53.07 	0.23 	0 	-3	 1.46	 53.07 
6900	 53.37 	1 	53.22 	0.15 	0 	-3	 1.37	 53.28 
7000	 50.97 	1 	52.10 	1.13 	0 	-3	 1.47	 51.66 
7100	 52.93 	1 	52.51 	0.42 	0 	-3	 1.52	 52.55 
7200	 51.06 	1 	51.79 	0.73 	0 	-3	 1.56	 51.51 
7300	 52.93 	1 	52.36 	0.57 	0 	-3	 1.59	 52.50 
7400	 53.37 	1 	52.86 	0.51 	0 	-3	 1.47	 53.11 
7500	 51.06 	1 	51.96 	0.90 	0 	-3	 1.56	 51.67 
7600	 51.06 	1 	51.51 	0.45 	0 	-3	 1.40	 51.24 
7700	 51.06 	1 	51.29 	0.23 	0 	-3	 1.26	 51.12 
7800	 53.28 	1 	52.28 	1.00 	0 	-3	 1.36	 52.63 
7900	 52.93 	1 	52.61 	0.32 	0 	-3	 1.26	 52.84 
8000	 53.46 	1 	53.03 	0.43 	0 	-3	 1.18	 53.27 
8100	 53.37 	1 	53.20 	0.17 	0 	-3	 1.07	 53.34 
8200	 52.93 	1 	53.07 	0.14 	0 	-3	 1.01	 53.05 
8300	 53.46 	1 	53.26 	0.20 	0 	-3	 0.96	 53.34 
8400	 53.37 	1 	53.32 	0.05 	0 	-3	 0.88	 53.36 
8500	 50.97 	1 	52.14 	1.17 	0 	-3	 1.03	 51.69 
8600	 52.93 	1 	52.54 	0.39 	0 	-3	 1.12	 52.56 
8700	 50.97 	1 	51.75 	0.78 	0 	-3	 1.21	 51.45 
8800	 52.75 	1 	52.25 	0.50 	0 	-3	 1.26	 52.36 
8900	 52.84 	1 	52.55 	0.29 	0 	-3	 1.15	 52.70 
9000	 50.43 	1 	51.49 	1.06 	0 	-3	 1.27	 51.11 
9100	 52.93 	1 	52.21 	0.72 	0 	-3	 1.39	 52.38 
9200	 52.93 	1 	52.57 	0.36 	0 	-3	 1.26	 52.77 
9300	 50.52 	1 	51.54 	1.02 	0 	-3	 1.37	 51.19 
9400	 50.52 	1 	51.03 	0.51 	0 	-3	 1.23	 50.72 
9500	 53.46 	1 	52.25 	1.21 	0 	-3	 1.40	 52.64 
9600	 50.52 	1 	51.38 	0.86 	0 	-3	 1.56	 51.16 
9700	 53.37 	1 	52.38 	0.99 	0 	-3	 1.69	 52.71 
9800	 53.46 	1 	52.92 	0.54 	0 	-3	 1.53	 53.23 
9900	 50.97 	1 	51.94 	0.97 	0 	-3	 1.62	 51.65 
10000	 53.37 	1 	52.66 	0.71 	0 	-3	 1.70	 52.85 
10100	 50.52 	1 	51.59 	1.07 	0 	-3	 1.82	 51.22 
10200	 52.84 	1 	52.21 	0.63 	0 	-3	 1.87	 52.35 
10300	 52.84 	1 	52.53 	0.31 	0 	-3	 1.68	 52.69 
10400	 52.84 	1 	52.68 	0.16 	0 	-3	 1.51	 52.80 
10500	 53.37 	1 	53.03 	0.34 	0 	-3	 1.41	 53.20 
10600	 53.46 	1 	53.24 	0.22 	0 	-3	 1.28	 53.38 
10700	 53.55 	1 	53.40 	0.15 	0 	-3	 1.16	 53.50 
10800	 52.84 	1 	53.12 	0.28 	0 	-3	 1.12	 53.04 
10900	 52.93 	1 	53.02 	0.09 	0 	-3	 1.01	 52.96 
11000	 50.52 	1 	51.77 	1.25 	0 	-3	 1.15	 51.25 
11100	 51.06 	1 	51.42 	0.36 	0 	-3	 1.09	 51.12 
11200	 50.52 	1 	50.97 	0.45 	0 	-3	 1.04	 50.70 
11300	 52.84 	1 	51.90 	0.94 	0 	-3	 1.17	 52.20 
11400	 53.28 	1 	52.59 	0.69 	0 	-3	 1.09	 52.96 
11500	 52.84 	1 	52.72 	0.12 	0 	-3	 1.03	 52.87 
11600	 50.52 	1 	51.62 	1.10 	0 	-3	 1.16	 51.23 
11700	 50.52 	1 	51.07 	0.55 	0 	-3	 1.04	 50.73 
11800	 51.06 	1 	51.06 	0.00 	0 	-3	 0.99	 50.96 
11900	 50.43 	1 	50.75 	0.32 	0 	-3	 0.95	 50.59 
12000	 51.06 	1 	50.90 	0.16 	0 	-3	 0.92	 50.92 
12100	 52.93 	1 	51.92 	1.01 	0 	-3	 1.02	 52.33 
12200	 52.93 	1 	52.42 	0.51 	0 	-3	 0.92	 52.75 
12300	 52.84 	1 	52.63 	0.21 	0 	-3	 0.83	 52.81 
12400	 52.75 	1 	52.69 	0.06 	0 	-3	 0.76	 52.77 
12500	 52.93 	1 	52.81 	0.12 	0 	-3	 0.70	 52.88 
12600	 50.52 	1 	51.67 	1.15 	0 	-3	 0.87	 51.23 
12700	 51.06 	1 	51.36 	0.30 	0 	-3	 0.84	 51.11 
12800	 53.55 	1 	52.46 	1.09 	0 	-3	 1.00	 52.82 
12900	 53.46 	1 	52.96 	0.50 	0 	-3	 0.91	 53.27 
13000	 53.37 	1 	53.16 	0.21 	0 	-3	 0.83	 53.34 
13100	 50.52 	1 	51.84 	1.32 	0 	-3	 1.03	 51.37 
13200	 52.84 	1 	52.34 	0.50 	0 	-3	 1.16	 52.40 
13300	 51.06 	1 	51.70 	0.64 	0 	-3	 1.22	 51.46 
13400	 53.37 	1 	52.54 	0.83 	0 	-3	 1.33	 52.80 
13500	 53.46 	1 	53.00 	0.46 	0 	-3	 1.21	 53.26 
13600	 53.46 	1 	53.23 	0.23 	0 	-3	 1.09	 53.40 
13700	 52.84 	1 	53.03 	0.19 	0 	-3	 1.04	 53.01 
13800	 51.06 	1 	52.05 	0.99 	0 	-3	 1.11	 51.64 
13900	 52.84 	1 	52.44 	0.40 	0 	-3	 1.18	 52.48 
14000	 50.43 	1 	51.44 	1.01 	0 	-3	 1.30	 51.05 
14100	 50.34 	1 	50.89 	0.55 	0 	-3	 1.18	 50.55 
14200	 50.97 	1 	50.93 	0.04 	0 	-3	 1.13	 50.84 
14300	 52.30 	1 	51.61 	0.69 	0 	-3	 1.15	 51.86 
14400	 51.06 	1 	51.34 	0.28 	0 	-3	 1.16	 51.30 
14500	 50.52 	1 	50.93 	0.41 	0 	-3	 1.09	 50.75 
14600	 53.37 	1 	52.15 	1.22 	0 	-3	 1.27	 52.59 
14700	 52.84 	1 	52.49 	0.35 	0 	-3	 1.20	 52.76 
14800	 50.52 	1 	51.51 	0.99 	0 	-3	 1.31	 51.19 
14900	 52.93 	1 	52.22 	0.71 	0 	-3	 1.42	 52.41 
15000	 52.84 	1 	52.53 	0.31 	0 	-3	 1.29	 52.71 
15100	 52.84 	1 	52.68 	0.16 	0 	-3	 1.16	 52.80 
