#Time(ms)	 Value 	 Validity 	 avgValue 	 Diff 	 Outliers 	 invalidReason	 SD 
200	 -1.00 	0 	0.00 	1.00 	1 	0	 0.00	 0.00 
300	 1.13 	0 	0.56 	0.56 	1 	0.56	 0.21	 0.79 
400	 1.13 	1 	0.85 	0.28 	0 	-3	 0.19	 1.03 
500	 1.13 	1 	0.85 	0.28 	1 	-3	 0.19	 1.03 
600	 1.76 	1 	1.30 	0.46 	1 	-3	 0.24	 1.54 
700	 1.76 	1 	1.53 	0.23 	0 	-3	 0.21	 1.69 
800	 1.85 	1 	1.69 	0.16 	0 	-3	 0.20	 1.80 
900	 1.85 	1 	1.77 	0.08 	0 	-3	 0.18	 1.84 
1000	 1.85 	1 	1.81 	0.04 	0 	-3	 0.16	 1.85 
1100	 1.85 	1 	1.83 	0.02 	0 	-3	 0.15	 1.85 
1200	 1.76 	1 	1.80 	0.04 	0 	-3	 0.14	 1.79 
1300	 1.76 	1 	1.78 	0.02 	0 	-3	 0.13	 1.77 
1400	 1.76 	1 	1.77 	0.01 	0 	-3	 0.11	 1.76 
1500	 1.76 	1 	1.76 	0.00 	0 	-3	 0.10	 1.76 
1600	 1.13 	1 	1.45 	0.32 	0 	-3	 0.15	 1.32 
1700	 1.13 	1 	1.45 	0.32 	1 	-3	 0.15	 1.32 
1800	 1.76 	1 	1.60 	0.16 	1 	-3	 0.20	 1.63 
1900	 1.76 	1 	1.68 	0.08 	0 	-3	 0.18	 1.72 
2000	 1.94 	1 	1.81 	0.13 	0 	-3	 0.18	 1.87 
2100	 1.85 	1 	1.83 	0.02 	0 	-3	 0.17	 1.86 
2200	 1.85 	1 	1.84 	0.01 	0 	-3	 0.16	 1.85 
2300	 1.94 	1 	1.89 	0.05 	0 	-3	 0.15	 1.91 
2400	 1.22 	1 	1.56 	0.34 	0 	-3	 0.21	 1.43 
2500	 1.76 	1 	1.66 	0.10 	0 	-3	 0.24	 1.66 
2600	 1.94 	1 	1.80 	0.14 	0 	-3	 0.23	 1.86 
2700	 1.76 	1 	1.78 	0.02 	0 	-3	 0.23	 1.79 
2800	 1.76 	1 	1.77 	0.01 	0 	-3	 0.21	 1.77 
2900	 1.94 	1 	1.85 	0.09 	0 	-3	 0.20	 1.89 
3000	 1.22 	1 	1.54 	0.32 	0 	-3	 0.25	 1.42 
3100	 1.22 	1 	1.38 	0.16 	0 	-3	 0.23	 1.28 
3200	 1.76 	1 	1.57 	0.19 	0 	-3	 0.26	 1.62 
3300	 1.76 	1 	1.66 	0.10 	0 	-3	 0.23	 1.72 
3400	 1.76 	1 	1.71 	0.05 	0 	-3	 0.21	 1.75 
3500	 2.11 	1 	1.91 	0.20 	0 	-3	 0.22	 2.00 
3600	 1.76 	1 	1.84 	0.08 	0 	-3	 0.24	 1.83 
3700	 1.76 	1 	1.80 	0.04 	0 	-3	 0.21	 1.78 
3800	 1.76 	1 	1.78 	0.02 	0 	-3	 0.19	 1.77 
3900	 1.76 	1 	1.77 	0.01 	0 	-3	 0.17	 1.76 
4000	 1.76 	1 	1.76 	0.00 	0 	-3	 0.16	 1.76 
4100	 1.85 	1 	1.81 	0.04 	0 	-3	 0.15	 1.82 
4200	 1.85 	1 	1.83 	0.02 	0 	-3	 0.13	 1.84 
4300	 1.85 	1 	1.84 	0.01 	0 	-3	 0.12	 1.85 
4400	 1.85 	1 	1.84 	0.01 	0 	-3	 0.11	 1.85 
4500	 1.85 	1 	1.85 	0.00 	0 	-3	 0.10	 1.85 
4600	 1.85 	1 	1.85 	0.00 	0 	-3	 0.09	 1.85 
4700	 1.85 	1 	1.85 	0.00 	0 	-3	 0.08	 1.85 
4800	 1.76 	1 	1.80 	0.04 	0 	-3	 0.08	 1.79 
4900	 1.76 	1 	1.78 	0.02 	0 	-3	 0.07	 1.77 
5000	 1.76 	1 	1.77 	0.01 	0 	-3	 0.07	 1.76 
5100	 1.85 	1 	1.81 	0.04 	0 	-3	 0.07	 1.82 
5200	 1.85 	1 	1.83 	0.02 	0 	-3	 0.06	 1.84 
5300	 1.85 	1 	1.84 	0.01 	0 	-3	 0.05	 1.85 
5400	 1.76 	1 	1.80 	0.04 	0 	-3	 0.06	 1.79 
5500	 1.76 	1 	1.78 	0.02 	0 	-3	 0.05	 1.77 
5600	 1.76 	1 	1.77 	0.01 	0 	-3	 0.05	 1.76 
5700	 1.76 	1 	1.77 	0.01 	0 	-3	 0.04	 1.76 
5800	 1.76 	1 	1.76 	0.00 	0 	-3	 0.04	 1.76 
5900	 1.13 	1 	1.45 	0.32 	0 	-3	 0.10	 1.32 
6000	 1.13 	1 	1.29 	0.16 	0 	-3	 0.09	 1.19 
6100	 1.13 	1 	1.21 	0.08 	0 	-3	 0.08	 1.15 
6200	 1.13 	1 	1.21 	0.08 	1 	-3	 0.08	 1.15 
6300	 1.31 	1 	1.26 	0.05 	0 	-3	 0.09	 1.26 
6400	 1.31 	1 	1.26 	0.05 	1 	-3	 0.09	 1.26 
6500	 1.85 	1 	1.55 	0.30 	1 	-3	 0.13	 1.67 
6600	 1.85 	1 	1.70 	0.15 	0 	-3	 0.12	 1.80 
6700	 1.76 	1 	1.73 	0.03 	0 	-3	 0.12	 1.77 
6800	 1.85 	1 	1.79 	0.06 	0 	-3	 0.11	 1.83 
6900	 1.76 	1 	1.78 	0.02 	0 	-3	 0.11	 1.78 
7000	 1.76 	1 	1.77 	0.01 	0 	-3	 0.10	 1.77 
7100	 1.22 	1 	1.49 	0.27 	0 	-3	 0.15	 1.38 
7200	 1.22 	1 	1.36 	0.14 	0 	-3	 0.13	 1.27 
7300	 1.22 	1 	1.36 	0.14 	1 	-3	 0.13	 1.27 
7400	 1.76 	1 	1.56 	0.20 	0 	-3	 0.17	 1.61 
7500	 1.76 	1 	1.66 	0.10 	0 	-3	 0.15	 1.72 
7600	 1.76 	1 	1.71 	0.05 	0 	-3	 0.14	 1.75 
7700	 1.76 	1 	1.73 	0.03 	0 	-3	 0.12	 1.76 
7800	 1.67 	1 	1.70 	0.03 	0 	-3	 0.12	 1.70 
7900	 1.85 	1 	1.78 	0.07 	0 	-3	 0.13	 1.80 
8000	 1.76 	1 	1.77 	0.01 	0 	-3	 0.12	 1.77 
8100	 1.67 	1 	1.72 	0.05 	0 	-3	 0.12	 1.70 
8200	 1.76 	1 	1.74 	0.02 	0 	-3	 0.12	 1.74 
8300	 2.02 	1 	1.88 	0.14 	0 	-3	 0.13	 1.94 
8400	 1.76 	1 	1.82 	0.06 	0 	-3	 0.14	 1.81 
8500	 1.76 	1 	1.79 	0.03 	0 	-3	 0.13	 1.78 
8600	 1.94 	1 	1.86 	0.08 	0 	-3	 0.13	 1.89 
8700	 1.94 	1 	1.90 	0.04 	0 	-3	 0.12	 1.93 
8800	 1.67 	1 	1.79 	0.12 	0 	-3	 0.14	 1.75 
8900	 1.94 	1 	1.86 	0.08 	0 	-3	 0.15	 1.88 
9000	 1.94 	1 	1.90 	0.04 	0 	-3	 0.13	 1.92 
9100	 1.67 	1 	1.79 	0.12 	0 	-3	 0.15	 1.75 
9200	 1.94 	1 	1.86 	0.08 	0 	-3	 0.16	 1.88 
9300	 1.94 	1 	1.90 	0.04 	0 	-3	 0.14	 1.92 
9400	 1.94 	1 	1.92 	0.02 	0 	-3	 0.13	 1.93 
9500	 1.94 	1 	1.93 	0.01 	0 	-3	 0.12	 1.94 
9600	 1.94 	1 	1.94 	0.00 	0 	-3	 0.11	 1.94 
9700	 1.76 	1 	1.85 	0.09 	0 	-3	 0.11	 1.81 
9800	 1.94 	1 	1.89 	0.05 	0 	-3	 0.12	 1.90 
9900	 1.94 	1 	1.92 	0.02 	0 	-3	 0.11	 1.93 
10000	 1.76 	1 	1.84 	0.08 	0 	-3	 0.11	 1.81 
10100	 1.76 	1 	1.80 	0.04 	0 	-3	 0.10	 1.78 
10200	 1.76 	1 	1.78 	0.02 	0 	-3	 0.09	 1.76 
10300	 1.76 	1 	1.77 	0.01 	0 	-3	 0.08	 1.76 
10400	 1.94 	1 	1.85 	0.09 	0 	-3	 0.09	 1.89 
10500	 1.76 	1 	1.81 	0.05 	0 	-3	 0.10	 1.80 
10600	 1.76 	1 	1.78 	0.02 	0 	-3	 0.09	 1.77 
10700	 1.76 	1 	1.77 	0.01 	0 	-3	 0.08	 1.76 
10800	 1.76 	1 	1.77 	0.01 	0 	-3	 0.07	 1.76 
10900	 1.76 	1 	1.76 	0.00 	0 	-3	 0.07	 1.76 
11000	 1.76 	1 	1.76 	0.00 	0 	-3	 0.06	 1.76 
11100	 1.76 	1 	1.76 	0.00 	0 	-3	 0.05	 1.76 
11200	 1.76 	1 	1.76 	0.00 	0 	-3	 0.05	 1.76 
11300	 1.76 	1 	1.76 	0.00 	0 	-3	 0.04	 1.76 
11400	 1.67 	1 	1.72 	0.05 	0 	-3	 0.05	 1.70 
11500	 1.76 	1 	1.74 	0.02 	0 	-3	 0.05	 1.74 
11600	 1.76 	1 	1.75 	0.01 	0 	-3	 0.05	 1.75 
11700	 1.76 	1 	1.75 	0.01 	0 	-3	 0.04	 1.76 
11800	 1.76 	1 	1.76 	0.00 	0 	-3	 0.04	 1.76 
11900	 1.76 	1 	1.76 	0.00 	0 	-3	 0.03	 1.76 
12000	 1.76 	1 	1.76 	0.00 	0 	-3	 0.03	 1.76 
12100	 1.76 	1 	1.76 	0.00 	0 	-3	 0.03	 1.76 
12200	 1.76 	1 	1.76 	0.00 	0 	-3	 0.03	 1.76 
12300	 1.85 	1 	1.80 	0.05 	0 	-3	 0.03	 1.82 
12400	 1.76 	1 	1.78 	0.02 	0 	-3	 0.04	 1.78 
12500	 1.76 	1 	1.77 	0.01 	0 	-3	 0.03	 1.77 
12600	 1.76 	1 	1.77 	0.01 	0 	-3	 0.03	 1.76 
12700	 1.76 	1 	1.76 	0.00 	0 	-3	 0.03	 1.76 
12800	 1.76 	1 	1.76 	0.00 	0 	-3	 0.02	 1.76 
12900	 1.85 	1 	1.81 	0.04 	0 	-3	 0.03	 1.82 
13000	 1.76 	1 	1.78 	0.02 	0 	-3	 0.04	 1.78 
13100	 1.76 	1 	1.77 	0.01 	0 	-3	 0.03	 1.77 
13200	 1.85 	1 	1.81 	0.04 	0 	-3	 0.04	 1.82 
13300	 1.85 	1 	1.83 	0.02 	0 	-3	 0.04	 1.84 
13400	 1.76 	1 	1.80 	0.04 	0 	-3	 0.04	 1.78 
13500	 1.85 	1 	1.82 	0.03 	0 	-3	 0.05	 1.83 
13600	 1.85 	1 	1.84 	0.01 	0 	-3	 0.04	 1.84 
13700	 1.76 	1 	1.80 	0.04 	0 	-3	 0.05	 1.79 
13800	 1.76 	1 	1.78 	0.02 	0 	-3	 0.04	 1.77 
13900	 1.22 	1 	1.50 	0.28 	0 	-3	 0.09	 1.38 
14000	 1.22 	1 	1.36 	0.14 	0 	-3	 0.08	 1.27 
14100	 1.22 	1 	1.29 	0.07 	0 	-3	 0.07	 1.23 
14200	 1.22 	1 	1.25 	0.03 	0 	-3	 0.07	 1.22 
14300	 1.22 	1 	1.24 	0.02 	0 	-3	 0.06	 1.22 
14400	 1.22 	1 	1.23 	0.01 	0 	-3	 0.05	 1.22 
14500	 1.22 	1 	1.22 	0.00 	0 	-3	 0.05	 1.22 
14600	 1.22 	1 	1.22 	0.00 	1 	-3	 0.05	 1.22 
14700	 1.76 	1 	1.49 	0.27 	1 	-3	 0.10	 1.60 
14800	 1.76 	1 	1.63 	0.13 	0 	-3	 0.09	 1.71 
14900	 1.76 	1 	1.69 	0.07 	0 	-3	 0.08	 1.75 
15000	 1.85 	1 	1.77 	0.08 	0 	-3	 0.08	 1.82 
15100	 1.76 	1 	1.77 	0.01 	0 	-3	 0.08	 1.78 
