#Time(ms)	 Value 	 Validity 	 avgValue 	 Diff 	 Outliers 	 invalidReason	 SD 
200	 -1.00 	0 	0.00 	1.00 	1 	0	 0.00	 0.00 
300	 44.56 	0 	22.28 	22.28 	1 	22.28	 4.56	 31.19 
400	 44.03 	1 	33.16 	10.88 	0 	-3	 4.15	 40.18 
500	 45.09 	1 	39.12 	5.97 	0 	-3	 3.84	 43.62 
600	 45.09 	1 	42.11 	2.98 	0 	-3	 3.46	 44.65 
700	 45.09 	1 	43.60 	1.49 	0 	-3	 3.11	 44.96 
800	 45.09 	1 	44.34 	0.75 	0 	-3	 2.80	 45.05 
900	 44.29 	1 	44.32 	0.03 	0 	-3	 2.60	 44.52 
1000	 44.29 	1 	44.30 	0.01 	0 	-3	 2.34	 44.36 
1100	 45.09 	1 	44.70 	0.39 	0 	-3	 2.19	 44.87 
1200	 45.09 	1 	44.89 	0.20 	0 	-3	 1.97	 45.02 
1300	 44.03 	1 	44.46 	0.43 	0 	-3	 1.88	 44.33 
1400	 45.09 	1 	44.78 	0.31 	0 	-3	 1.80	 44.86 
1500	 44.38 	1 	44.58 	0.20 	0 	-3	 1.69	 44.52 
1600	 44.56 	1 	44.57 	0.01 	0 	-3	 1.54	 44.55 
1700	 45.09 	1 	44.83 	0.26 	0 	-3	 1.44	 44.93 
1800	 45.09 	1 	44.96 	0.13 	0 	-3	 1.29	 45.04 
1900	 44.29 	1 	44.62 	0.33 	0 	-3	 1.24	 44.52 
2000	 45.09 	1 	44.86 	0.23 	0 	-3	 1.20	 44.92 
2100	 45.09 	1 	44.97 	0.12 	0 	-3	 1.08	 45.04 
2200	 45.09 	1 	45.03 	0.06 	0 	-3	 0.97	 45.07 
2300	 45.09 	1 	45.06 	0.03 	0 	-3	 0.87	 45.09 
2400	 44.56 	1 	44.81 	0.25 	0 	-3	 0.84	 44.72 
2500	 45.09 	1 	44.95 	0.14 	0 	-3	 0.81	 44.98 
2600	 45.09 	1 	45.02 	0.07 	0 	-3	 0.73	 45.06 
2700	 45.18 	1 	45.10 	0.08 	0 	-3	 0.66	 45.14 
2800	 44.38 	1 	44.74 	0.36 	0 	-3	 0.68	 44.61 
2900	 45.09 	1 	44.92 	0.17 	0 	-3	 0.68	 44.95 
3000	 44.56 	1 	44.74 	0.18 	0 	-3	 0.67	 44.68 
3100	 44.38 	1 	44.56 	0.18 	0 	-3	 0.62	 44.47 
3200	 45.09 	1 	44.82 	0.27 	0 	-3	 0.63	 44.90 
3300	 45.09 	1 	44.96 	0.13 	0 	-3	 0.56	 45.03 
3400	 44.29 	1 	44.62 	0.33 	0 	-3	 0.59	 44.51 
3500	 45.09 	1 	44.86 	0.23 	0 	-3	 0.61	 44.92 
3600	 45.09 	1 	44.97 	0.12 	0 	-3	 0.55	 45.04 
3700	 45.09 	1 	45.03 	0.06 	0 	-3	 0.49	 45.07 
3800	 44.29 	1 	44.66 	0.37 	0 	-3	 0.52	 44.53 
3900	 45.09 	1 	44.88 	0.21 	0 	-3	 0.55	 44.92 
4000	 44.03 	1 	44.45 	0.42 	0 	-3	 0.60	 44.30 
4100	 45.09 	1 	44.77 	0.32 	0 	-3	 0.65	 44.85 
4200	 45.09 	1 	44.93 	0.16 	0 	-3	 0.58	 45.02 
4300	 44.38 	1 	44.66 	0.28 	0 	-3	 0.60	 44.57 
4400	 45.09 	1 	44.87 	0.22 	0 	-3	 0.61	 44.93 
4500	 44.29 	1 	44.58 	0.29 	0 	-3	 0.63	 44.48 
4600	 44.38 	1 	44.48 	0.10 	0 	-3	 0.57	 44.41 
4700	 44.29 	1 	44.39 	0.10 	0 	-3	 0.52	 44.33 
4800	 45.09 	1 	44.74 	0.35 	0 	-3	 0.55	 44.86 
4900	 44.29 	1 	44.51 	0.22 	0 	-3	 0.58	 44.46 
5000	 45.09 	1 	44.80 	0.29 	0 	-3	 0.60	 44.90 
5100	 45.18 	1 	44.99 	0.19 	0 	-3	 0.55	 45.10 
5200	 45.09 	1 	45.04 	0.05 	0 	-3	 0.50	 45.09 
5300	 44.29 	1 	44.67 	0.38 	0 	-3	 0.53	 44.53 
5400	 45.09 	1 	44.88 	0.21 	0 	-3	 0.56	 44.92 
5500	 44.38 	1 	44.63 	0.25 	0 	-3	 0.57	 44.54 
5600	 45.09 	1 	44.86 	0.23 	0 	-3	 0.59	 44.93 
5700	 45.09 	1 	44.97 	0.12 	0 	-3	 0.53	 45.04 
5800	 44.03 	1 	44.50 	0.47 	0 	-3	 0.58	 44.33 
5900	 44.56 	1 	44.53 	0.03 	0 	-3	 0.58	 44.49 
6000	 44.29 	1 	44.41 	0.12 	0 	-3	 0.55	 44.35 
6100	 44.29 	1 	44.35 	0.06 	0 	-3	 0.49	 44.31 
6200	 45.09 	1 	44.72 	0.37 	0 	-3	 0.52	 44.86 
6300	 44.56 	1 	44.64 	0.08 	0 	-3	 0.52	 44.65 
6400	 45.09 	1 	44.87 	0.22 	0 	-3	 0.52	 44.96 
6500	 44.29 	1 	44.58 	0.29 	0 	-3	 0.55	 44.49 
6600	 45.09 	1 	44.83 	0.26 	0 	-3	 0.58	 44.91 
6700	 45.09 	1 	44.96 	0.13 	0 	-3	 0.52	 45.04 
6800	 45.09 	1 	45.03 	0.06 	0 	-3	 0.47	 45.07 
6900	 45.09 	1 	45.06 	0.03 	0 	-3	 0.42	 45.09 
7000	 44.12 	1 	44.59 	0.47 	0 	-3	 0.48	 44.41 
7100	 44.56 	1 	44.57 	0.01 	0 	-3	 0.47	 44.51 
7200	 44.29 	1 	44.43 	0.14 	0 	-3	 0.45	 44.36 
7300	 45.09 	1 	44.76 	0.33 	0 	-3	 0.49	 44.87 
7400	 45.18 	1 	44.97 	0.21 	0 	-3	 0.45	 45.09 
7500	 44.38 	1 	44.68 	0.30 	0 	-3	 0.48	 44.59 
7600	 44.29 	1 	44.48 	0.19 	0 	-3	 0.44	 44.38 
7700	 44.29 	1 	44.39 	0.10 	0 	-3	 0.40	 44.32 
7800	 45.09 	1 	44.74 	0.35 	0 	-3	 0.44	 44.86 
7900	 45.09 	1 	44.91 	0.18 	0 	-3	 0.39	 45.02 
8000	 45.09 	1 	45.00 	0.09 	0 	-3	 0.36	 45.07 
8100	 45.09 	1 	45.05 	0.04 	0 	-3	 0.32	 45.08 
8200	 45.09 	1 	45.07 	0.02 	0 	-3	 0.29	 45.09 
8300	 45.09 	1 	45.08 	0.01 	0 	-3	 0.26	 45.09 
8400	 45.09 	1 	45.08 	0.01 	0 	-3	 0.23	 45.09 
8500	 44.29 	1 	44.69 	0.40 	0 	-3	 0.29	 44.53 
8600	 45.09 	1 	44.89 	0.20 	0 	-3	 0.34	 44.92 
8700	 44.29 	1 	44.59 	0.30 	0 	-3	 0.39	 44.48 
8800	 45.01 	1 	44.80 	0.21 	0 	-3	 0.42	 44.85 
8900	 45.09 	1 	44.94 	0.15 	0 	-3	 0.39	 45.02 
9000	 44.29 	1 	44.62 	0.33 	0 	-3	 0.43	 44.51 
9100	 45.09 	1 	44.85 	0.24 	0 	-3	 0.46	 44.92 
9200	 45.09 	1 	44.97 	0.12 	0 	-3	 0.42	 45.04 
9300	 44.29 	1 	44.63 	0.34 	0 	-3	 0.46	 44.51 
9400	 44.38 	1 	44.51 	0.13 	0 	-3	 0.42	 44.42 
9500	 45.09 	1 	44.80 	0.29 	0 	-3	 0.45	 44.89 
9600	 44.29 	1 	44.54 	0.25 	0 	-3	 0.48	 44.47 
9700	 45.09 	1 	44.82 	0.27 	0 	-3	 0.52	 44.90 
9800	 45.09 	1 	44.95 	0.14 	0 	-3	 0.46	 45.03 
9900	 44.29 	1 	44.62 	0.33 	0 	-3	 0.50	 44.51 
10000	 45.18 	1 	44.90 	0.28 	0 	-3	 0.54	 44.98 
10100	 44.29 	1 	44.60 	0.31 	0 	-3	 0.57	 44.50 
10200	 45.09 	1 	44.84 	0.25 	0 	-3	 0.59	 44.91 
10300	 45.18 	1 	45.01 	0.17 	0 	-3	 0.54	 45.10 
10400	 45.09 	1 	45.05 	0.04 	0 	-3	 0.50	 45.09 
10500	 45.09 	1 	45.07 	0.02 	0 	-3	 0.45	 45.09 
10600	 45.09 	1 	45.08 	0.01 	0 	-3	 0.40	 45.09 
10700	 45.09 	1 	45.09 	0.00 	0 	-3	 0.36	 45.09 
10800	 45.09 	1 	45.09 	0.00 	0 	-3	 0.33	 45.09 
10900	 45.09 	1 	45.09 	0.00 	0 	-3	 0.29	 45.09 
11000	 44.38 	1 	44.73 	0.35 	0 	-3	 0.34	 44.59 
11100	 44.38 	1 	44.56 	0.18 	0 	-3	 0.30	 44.44 
11200	 44.12 	1 	44.34 	0.22 	0 	-3	 0.30	 44.22 
11300	 45.09 	1 	44.71 	0.38 	0 	-3	 0.37	 44.83 
11400	 45.09 	1 	44.90 	0.19 	0 	-3	 0.33	 45.01 
11500	 45.09 	1 	45.00 	0.09 	0 	-3	 0.30	 45.07 
11600	 44.29 	1 	44.64 	0.35 	0 	-3	 0.35	 44.52 
11700	 44.29 	1 	44.47 	0.18 	0 	-3	 0.31	 44.36 
11800	 44.29 	1 	44.38 	0.09 	0 	-3	 0.28	 44.31 
11900	 44.29 	1 	44.33 	0.04 	0 	-3	 0.25	 44.30 
12000	 44.29 	1 	44.31 	0.02 	0 	-3	 0.23	 44.29 
12100	 45.09 	1 	44.70 	0.39 	0 	-3	 0.28	 44.85 
12200	 45.09 	1 	44.90 	0.19 	0 	-3	 0.26	 45.02 
12300	 45.09 	1 	44.99 	0.10 	0 	-3	 0.23	 45.07 
12400	 45.09 	1 	45.04 	0.05 	0 	-3	 0.21	 45.08 
12500	 45.09 	1 	45.07 	0.02 	0 	-3	 0.19	 45.09 
12600	 44.29 	1 	44.68 	0.39 	0 	-3	 0.25	 44.53 
12700	 44.29 	1 	44.48 	0.19 	0 	-3	 0.22	 44.36 
12800	 45.09 	1 	44.79 	0.30 	0 	-3	 0.28	 44.87 
12900	 45.09 	1 	44.94 	0.15 	0 	-3	 0.25	 45.02 
13000	 45.09 	1 	45.01 	0.08 	0 	-3	 0.23	 45.07 
13100	 44.29 	1 	44.65 	0.36 	0 	-3	 0.28	 44.52 
13200	 45.09 	1 	44.87 	0.22 	0 	-3	 0.34	 44.92 
13300	 44.29 	1 	44.58 	0.29 	0 	-3	 0.38	 44.48 
13400	 45.09 	1 	44.84 	0.25 	0 	-3	 0.42	 44.91 
13500	 45.09 	1 	44.96 	0.13 	0 	-3	 0.38	 45.04 
13600	 45.09 	1 	45.03 	0.06 	0 	-3	 0.34	 45.07 
13700	 45.09 	1 	45.06 	0.03 	0 	-3	 0.31	 45.09 
13800	 44.29 	1 	44.67 	0.38 	0 	-3	 0.36	 44.53 
13900	 44.56 	1 	44.62 	0.06 	0 	-3	 0.35	 44.55 
14000	 44.29 	1 	44.45 	0.16 	0 	-3	 0.34	 44.37 
14100	 44.29 	1 	44.37 	0.08 	0 	-3	 0.31	 44.31 
14200	 44.38 	1 	44.38 	0.00 	0 	-3	 0.29	 44.36 
14300	 44.56 	1 	44.47 	0.09 	0 	-3	 0.28	 44.50 
14400	 44.29 	1 	44.38 	0.09 	0 	-3	 0.27	 44.35 
14500	 44.03 	1 	44.20 	0.17 	0 	-3	 0.27	 44.13 
14600	 45.09 	1 	44.65 	0.44 	0 	-3	 0.35	 44.80 
14700	 45.09 	1 	44.87 	0.22 	0 	-3	 0.32	 45.00 
14800	 44.38 	1 	44.62 	0.24 	0 	-3	 0.36	 44.57 
14900	 45.09 	1 	44.86 	0.23 	0 	-3	 0.39	 44.93 
15000	 45.18 	1 	45.02 	0.16 	0 	-3	 0.36	 45.11 
15100	 45.18 	1 	45.10 	0.08 	0 	-3	 0.33	 45.16 
