#Time(ms)	 Roll 	 Pitch 	 Yaw 	 xPos 	 yPos 	 zPos 	 xVal 	 yVal 	 zVal 	 State 	 oRoll 	 oPitch 	 oYaw 	 oThrottle 	 spX 	 spY 	 spZ 
200	 -6.21	 -1.65	 -0.05	 0.00	 0.00	 0.00	 0	 0	 0	 hover	 1500	 1500	 1500	 1000	 0.00	 0.00	 0.00
300	 -6.07	 -1.64	 -0.05	 0.00	 0.00	 0.00	 0	 0	 0	 hover	 1500	 1500	 1500	 1000	 0.00	 0.00	 0.00
400	 -6.07	 -1.64	 -0.05	 0.00	 0.00	 0.00	 0	 0	 0	 hover	 1500	 1500	 1500	 1000	 0.00	 0.00	 0.00
500	 -2.69	 -2.81	 -0.03	 0.00	 0.00	 0.00	 0	 0	 0	 hover	 1500	 1500	 1500	 1000	 0.00	 0.00	 0.00
600	 -2.56	 -2.85	 -0.02	 0.00	 0.00	 0.00	 0	 0	 0	 hover	 1500	 1500	 1500	 1000	 0.00	 0.00	 0.00
700	 -2.56	 -2.85	 -0.02	 0.00	 0.00	 0.00	 0	 0	 0	 hover	 1500	 1500	 1500	 1000	 0.00	 0.00	 0.00
800	 0.35	 -3.77	 0.00	 0.00	 0.00	 0.00	 0	 0	 0	 hover	 1500	 1500	 1500	 1000	 0.00	 0.00	 0.00
900	 0.38	 -3.79	 -0.00	 0.00	 0.00	 0.00	 0	 0	 0	 hover	 1500	 1500	 1500	 1000	 0.00	 0.00	 0.00
1000	 0.38	 -3.79	 -0.00	 0.00	 0.00	 0.00	 0	 0	 0	 hover	 1500	 1500	 1500	 1000	 0.00	 0.00	 0.00
1100	 1.70	 -4.60	 0.55	 0.00	 0.00	 0.00	 0	 0	 0	 hover	 1500	 1500	 1500	 1000	 0.00	 0.00	 0.00
1200	 1.78	 -4.63	 0.56	 0.00	 0.00	 0.00	 0	 0	 0	 hover	 1500	 1500	 1500	 1000	 0.00	 0.00	 0.00
1300	 1.78	 -4.63	 0.56	 0.00	 0.00	 0.00	 0	 0	 0	 hover	 1500	 1500	 1500	 1000	 0.00	 0.00	 0.00
1400	 4.05	 -5.05	 0.54	 0.00	 0.00	 0.00	 0	 0	 0	 hover	 1500	 1500	 1500	 1000	 0.00	 0.00	 0.00
1500	 4.10	 -5.06	 0.54	 0.00	 0.00	 0.00	 0	 0	 0	 hover	 1500	 1500	 1500	 1000	 0.00	 0.00	 0.00
1600	 4.10	 -5.06	 0.54	 0.00	 0.00	 0.00	 0	 0	 0	 hover	 1500	 1500	 1500	 1000	 0.00	 0.00	 0.00
1700	 5.84	 -5.42	 0.57	 0.00	 0.00	 0.00	 0	 0	 0	 hover	 1500	 1500	 1500	 1000	 0.00	 0.00	 0.00
1800	 5.78	 -5.45	 0.56	 0.00	 0.00	 0.00	 0	 0	 0	 hover	 1500	 1500	 1500	 1000	 0.00	 0.00	 0.00
1900	 5.78	 -5.45	 0.56	 0.00	 0.00	 0.00	 0	 0	 0	 hover	 1500	 1500	 1500	 1000	 0.00	 0.00	 0.00
2000	 3.81	 -6.11	 0.30	 0.00	 0.00	 0.00	 0	 0	 0	 hover	 1500	 1500	 1500	 1000	 0.00	 0.00	 0.00
2100	 3.77	 -6.13	 0.27	 0.00	 0.00	 0.00	 0	 0	 0	 hover	 1500	 1500	 1500	 1000	 0.00	 0.00	 0.00
2200	 3.77	 -6.13	 0.27	 0.00	 0.00	 0.00	 0	 0	 0	 hover	 1500	 1500	 1500	 1000	 0.00	 0.00	 0.00
2300	 3.57	 -4.33	 -0.14	 0.00	 0.00	 0.00	 0	 0	 0	 hover	 1500	 1500	 1500	 1000	 0.00	 0.00	 0.00
2400	 3.58	 -4.29	 -0.14	 0.00	 0.00	 0.00	 0	 0	 0	 hover	 1500	 1500	 1500	 1000	 0.00	 0.00	 0.00
2500	 3.58	 -4.29	 -0.14	 0.00	 0.00	 0.00	 0	 0	 0	 hover	 1500	 1500	 1500	 1000	 0.00	 0.00	 0.00
2600	 3.82	 -3.88	 -0.27	 0.00	 0.00	 0.00	 0	 0	 0	 hover	 1500	 1500	 1500	 1000	 0.00	 0.00	 0.00
2700	 3.82	 -3.82	 -0.29	 0.00	 0.00	 0.00	 0	 0	 0	 hover	 1500	 1500	 1500	 1000	 0.00	 0.00	 0.00
2800	 3.82	 -3.82	 -0.29	 0.00	 0.00	 0.00	 0	 0	 0	 hover	 1500	 1500	 1500	 1000	 0.00	 0.00	 0.00
2900	 3.98	 -4.61	 -0.60	 0.00	 0.00	 0.00	 0	 0	 0	 hover	 1500	 1500	 1500	 1000	 0.00	 0.00	 0.00
3000	 3.98	 -4.67	 -0.60	 0.00	 0.00	 0.00	 0	 0	 0	 hover	 1500	 1500	 1500	 1000	 0.00	 0.00	 0.00
3100	 3.98	 -4.67	 -0.60	 0.00	 0.00	 0.00	 0	 0	 0	 hover	 1500	 1500	 1500	 1000	 0.00	 0.00	 0.00
3200	 4.13	 -6.19	 -0.33	 0.00	 0.00	 0.00	 0	 0	 0	 hover	 1500	 1500	 1500	 1000	 0.00	 0.00	 0.00
3300	 4.12	 -6.26	 -0.31	 0.00	 0.00	 0.00	 0	 0	 0	 hover	 1500	 1500	 1500	 1000	 0.00	 0.00	 0.00
3400	 4.12	 -6.26	 -0.31	 0.00	 0.00	 0.00	 0	 0	 0	 hover	 1500	 1500	 1500	 1000	 0.00	 0.00	 0.00
3500	 4.68	 -7.10	 -0.06	 0.00	 0.00	 0.00	 0	 0	 0	 hover	 1500	 1500	 1500	 1000	 0.00	 0.00	 0.00
3600	 4.71	 -7.12	 -0.05	 0.00	 0.00	 0.00	 0	 0	 0	 hover	 1500	 1500	 1500	 1000	 0.00	 0.00	 0.00
3700	 4.71	 -7.12	 -0.05	 0.00	 0.00	 0.00	 0	 0	 0	 hover	 1500	 1500	 1500	 1000	 0.00	 0.00	 0.00
3800	 3.90	 -7.78	 0.25	 0.00	 0.00	 0.00	 0	 0	 0	 hover	 1500	 1500	 1500	 1000	 0.00	 0.00	 0.00
3900	 3.91	 -7.80	 0.28	 0.00	 0.00	 0.00	 0	 0	 0	 hover	 1500	 1500	 1500	 1000	 0.00	 0.00	 0.00
4000	 3.91	 -7.80	 0.28	 0.00	 0.00	 0.00	 0	 0	 0	 hover	 1500	 1500	 1500	 1000	 0.00	 0.00	 0.00
4100	 4.37	 -8.93	 1.16	 0.00	 0.00	 0.00	 0	 0	 0	 hover	 1500	 1500	 1500	 1000	 0.00	 0.00	 0.00
4200	 4.35	 -8.96	 1.19	 0.00	 0.00	 0.00	 0	 0	 0	 hover	 1500	 1500	 1500	 1000	 0.00	 0.00	 0.00
4300	 4.35	 -8.96	 1.19	 0.00	 0.00	 0.00	 0	 0	 0	 hover	 1500	 1500	 1500	 1000	 0.00	 0.00	 0.00
4400	 4.05	 -9.62	 2.09	 0.00	 0.00	 0.00	 0	 0	 0	 hover	 1500	 1500	 1500	 1000	 0.00	 0.00	 0.00
4500	 4.04	 -9.62	 2.09	 0.00	 0.00	 0.00	 0	 0	 0	 hover	 1500	 1500	 1500	 1000	 0.00	 0.00	 0.00
4600	 4.04	 -9.62	 2.09	 0.00	 0.00	 0.00	 0	 0	 0	 hover	 1500	 1500	 1500	 1000	 0.00	 0.00	 0.00
4700	 3.86	 -7.97	 1.64	 0.00	 0.00	 0.00	 0	 0	 0	 hover	 1500	 1500	 1500	 1000	 0.00	 0.00	 0.00
4800	 3.83	 -7.93	 1.63	 0.00	 0.00	 0.00	 0	 0	 0	 hover	 1500	 1500	 1500	 1000	 0.00	 0.00	 0.00
4900	 3.83	 -7.93	 1.63	 0.00	 0.00	 0.00	 0	 0	 0	 hover	 1500	 1500	 1500	 1000	 0.00	 0.00	 0.00
5000	 2.66	 -7.37	 1.51	 0.00	 0.00	 0.00	 0	 0	 0	 hover	 1500	 1500	 1500	 1000	 0.00	 0.00	 0.00
5100	 2.59	 -7.36	 1.51	 0.00	 0.00	 0.00	 0	 0	 0	 hover	 1500	 1500	 1500	 1000	 0.00	 0.00	 0.00
5200	 2.59	 -7.36	 1.51	 0.00	 0.00	 0.00	 0	 0	 0	 hover	 1500	 1500	 1500	 1000	 0.00	 0.00	 0.00
5300	 1.97	 -7.55	 1.79	 0.00	 0.00	 0.00	 0	 0	 0	 hover	 1500	 1500	 1500	 1000	 0.00	 0.00	 0.00
5400	 1.91	 -7.56	 1.82	 0.00	 0.00	 0.00	 0	 0	 0	 hover	 1500	 1500	 1500	 1000	 0.00	 0.00	 0.00
5500	 1.91	 -7.56	 1.82	 0.00	 0.00	 0.00	 0	 0	 0	 hover	 1500	 1500	 1500	 1000	 0.00	 0.00	 0.00
5600	 2.27	 -6.69	 1.51	 0.00	 0.00	 0.00	 0	 0	 0	 hover	 1500	 1500	 1500	 1000	 0.00	 0.00	 0.00
5700	 2.39	 -6.55	 1.47	 0.00	 0.00	 0.00	 0	 0	 0	 hover	 1500	 1500	 1500	 1000	 0.00	 0.00	 0.00
5800	 2.39	 -6.55	 1.47	 0.00	 0.00	 0.00	 0	 0	 0	 hover	 1500	 1500	 1500	 1000	 0.00	 0.00	 0.00
5900	 4.66	 -3.71	 0.51	 0.00	 0.00	 0.00	 0	 0	 0	 hover	 1500	 1500	 1500	 1000	 0.00	 0.00	 0.00
6000	 4.72	 -3.73	 0.50	 0.00	 0.00	 0.00	 0	 0	 0	 hover	 1500	 1500	 1500	 1000	 0.00	 0.00	 0.00
6100	 4.72	 -3.73	 0.50	 0.00	 0.00	 0.00	 0	 0	 0	 hover	 1500	 1500	 1500	 1000	 0.00	 0.00	 0.00
6200	 5.59	 -5.00	 0.26	 0.00	 0.00	 0.00	 0	 0	 0	 hover	 1500	 1500	 1500	 1000	 0.00	 0.00	 0.00
6300	 5.66	 -5.01	 0.24	 0.00	 0.00	 0.00	 0	 0	 0	 hover	 1500	 1500	 1500	 1000	 0.00	 0.00	 0.00
6400	 5.66	 -5.01	 0.24	 0.00	 0.00	 0.00	 0	 0	 0	 hover	 1500	 1500	 1500	 1000	 0.00	 0.00	 0.00
6500	 6.30	 -6.59	 0.15	 0.00	 0.00	 0.00	 0	 0	 0	 hover	 1500	 1500	 1500	 1000	 0.00	 0.00	 0.00
6600	 6.33	 -6.67	 0.12	 0.00	 0.00	 0.00	 0	 0	 0	 hover	 1500	 1500	 1500	 1000	 0.00	 0.00	 0.00
6700	 6.33	 -6.67	 0.12	 0.00	 0.00	 0.00	 0	 0	 0	 hover	 1500	 1500	 1500	 1000	 0.00	 0.00	 0.00
6800	 5.28	 -8.41	 1.07	 0.00	 0.00	 0.00	 0	 0	 0	 hover	 1500	 1500	 1500	 1000	 0.00	 0.00	 0.00
6900	 5.26	 -8.48	 1.13	 0.15	 0.38	 0.25	 1	 1	 1	 hover	 1499	 1499	 1500	 1002	 0.00	 0.00	 0.00
7000	 5.26	 -8.48	 1.13	 0.16	 0.38	 0.37	 1	 0	 1	 hover	 1500	 1499	 1500	 1004	 0.00	 0.00	 0.00
7100	 3.83	 -8.24	 1.69	 0.16	 0.38	 0.37	 0	 0	 0	 hover	 1500	 1500	 1500	 1004	 0.00	 0.00	 0.00
7200	 3.75	 -8.20	 1.71	 0.16	 0.38	 0.37	 0	 0	 0	 hover	 1500	 1500	 1500	 1004	 0.00	 0.00	 0.00
7300	 3.75	 -8.20	 1.71	 0.16	 0.38	 0.37	 0	 0	 0	 hover	 1500	 1500	 1500	 1004	 0.00	 0.00	 0.00
7400	 3.00	 -7.51	 1.46	 0.16	 0.38	 0.37	 0	 0	 0	 hover	 1500	 1500	 1500	 1004	 0.00	 0.00	 0.00
7500	 3.06	 -7.47	 1.43	 0.16	 0.38	 0.37	 0	 0	 0	 hover	 1500	 1500	 1500	 1004	 0.00	 0.00	 0.00
7600	 3.06	 -7.47	 1.43	 0.16	 0.38	 0.37	 0	 0	 0	 hover	 1500	 1500	 1500	 1004	 0.00	 0.00	 0.00
7700	 3.94	 -6.15	 1.09	 0.16	 0.38	 0.37	 0	 0	 0	 hover	 1500	 1500	 1500	 1004	 0.00	 0.00	 0.00
7800	 3.95	 -6.16	 1.08	 0.16	 0.38	 0.37	 0	 0	 0	 hover	 1500	 1500	 1500	 1004	 0.00	 0.00	 0.00
7900	 3.95	 -6.16	 1.08	 0.16	 0.38	 0.37	 0	 0	 0	 hover	 1500	 1500	 1500	 1004	 0.00	 0.00	 0.00
8000	 5.34	 -6.54	 0.60	 0.16	 0.38	 0.37	 0	 0	 0	 hover	 1500	 1500	 1500	 1004	 0.00	 0.00	 0.00
8100	 5.39	 -6.51	 0.58	 0.16	 0.38	 0.37	 0	 0	 0	 hover	 1500	 1500	 1500	 1004	 0.00	 0.00	 0.00
8200	 5.39	 -6.51	 0.58	 0.16	 0.38	 0.37	 0	 0	 0	 hover	 1500	 1500	 1500	 1004	 0.00	 0.00	 0.00
8300	 6.60	 -7.10	 0.47	 0.16	 0.38	 0.37	 0	 0	 0	 hover	 1500	 1500	 1500	 1004	 0.00	 0.00	 0.00
8400	 6.61	 -7.15	 0.47	 0.16	 0.38	 0.37	 0	 0	 0	 hover	 1500	 1500	 1500	 1004	 0.00	 0.00	 0.00
8500	 6.61	 -7.15	 0.47	 0.16	 0.38	 0.37	 0	 0	 0	 hover	 1500	 1500	 1500	 1004	 0.00	 0.00	 0.00
8600	 5.48	 -7.70	 1.51	 0.16	 0.38	 0.37	 0	 0	 0	 hover	 1500	 1500	 1500	 1004	 0.00	 0.00	 0.00
8700	 5.50	 -7.74	 1.53	 0.16	 0.38	 0.37	 0	 0	 0	 hover	 1500	 1500	 1500	 1004	 0.00	 0.00	 0.00
8800	 5.50	 -7.74	 1.53	 0.16	 0.38	 0.37	 0	 0	 0	 hover	 1500	 1500	 1500	 1004	 0.00	 0.00	 0.00
8900	 3.73	 -7.84	 2.15	 0.16	 0.38	 0.37	 0	 0	 0	 hover	 1500	 1500	 1500	 1004	 0.00	 0.00	 0.00
9000	 3.69	 -7.85	 2.14	 0.16	 0.38	 0.37	 0	 0	 0	 hover	 1500	 1500	 1500	 1004	 0.00	 0.00	 0.00
9100	 3.69	 -7.85	 2.14	 0.16	 0.38	 0.37	 0	 0	 0	 hover	 1500	 1500	 1500	 1004	 0.00	 0.00	 0.00
9200	 3.45	 -7.79	 1.78	 0.16	 0.38	 0.37	 0	 0	 0	 hover	 1500	 1500	 1500	 1004	 0.00	 0.00	 0.00
9300	 3.46	 -7.77	 1.78	 0.16	 0.38	 0.37	 0	 0	 0	 hover	 1500	 1500	 1500	 1004	 0.00	 0.00	 0.00
9400	 3.46	 -7.77	 1.78	 0.16	 0.38	 0.37	 0	 0	 0	 hover	 1500	 1500	 1500	 1004	 0.00	 0.00	 0.00
9500	 3.87	 -7.32	 1.51	 0.16	 0.38	 0.37	 0	 0	 0	 hover	 1500	 1500	 1500	 1004	 0.00	 0.00	 0.00
9600	 3.97	 -7.30	 1.48	 0.16	 0.38	 0.37	 0	 0	 0	 hover	 1500	 1500	 1500	 1004	 0.00	 0.00	 0.00
9700	 3.97	 -7.30	 1.48	 0.16	 0.38	 0.37	 0	 0	 0	 hover	 1500	 1500	 1500	 1004	 0.00	 0.00	 0.00
9800	 4.56	 -7.45	 1.38	 0.16	 0.38	 0.37	 0	 0	 0	 hover	 1500	 1500	 1500	 1004	 0.00	 0.00	 0.00
9900	 4.58	 -7.44	 1.38	 0.16	 0.38	 0.37	 0	 0	 0	 hover	 1500	 1500	 1500	 1004	 0.00	 0.00	 0.00
10000	 4.58	 -7.44	 1.38	 0.16	 0.38	 0.37	 0	 0	 0	 hover	 1500	 1500	 1500	 1004	 0.00	 0.00	 0.00
10100	 4.57	 -7.58	 1.48	 0.16	 0.38	 0.37	 0	 0	 0	 hover	 1500	 1500	 1500	 1004	 0.00	 0.00	 0.00
