#Time(ms)	 Value 	 Validity 	 avgValue 	 Diff 	 Outliers 	 invalidReason 
200	 -1.00 	0 	0.00 	1.00 	0 	0 
300	 -1.00 	0 	0.00 	1.00 	1 	0 
400	 -1.00 	0 	0.00 	1.00 	2 	0 
500	 -1.00 	0 	0.00 	1.00 	3 	0 
600	 163.18 	0 	97.91 	65.27 	3 	65.27 
700	 202.87 	0 	160.89 	41.98 	3 	41.98 
800	 206.16 	0 	188.05 	18.11 	0 	18.11 
900	 194.15 	0 	191.71 	2.44 	0 	-1 
1000	 194.15 	0 	191.71 	2.44 	1 	-1 
1100	 180.00 	0 	184.68 	4.68 	0 	4.68 
1200	 180.00 	0 	184.68 	4.68 	1 	4.68 
1300	 180.00 	0 	184.68 	4.68 	2 	4.68 
1400	 189.43 	0 	187.53 	1.90 	0 	-1 
1500	 189.43 	0 	187.53 	1.90 	1 	-1 
1600	 189.43 	0 	187.53 	1.90 	2 	-1 
1700	 189.43 	0 	187.53 	1.90 	3 	-1 
1800	 132.57 	0 	154.55 	21.98 	3 	21.98 
1900	 222.00 	0 	195.02 	26.98 	3 	26.98 
2000	 160.07 	0 	174.05 	13.98 	3 	13.98 
2100	 164.61 	0 	168.39 	3.78 	0 	3.78 
2200	 184.00 	0 	177.75 	6.25 	0 	6.25 
2300	 184.00 	0 	177.75 	6.25 	1 	6.25 
2400	 201.54 	0 	192.03 	9.51 	0 	9.51 
2500	 192.10 	0 	192.07 	0.03 	0 	-1 
2600	 192.10 	0 	192.07 	0.03 	1 	-1 
2700	 176.00 	0 	182.43 	6.43 	0 	6.43 
2800	 195.13 	0 	190.05 	5.08 	0 	5.08 
2900	 195.13 	0 	190.05 	5.08 	1 	5.08 
3000	 195.13 	0 	190.05 	5.08 	2 	5.08 
3100	 195.13 	0 	190.05 	5.08 	3 	5.08 
3200	 187.83 	0 	188.72 	0.89 	0 	-1 
3300	 187.83 	0 	188.72 	0.89 	1 	-1 
3400	 205.09 	0 	198.54 	6.55 	0 	6.55 
3500	 205.09 	0 	198.54 	6.55 	1 	6.55 
3600	 209.10 	0 	204.88 	4.22 	0 	4.22 
3700	 209.10 	0 	204.88 	4.22 	1 	4.22 
3800	 196.82 	0 	200.04 	3.22 	0 	3.22 
3900	 206.07 	0 	203.66 	2.41 	0 	-1 
4000	 206.07 	0 	203.66 	2.41 	1 	-1 
4100	 206.07 	0 	203.66 	2.41 	2 	-1 
4200	 206.07 	1 	203.66 	2.41 	3 	-3 
4300	 173.59 	0 	185.62 	12.03 	3 	12.03 
4400	 172.26 	0 	177.60 	5.34 	0 	5.34 
4500	 171.01 	1 	173.65 	2.64 	0 	-3 
4600	 167.27 	1 	169.82 	2.55 	0 	-3 
4700	 156.77 	0 	161.99 	5.22 	0 	5.22 
4800	 156.77 	0 	161.99 	5.22 	1 	5.22 
4900	 155.80 	1 	158.28 	2.48 	0 	-3 
5000	 162.47 	1 	160.79 	1.68 	0 	-3 
5100	 162.47 	1 	160.79 	1.68 	1 	-3 
5200	 166.56 	1 	164.25 	2.31 	0 	-3 
5300	 166.56 	1 	164.25 	2.31 	1 	-3 
5400	 161.31 	1 	162.49 	1.18 	0 	-3 
5500	 163.09 	1 	162.85 	0.24 	0 	-3 
5600	 163.72 	1 	163.37 	0.35 	0 	-3 
5700	 163.72 	1 	163.37 	0.35 	1 	-3 
5800	 163.72 	1 	163.37 	0.35 	2 	-3 
5900	 163.72 	1 	163.37 	0.35 	3 	-3 
6000	 70.90 	0 	107.89 	36.99 	3 	36.99 
6100	 77.49 	0 	89.65 	12.16 	0 	12.16 
6200	 77.49 	0 	89.65 	12.16 	1 	12.16 
6300	 88.70 	1 	89.08 	0.38 	0 	-3 
6400	 88.70 	1 	89.08 	0.38 	1 	-3 
6500	 88.70 	1 	89.08 	0.38 	2 	-3 
6600	 88.70 	1 	89.08 	0.38 	3 	-3 
6700	 4.16 	0 	38.13 	33.97 	3 	33.97 
6800	 162.20 	0 	112.57 	49.63 	3 	49.63 
6900	 7.45 	0 	49.50 	42.05 	3 	42.05 
7000	 111.21 	0 	86.53 	24.68 	3 	24.68 
7100	 120.56 	0 	106.95 	13.61 	0 	13.61 
7200	 120.56 	0 	106.95 	13.61 	1 	13.61 
7300	 120.56 	0 	106.95 	13.61 	2 	13.61 
7400	 120.56 	0 	106.95 	13.61 	3 	13.61 
7500	 156.24 	0 	136.52 	19.72 	3 	19.72 
7600	 151.43 	0 	145.47 	5.96 	0 	5.96 
7700	 151.43 	0 	145.47 	5.96 	1 	5.96 
7800	 151.43 	0 	145.47 	5.96 	2 	5.96 
7900	 150.63 	1 	148.56 	2.07 	0 	-3 
8000	 151.52 	1 	150.34 	1.18 	0 	-3 
8100	 149.48 	1 	149.82 	0.34 	0 	-3 
8200	 149.03 	1 	149.35 	0.32 	0 	-3 
8300	 145.74 	1 	147.18 	1.44 	0 	-3 
8400	 145.74 	1 	147.18 	1.44 	1 	-3 
8500	 142.54 	1 	144.40 	1.86 	0 	-3 
8600	 147.52 	1 	146.27 	1.25 	0 	-3 
8700	 146.90 	1 	146.65 	0.25 	0 	-3 
8800	 146.72 	1 	146.69 	0.03 	0 	-3 
8900	 146.72 	1 	146.69 	0.03 	1 	-3 
9000	 150.55 	1 	149.01 	1.54 	0 	-3 
9100	 150.55 	1 	149.01 	1.54 	1 	-3 
9200	 150.55 	1 	149.01 	1.54 	2 	-3 
9300	 150.55 	1 	149.01 	1.54 	3 	-3 
9400	 87.45 	0 	112.07 	24.62 	3 	24.62 
9500	 88.25 	0 	97.78 	9.53 	0 	9.53 
9600	 88.25 	0 	97.78 	9.53 	1 	9.53 
9700	 85.49 	0 	90.41 	4.92 	0 	4.92 
9800	 85.49 	0 	90.41 	4.92 	1 	4.92 
9900	 66.54 	0 	76.09 	9.55 	0 	9.55 
10000	 66.54 	0 	76.09 	9.55 	1 	9.55 
10100	 66.54 	0 	76.09 	9.55 	2 	9.55 
10200	 66.54 	0 	76.09 	9.55 	3 	9.55 
10300	 62.18 	0 	67.74 	5.56 	0 	5.56 
10400	 62.18 	0 	67.74 	5.56 	1 	5.56 
10500	 62.18 	0 	67.74 	5.56 	2 	5.56 
10600	 62.18 	0 	67.74 	5.56 	3 	5.56 
10700	 101.87 	0 	88.22 	13.65 	3 	13.65 
10800	 6.74 	0 	39.33 	32.59 	3 	32.59 
10900	 45.98 	1 	43.32 	2.66 	3 	-3 
11000	 127.14 	0 	93.61 	33.53 	3 	33.53 
11100	 145.21 	0 	124.57 	20.64 	0 	20.64 
11200	 145.21 	0 	124.57 	20.64 	1 	20.64 
11300	 143.69 	0 	136.04 	7.65 	0 	7.65 
11400	 141.91 	1 	139.56 	2.35 	0 	-3 
11500	 142.45 	1 	141.30 	1.15 	0 	-3 
11600	 145.74 	1 	143.96 	1.78 	0 	-3 
11700	 143.52 	1 	143.70 	0.18 	0 	-3 
11800	 147.96 	1 	146.25 	1.71 	0 	-3 
11900	 147.96 	1 	146.25 	1.71 	1 	-3 
12000	 147.96 	1 	146.25 	1.71 	2 	-3 
12100	 152.59 	1 	150.06 	2.53 	0 	-3 
12200	 152.59 	1 	150.06 	2.53 	1 	-3 
12300	 152.59 	1 	150.06 	2.53 	2 	-3 
12400	 152.59 	1 	150.06 	2.53 	3 	-3 
12500	 126.16 	0 	135.72 	9.56 	3 	9.56 
12600	 8.97 	0 	59.67 	50.70 	3 	50.70 
12700	 129.99 	0 	101.86 	28.13 	3 	28.13 
12800	 127.05 	0 	116.97 	10.08 	0 	10.08 
12900	 127.05 	0 	116.97 	10.08 	1 	10.08 
13000	 134.44 	0 	127.45 	6.99 	0 	6.99 
13100	 130.34 	1 	129.19 	1.15 	0 	-3 
13200	 130.34 	1 	129.19 	1.15 	1 	-3 
13300	 134.62 	1 	132.45 	2.17 	0 	-3 
13400	 141.02 	0 	137.59 	3.43 	0 	3.43 
13500	 140.58 	1 	139.38 	1.20 	0 	-3 
13600	 140.04 	1 	139.78 	0.26 	0 	-3 
13700	 141.74 	1 	140.96 	0.78 	0 	-3 
13800	 143.78 	1 	142.65 	1.13 	0 	-3 
13900	 -1.00 	0 	142.65 	143.65 	0 	0 
14000	 -1.00 	0 	142.65 	143.65 	0 	0 
14100	 -1.00 	0 	142.65 	143.65 	1 	0 
14200	 -1.00 	0 	142.65 	143.65 	2 	0 
14300	 -1.00 	0 	142.65 	143.65 	3 	0 
14400	 147.07 	1 	145.30 	1.77 	3 	-3 
14500	 155.08 	0 	151.17 	3.91 	0 	3.91 
14600	 155.08 	0 	151.17 	3.91 	1 	3.91 
14700	 146.90 	1 	148.61 	1.71 	0 	-3 
14800	 142.00 	1 	144.64 	2.64 	0 	-3 
14900	 145.38 	1 	145.09 	0.29 	0 	-3 
15000	 141.56 	1 	142.97 	1.41 	0 	-3 
15100	 132.84 	0 	136.89 	4.05 	0 	4.05 
15200	 132.84 	0 	136.89 	4.05 	1 	4.05 
15300	 132.84 	0 	136.89 	4.05 	2 	4.05 
15400	 132.84 	0 	136.89 	4.05 	3 	4.05 
15500	 105.16 	0 	117.85 	12.69 	3 	12.69 
15600	 100.27 	0 	107.30 	7.03 	0 	7.03 
15700	 100.27 	0 	107.30 	7.03 	1 	7.03 
15800	 96.44 	0 	100.79 	4.35 	0 	4.35 
15900	 79.71 	0 	88.14 	8.43 	0 	8.43 
16000	 69.48 	0 	76.94 	7.46 	0 	7.46 
16100	 69.48 	0 	76.94 	7.46 	1 	7.46 
16200	 69.48 	0 	76.94 	7.46 	2 	7.46 
16300	 69.48 	0 	76.94 	7.46 	3 	7.46 
16400	 152.59 	0 	122.33 	30.26 	3 	30.26 
16500	 132.48 	0 	128.42 	4.06 	3 	4.06 
16600	 114.77 	0 	120.23 	5.46 	0 	5.46 
16700	 114.77 	0 	120.23 	5.46 	1 	5.46 
16800	 114.77 	0 	120.23 	5.46 	2 	5.46 
16900	 114.77 	0 	120.23 	5.46 	3 	5.46 
17000	 174.48 	0 	152.78 	21.70 	3 	21.70 
17100	 172.88 	0 	164.84 	8.04 	0 	8.04 
17200	 179.56 	0 	173.67 	5.89 	0 	5.89 
17300	 179.56 	0 	173.67 	5.89 	1 	5.89 
17400	 185.61 	0 	180.83 	4.78 	0 	4.78 
17500	 179.02 	1 	179.75 	0.73 	0 	-3 
17600	 179.02 	1 	179.75 	0.73 	1 	-3 
17700	 179.02 	1 	179.75 	0.73 	2 	-3 
17800	 159.89 	0 	167.83 	7.94 	0 	7.94 
17900	 162.29 	1 	164.51 	2.22 	0 	-3 
18000	 162.29 	1 	164.51 	2.22 	1 	-3 
18100	 146.81 	0 	153.89 	7.08 	0 	7.08 
18200	 147.07 	1 	149.80 	2.73 	0 	-3 
18300	 139.24 	0 	143.46 	4.22 	0 	4.22 
18400	 139.24 	0 	143.46 	4.22 	1 	4.22 
18500	 148.50 	1 	146.49 	2.01 	0 	-3 
18600	 142.89 	1 	144.33 	1.44 	0 	-3 
18700	 146.54 	1 	145.66 	0.88 	0 	-3 
18800	 140.67 	1 	142.66 	1.99 	0 	-3 
18900	 136.84 	1 	139.17 	2.33 	0 	-3 
19000	 136.84 	1 	139.17 	2.33 	1 	-3 
19100	 142.89 	1 	141.40 	1.49 	0 	-3 
19200	 142.89 	1 	141.40 	1.49 	1 	-3 
19300	 139.69 	1 	140.37 	0.68 	0 	-3 
19400	 144.85 	1 	143.06 	1.79 	0 	-3 
19500	 138.89 	1 	140.56 	1.67 	0 	-3 
19600	 138.89 	0 	140.56 	1.67 	1 	-2 
19700	 138.89 	0 	140.56 	1.67 	2 	-2 
19800	 121.54 	0 	129.15 	7.61 	0 	7.61 
19900	 117.00 	0 	121.86 	4.86 	0 	4.86 
20000	 118.60 	1 	119.90 	1.30 	0 	-3 
20100	 118.69 	1 	119.18 	0.49 	0 	-3 
20200	 118.69 	1 	119.18 	0.49 	1 	-3 
20300	 118.78 	1 	118.94 	0.16 	0 	-3 
20400	 120.38 	1 	119.80 	0.58 	0 	-3 
20500	 106.59 	0 	111.88 	5.29 	0 	5.29 
20600	 110.86 	1 	111.27 	0.41 	0 	-3 
20700	 109.70 	1 	110.33 	0.63 	0 	-3 
20800	 109.70 	1 	109.95 	0.25 	0 	-3 
20900	 110.23 	1 	110.12 	0.11 	0 	-3 
21000	 90.75 	0 	98.50 	7.75 	0 	7.75 
21100	 108.99 	0 	104.79 	4.20 	0 	4.20 
21200	 111.84 	1 	109.02 	2.82 	0 	-3 
21300	 108.45 	1 	108.68 	0.23 	0 	-3 
21400	 108.10 	1 	108.33 	0.23 	0 	-3 
21500	 104.27 	1 	105.89 	1.62 	0 	-3 
21600	 96.35 	0 	100.17 	3.82 	0 	3.82 
21700	 107.12 	1 	104.34 	2.78 	0 	-3 
21800	 111.12 	1 	108.41 	2.71 	0 	-3 
21900	 104.81 	1 	106.25 	1.44 	0 	-3 
22000	 109.70 	1 	108.32 	1.38 	0 	-3 
22100	 104.81 	1 	106.21 	1.40 	0 	-3 
22200	 108.45 	1 	107.56 	0.89 	0 	-3 
22300	 107.03 	1 	107.24 	0.21 	0 	-3 
22400	 120.02 	0 	114.91 	5.11 	0 	5.11 
22500	 109.70 	1 	111.78 	2.08 	0 	-3 
22600	 109.70 	1 	111.78 	2.08 	1 	-3 
22700	 96.26 	0 	102.47 	6.21 	0 	6.21 
22800	 96.17 	1 	98.69 	2.52 	0 	-3 
22900	 105.25 	1 	102.63 	2.62 	0 	-3 
23000	 108.90 	1 	106.39 	2.51 	0 	-3 
23100	 100.09 	1 	102.61 	2.52 	0 	-3 
23200	 103.83 	1 	103.34 	0.49 	0 	-3 
23300	 121.71 	0 	114.36 	7.35 	0 	7.35 
23400	 110.14 	1 	111.83 	1.69 	0 	-3 
23500	 102.22 	0 	106.06 	3.84 	0 	3.84 
23600	 109.61 	1 	108.19 	1.42 	0 	-3 
23700	 105.43 	1 	106.53 	1.10 	0 	-3 
23800	 99.20 	1 	102.13 	2.93 	0 	-3 
23900	 99.20 	1 	102.13 	2.93 	1 	-3 
24000	 99.20 	1 	102.13 	2.93 	2 	-3 
24100	 108.19 	1 	105.77 	2.42 	0 	-3 
24200	 108.19 	1 	105.77 	2.42 	1 	-3 
24300	 110.14 	1 	108.39 	1.75 	0 	-3 
24400	 107.56 	1 	107.89 	0.33 	0 	-3 
24500	 107.56 	1 	107.89 	0.33 	1 	-3 
24600	 113.44 	1 	111.22 	2.22 	0 	-3 
24700	 113.44 	1 	111.22 	2.22 	1 	-3 
24800	 113.44 	1 	111.22 	2.22 	2 	-3 
24900	 113.44 	1 	111.22 	2.22 	3 	-3 
25000	 109.17 	1 	109.99 	0.82 	0 	-3 
25100	 109.43 	1 	109.65 	0.22 	0 	-3 
25200	 111.30 	1 	110.64 	0.66 	0 	-3 
25300	 108.10 	1 	109.12 	1.02 	0 	-3 
25400	 98.31 	0 	102.63 	4.32 	0 	4.32 
25500	 107.65 	1 	105.64 	2.01 	0 	-3 
25600	 108.10 	1 	107.12 	0.98 	0 	-3 
25700	 98.93 	0 	102.20 	3.27 	0 	3.27 
25800	 108.10 	1 	105.74 	2.36 	0 	-3 
25900	 111.12 	1 	108.97 	2.15 	0 	-3 
26000	 98.93 	0 	102.95 	4.02 	0 	4.02 
26100	 110.14 	1 	107.26 	2.88 	0 	-3 
26200	 107.83 	1 	107.60 	0.23 	0 	-3 
26300	 111.92 	1 	110.19 	1.73 	0 	-3 
26400	 112.19 	1 	111.39 	0.80 	0 	-3 
26500	 111.66 	1 	111.55 	0.11 	0 	-3 
26600	 110.77 	1 	111.08 	0.31 	0 	-3 
26700	 98.40 	0 	103.47 	5.07 	0 	5.07 
26800	 101.07 	1 	102.03 	0.96 	0 	-3 
26900	 97.86 	1 	99.53 	1.67 	0 	-3 
27000	 108.19 	0 	104.73 	3.46 	0 	3.46 
27100	 105.16 	1 	104.99 	0.17 	0 	-3 
27200	 111.66 	1 	108.99 	2.67 	0 	-3 
27300	 101.25 	0 	104.35 	3.10 	0 	3.10 
27400	 107.56 	1 	106.27 	1.29 	0 	-3 
27500	 111.12 	1 	109.18 	1.94 	0 	-3 
27600	 111.12 	1 	110.34 	0.78 	0 	-3 
27700	 110.32 	1 	110.33 	0.01 	0 	-3 
27800	 111.66 	1 	111.13 	0.53 	0 	-3 
27900	 100.53 	0 	104.77 	4.24 	0 	4.24 
28000	 110.14 	1 	107.99 	2.15 	0 	-3 
28100	 109.17 	1 	108.70 	0.47 	0 	-3 
28200	 107.03 	1 	107.70 	0.67 	0 	-3 
28300	 109.17 	1 	108.58 	0.59 	0 	-3 
28400	 109.79 	1 	109.31 	0.48 	0 	-3 
28500	 111.39 	1 	110.56 	0.83 	0 	-3 
28600	 109.17 	1 	109.72 	0.55 	0 	-3 
28700	 108.28 	1 	108.86 	0.58 	0 	-3 
28800	 111.30 	1 	110.32 	0.98 	0 	-3 
28900	 111.30 	1 	110.32 	0.98 	1 	-3 
29000	 111.30 	1 	110.32 	0.98 	2 	-3 
29100	 111.30 	1 	110.32 	0.98 	3 	-3 
29200	 52.75 	0 	75.78 	23.03 	3 	23.03 
29300	 50.26 	0 	60.47 	10.21 	0 	10.21 
29400	 38.42 	0 	47.24 	8.82 	0 	8.82 
29500	 38.42 	0 	47.24 	8.82 	1 	8.82 
29600	 38.42 	0 	47.24 	8.82 	2 	8.82 
29700	 38.42 	0 	47.24 	8.82 	3 	8.82 
29800	 71.88 	0 	62.02 	9.86 	3 	9.86 
29900	 80.42 	0 	73.06 	7.36 	0 	7.36 
30000	 81.05 	0 	77.85 	3.20 	0 	3.20 
30100	 83.89 	1 	81.48 	2.41 	0 	-3 
