#Time(ms)	 Value 	 Validity 	 avgValue 	 Diff 	 Outliers 	 invalidReason 
200	 10.48 	0 	6.29 	4.19 	0 	4.19 
300	 10.83 	0 	9.01 	1.82 	0 	-1 
400	 8.43 	0 	8.66 	0.23 	0 	-1 
500	 10.12 	0 	9.54 	0.58 	0 	-1 
600	 8.43 	0 	8.87 	0.44 	0 	-1 
700	 10.75 	0 	10.00 	0.75 	0 	-1 
800	 10.75 	0 	10.45 	0.30 	0 	-1 
900	 7.99 	0 	8.97 	0.98 	0 	-1 
1000	 8.52 	0 	8.70 	0.18 	0 	-1 
1100	 10.30 	0 	9.66 	0.64 	0 	-1 
1200	 9.59 	0 	9.62 	0.03 	0 	-1 
1300	 13.86 	0 	12.16 	1.70 	0 	-1 
1400	 15.28 	0 	14.03 	1.25 	0 	-1 
1500	 19.11 	0 	17.08 	2.03 	0 	-1 
1600	 24.27 	0 	21.39 	2.88 	0 	-1 
1700	 27.65 	0 	25.15 	2.50 	0 	-1 
1800	 32.81 	0 	29.74 	3.07 	0 	3.07 
1900	 32.90 	0 	31.64 	1.26 	0 	-1 
2000	 34.68 	0 	33.46 	1.22 	0 	-1 
2100	 34.68 	0 	34.19 	0.49 	0 	-1 
2200	 36.37 	0 	35.50 	0.87 	0 	-1 
2300	 34.51 	0 	34.91 	0.40 	0 	-1 
2400	 34.06 	0 	34.40 	0.34 	0 	-1 
2500	 32.19 	0 	33.07 	0.88 	0 	-1 
2600	 31.30 	0 	32.01 	0.71 	0 	-1 
2700	 29.88 	0 	30.73 	0.85 	0 	-1 
2800	 26.94 	0 	28.46 	1.52 	0 	-1 
2900	 30.77 	0 	29.84 	0.93 	0 	-1 
3000	 30.41 	0 	30.18 	0.23 	0 	-1 
3100	 33.70 	0 	32.29 	1.41 	0 	-1 
3200	 34.51 	0 	33.62 	0.89 	0 	-1 
3300	 38.24 	0 	36.39 	1.85 	0 	-1 
3400	 38.78 	0 	37.83 	0.95 	0 	-1 
3500	 41.27 	0 	39.89 	1.38 	0 	-1 
3600	 43.31 	0 	41.94 	1.37 	0 	-1 
3700	 45.36 	0 	43.99 	1.37 	0 	-1 
3800	 47.41 	0 	46.04 	1.37 	0 	-1 
3900	 50.17 	0 	48.52 	1.65 	0 	-1 
4000	 50.97 	0 	49.99 	0.98 	0 	-1 
4100	 52.84 	0 	51.70 	1.14 	0 	-1 
4200	 54.44 	1 	53.34 	1.10 	0 	-3 
4300	 56.40 	1 	55.18 	1.22 	0 	-3 
4400	 56.93 	1 	56.23 	0.70 	0 	-3 
4500	 58.62 	1 	57.66 	0.96 	0 	-3 
4600	 57.02 	1 	57.28 	0.26 	0 	-3 
4700	 57.02 	1 	57.12 	0.10 	0 	-3 
4800	 58.62 	1 	58.02 	0.60 	0 	-3 
4900	 57.11 	1 	57.47 	0.36 	0 	-3 
5000	 54.71 	1 	55.82 	1.11 	0 	-3 
5100	 55.77 	1 	55.79 	0.02 	0 	-3 
5200	 53.28 	1 	54.28 	1.00 	0 	-3 
5300	 51.06 	1 	52.35 	1.29 	0 	-3 
5400	 50.79 	1 	51.41 	0.62 	0 	-3 
5500	 49.01 	1 	49.97 	0.96 	0 	-3 
5600	 49.28 	1 	49.56 	0.28 	0 	-3 
5700	 52.75 	1 	51.47 	1.28 	0 	-3 
5800	 54.17 	1 	53.09 	1.08 	0 	-3 
5900	 58.71 	1 	56.46 	2.25 	0 	-3 
6000	 64.23 	0 	61.12 	3.11 	0 	3.11 
6100	 68.68 	0 	65.66 	3.02 	0 	3.02 
6200	 76.86 	0 	72.38 	4.48 	0 	4.48 
6300	 79.80 	1 	76.83 	2.97 	0 	-3 
6400	 84.96 	0 	81.71 	3.25 	0 	3.25 
6500	 84.96 	0 	81.71 	3.25 	1 	3.25 
6600	 92.79 	0 	88.36 	4.43 	0 	4.43 
6700	 97.51 	0 	93.85 	3.66 	0 	3.66 
6800	 100.09 	1 	97.59 	2.50 	0 	-3 
6900	 103.65 	1 	101.23 	2.42 	0 	-3 
7000	 102.05 	1 	101.72 	0.33 	0 	-3 
7100	 104.00 	1 	103.09 	0.91 	0 	-3 
7200	 106.85 	1 	105.35 	1.50 	0 	-3 
7300	 107.03 	1 	106.36 	0.67 	0 	-3 
7400	 107.03 	1 	106.76 	0.27 	0 	-3 
7500	 108.45 	1 	107.77 	0.68 	0 	-3 
7600	 107.74 	1 	107.75 	0.01 	0 	-3 
7700	 110.23 	1 	109.24 	0.99 	0 	-3 
7800	 109.08 	1 	109.14 	0.06 	0 	-3 
7900	 108.01 	1 	108.46 	0.45 	0 	-3 
8000	 108.36 	1 	108.40 	0.04 	0 	-3 
8100	 107.30 	1 	107.74 	0.44 	0 	-3 
8200	 108.90 	1 	108.44 	0.46 	0 	-3 
8300	 103.92 	1 	105.73 	1.81 	0 	-3 
8400	 104.98 	1 	105.28 	0.30 	0 	-3 
8500	 102.40 	1 	103.55 	1.15 	0 	-3 
8600	 107.39 	1 	105.85 	1.54 	0 	-3 
8700	 101.42 	1 	103.19 	1.77 	0 	-3 
8800	 95.37 	0 	98.50 	3.13 	0 	3.13 
8900	 93.77 	1 	95.66 	1.89 	0 	-3 
9000	 92.44 	1 	93.73 	1.29 	0 	-3 
9100	 88.52 	1 	90.60 	2.08 	0 	-3 
9200	 84.69 	1 	87.06 	2.37 	0 	-3 
9300	 82.91 	1 	84.57 	1.66 	0 	-3 
9400	 79.98 	1 	81.82 	1.84 	0 	-3 
9500	 79.62 	1 	80.50 	0.88 	0 	-3 
9600	 79.89 	1 	80.13 	0.24 	0 	-3 
9700	 79.53 	1 	79.77 	0.24 	0 	-3 
9800	 83.00 	1 	81.71 	1.29 	0 	-3 
9900	 82.29 	1 	82.06 	0.23 	0 	-3 
10000	 82.29 	1 	82.06 	0.23 	1 	-3 
10100	 81.40 	1 	81.66 	0.26 	0 	-3 
10200	 86.56 	1 	84.60 	1.96 	0 	-3 
10300	 87.19 	1 	86.15 	1.04 	0 	-3 
10400	 96.00 	0 	92.06 	3.94 	0 	3.94 
10500	 89.14 	1 	90.31 	1.17 	0 	-3 
10600	 90.48 	1 	90.41 	0.07 	0 	-3 
10700	 94.75 	1 	93.01 	1.74 	0 	-3 
10800	 100.62 	0 	97.58 	3.04 	0 	3.04 
10900	 103.83 	1 	101.33 	2.50 	0 	-3 
11000	 106.85 	1 	104.64 	2.21 	0 	-3 
11100	 112.73 	0 	109.49 	3.24 	0 	3.24 
11200	 116.64 	1 	113.78 	2.86 	0 	-3 
11300	 118.69 	1 	116.73 	1.96 	0 	-3 
11400	 118.95 	1 	118.06 	0.89 	0 	-3 
11500	 125.90 	0 	122.76 	3.14 	0 	3.14 
11600	 122.25 	1 	122.46 	0.21 	0 	-3 
11700	 121.36 	1 	121.80 	0.44 	0 	-3 
11800	 118.15 	1 	119.61 	1.46 	0 	-3 
11900	 120.56 	1 	120.18 	0.38 	0 	-3 
12000	 121.09 	1 	120.73 	0.36 	0 	-3 
12100	 119.67 	1 	120.09 	0.42 	0 	-3 
12200	 119.76 	1 	119.89 	0.13 	0 	-3 
12300	 121.54 	1 	120.88 	0.66 	0 	-3 
12400	 122.25 	1 	121.70 	0.55 	0 	-3 
12500	 119.93 	1 	120.64 	0.71 	0 	-3 
12600	 132.93 	0 	128.01 	4.92 	0 	4.92 
12700	 125.45 	1 	126.48 	1.03 	0 	-3 
12800	 124.12 	1 	125.06 	0.94 	0 	-3 
12900	 124.83 	1 	124.92 	0.09 	0 	-3 
13000	 126.70 	1 	125.99 	0.71 	0 	-3 
13100	 125.54 	1 	125.72 	0.18 	0 	-3 
13200	 130.43 	1 	128.55 	1.88 	0 	-3 
13300	 135.42 	1 	132.67 	2.75 	0 	-3 
13400	 133.01 	1 	132.87 	0.14 	0 	-3 
13500	 134.88 	1 	134.08 	0.80 	0 	-3 
13600	 135.86 	1 	135.15 	0.71 	0 	-3 
13700	 137.02 	1 	136.27 	0.75 	0 	-3 
13800	 139.78 	1 	138.38 	1.40 	0 	-3 
13900	 139.07 	1 	138.79 	0.28 	0 	-3 
14000	 141.11 	1 	140.18 	0.93 	0 	-3 
14100	 141.56 	1 	141.01 	0.55 	0 	-3 
14200	 147.34 	1 	144.81 	2.53 	0 	-3 
14300	 147.34 	1 	144.81 	2.53 	1 	-3 
14400	 145.29 	1 	145.10 	0.19 	0 	-3 
14500	 145.74 	1 	145.48 	0.26 	0 	-3 
14600	 144.67 	1 	145.00 	0.33 	0 	-3 
14700	 143.78 	1 	144.27 	0.49 	0 	-3 
14800	 137.82 	1 	140.40 	2.58 	0 	-3 
14900	 134.17 	1 	136.66 	2.49 	0 	-3 
15000	 132.30 	1 	134.04 	1.74 	0 	-3 
15100	 133.64 	1 	133.80 	0.16 	0 	-3 
15200	 120.91 	0 	126.07 	5.16 	0 	5.16 
15300	 115.31 	0 	119.61 	4.30 	0 	4.30 
15400	 104.81 	0 	110.73 	5.92 	0 	5.92 
15500	 98.58 	0 	103.44 	4.86 	0 	4.86 
15600	 92.35 	0 	96.79 	4.44 	0 	4.44 
15700	 82.56 	0 	88.25 	5.69 	0 	5.69 
15800	 77.22 	0 	81.63 	4.41 	0 	4.41 
15900	 70.46 	0 	74.93 	4.47 	0 	4.47 
16000	 60.31 	0 	66.16 	5.85 	0 	5.85 
16100	 53.46 	0 	58.54 	5.08 	0 	5.08 
16200	 46.96 	0 	51.59 	4.63 	0 	4.63 
16300	 39.31 	0 	44.22 	4.91 	0 	4.91 
16400	 33.53 	0 	37.81 	4.28 	0 	4.28 
16500	 32.19 	1 	34.44 	2.25 	0 	-3 
16600	 28.90 	1 	31.11 	2.21 	0 	-3 
16700	 26.94 	1 	28.61 	1.67 	0 	-3 
16800	 25.70 	1 	26.86 	1.16 	0 	-3 
16900	 29.17 	1 	28.25 	0.92 	0 	-3 
17000	 30.68 	1 	29.71 	0.97 	0 	-3 
17100	 31.84 	1 	30.99 	0.85 	0 	-3 
17200	 34.33 	1 	32.99 	1.34 	0 	-3 
17300	 32.19 	1 	32.51 	0.32 	0 	-3 
17400	 32.90 	1 	32.74 	0.16 	0 	-3 
17500	 31.84 	1 	32.20 	0.36 	0 	-3 
17600	 30.68 	1 	31.29 	0.61 	0 	-3 
17700	 28.99 	1 	29.91 	0.92 	0 	-3 
17800	 25.52 	1 	27.28 	1.76 	0 	-3 
17900	 25.78 	1 	26.38 	0.60 	0 	-3 
18000	 29.17 	1 	28.05 	1.12 	0 	-3 
18100	 28.45 	1 	28.29 	0.16 	0 	-3 
18200	 31.03 	1 	29.93 	1.10 	0 	-3 
18300	 31.84 	1 	31.08 	0.76 	0 	-3 
18400	 31.84 	1 	31.54 	0.30 	0 	-3 
18500	 29.61 	1 	30.38 	0.77 	0 	-3 
18600	 26.23 	1 	27.89 	1.66 	0 	-3 
18700	 23.74 	1 	25.40 	1.66 	0 	-3 
18800	 21.42 	1 	23.01 	1.59 	0 	-3 
18900	 21.25 	1 	21.95 	0.70 	0 	-3 
19000	 18.31 	1 	19.77 	1.46 	0 	-3 
19100	 18.49 	1 	19.00 	0.51 	0 	-3 
19200	 17.95 	1 	18.37 	0.42 	0 	-3 
19300	 15.11 	1 	16.41 	1.30 	0 	-3 
19400	 12.35 	1 	13.98 	1.63 	0 	-3 
19500	 8.97 	1 	10.97 	2.00 	0 	-3 
19600	 13.06 	0 	12.22 	0.84 	0 	-2 
19700	 8.16 	0 	9.79 	1.63 	0 	-2 
19800	 9.86 	1 	9.83 	0.03 	0 	-3 
19900	 8.34 	1 	8.94 	0.60 	0 	-3 
20000	 10.21 	1 	9.70 	0.51 	0 	-3 
20100	 8.52 	1 	8.99 	0.47 	0 	-3 
20200	 8.43 	1 	8.65 	0.22 	0 	-3 
20300	 10.30 	1 	9.64 	0.66 	0 	-3 
20400	 10.21 	1 	9.98 	0.23 	0 	-3 
20500	 10.83 	1 	10.49 	0.34 	0 	-3 
20600	 8.43 	1 	9.25 	0.82 	0 	-3 
20700	 8.43 	1 	8.76 	0.33 	0 	-3 
20800	 8.43 	1 	8.56 	0.13 	0 	-3 
20900	 8.43 	1 	8.48 	0.05 	0 	-3 
21000	 10.83 	1 	9.89 	0.94 	0 	-3 
21100	 10.12 	1 	10.03 	0.09 	0 	-3 
21200	 8.43 	1 	9.07 	0.64 	0 	-3 
21300	 10.21 	1 	9.75 	0.46 	0 	-3 
21400	 8.43 	1 	8.96 	0.53 	0 	-3 
21500	 8.43 	1 	8.64 	0.21 	0 	-3 
21600	 10.75 	1 	9.91 	0.84 	0 	-3 
21700	 8.43 	1 	9.02 	0.59 	0 	-3 
21800	 8.43 	1 	8.67 	0.24 	0 	-3 
21900	 8.43 	1 	8.52 	0.09 	0 	-3 
22000	 8.43 	1 	8.47 	0.04 	0 	-3 
22100	 8.43 	1 	8.45 	0.02 	0 	-3 
22200	 10.12 	1 	9.45 	0.67 	0 	-3 
22300	 8.43 	1 	8.84 	0.41 	0 	-3 
22400	 8.43 	1 	8.59 	0.16 	0 	-3 
22500	 8.43 	1 	8.50 	0.07 	0 	-3 
22600	 8.43 	1 	8.46 	0.03 	0 	-3 
22700	 10.75 	1 	9.83 	0.92 	0 	-3 
22800	 10.75 	1 	10.38 	0.37 	0 	-3 
22900	 8.43 	1 	9.21 	0.78 	0 	-3 
23000	 10.21 	1 	9.81 	0.40 	0 	-3 
23100	 10.75 	1 	10.37 	0.38 	0 	-3 
23200	 8.43 	1 	9.21 	0.78 	0 	-3 
23300	 8.43 	1 	8.74 	0.31 	0 	-3 
23400	 8.43 	1 	8.55 	0.12 	0 	-3 
23500	 8.43 	1 	8.48 	0.05 	0 	-3 
23600	 8.43 	1 	8.45 	0.02 	0 	-3 
23700	 8.43 	1 	8.44 	0.01 	0 	-3 
23800	 10.21 	1 	9.50 	0.71 	0 	-3 
23900	 10.75 	1 	10.25 	0.50 	0 	-3 
24000	 8.52 	1 	9.21 	0.69 	0 	-3 
24100	 8.43 	1 	8.74 	0.31 	0 	-3 
24200	 10.12 	1 	9.57 	0.55 	0 	-3 
24300	 8.43 	1 	8.89 	0.46 	0 	-3 
24400	 8.61 	1 	8.72 	0.11 	0 	-3 
24500	 8.43 	1 	8.55 	0.12 	0 	-3 
24600	 8.52 	1 	8.53 	0.01 	0 	-3 
24700	 10.30 	1 	9.59 	0.71 	0 	-3 
24800	 8.43 	1 	8.89 	0.46 	0 	-3 
24900	 8.52 	1 	8.67 	0.15 	0 	-3 
25000	 8.52 	1 	8.58 	0.06 	0 	-3 
25100	 10.30 	1 	9.61 	0.69 	0 	-3 
25200	 8.52 	1 	8.96 	0.44 	0 	-3 
25300	 8.52 	1 	8.69 	0.17 	0 	-3 
25400	 10.75 	1 	9.93 	0.82 	0 	-3 
25500	 8.52 	1 	9.08 	0.56 	0 	-3 
25600	 8.52 	1 	8.75 	0.23 	0 	-3 
25700	 10.83 	1 	10.00 	0.83 	0 	-3 
25800	 8.52 	1 	9.11 	0.59 	0 	-3 
25900	 8.79 	1 	8.92 	0.13 	0 	-3 
26000	 10.75 	1 	10.02 	0.73 	0 	-3 
26100	 8.34 	1 	9.01 	0.67 	0 	-3 
26200	 8.79 	1 	8.88 	0.09 	0 	-3 
26300	 9.86 	1 	9.47 	0.39 	0 	-3 
26400	 10.21 	1 	9.91 	0.30 	0 	-3 
26500	 10.21 	1 	10.09 	0.12 	0 	-3 
26600	 8.52 	1 	9.15 	0.63 	0 	-3 
26700	 10.83 	1 	10.16 	0.67 	0 	-3 
26800	 10.83 	1 	10.56 	0.27 	0 	-3 
26900	 10.83 	1 	10.72 	0.11 	0 	-3 
27000	 8.52 	1 	9.40 	0.88 	0 	-3 
27100	 8.79 	1 	9.03 	0.24 	0 	-3 
27200	 10.30 	1 	9.79 	0.51 	0 	-3 
27300	 10.48 	1 	10.21 	0.27 	0 	-3 
27400	 8.52 	1 	9.19 	0.67 	0 	-3 
27500	 10.21 	1 	9.80 	0.41 	0 	-3 
27600	 10.21 	1 	10.05 	0.16 	0 	-3 
27700	 8.43 	1 	9.08 	0.65 	0 	-3 
27800	 10.12 	1 	9.70 	0.42 	0 	-3 
27900	 10.75 	1 	10.33 	0.42 	0 	-3 
28000	 8.79 	1 	9.41 	0.62 	0 	-3 
28100	 8.52 	1 	8.87 	0.35 	0 	-3 
28200	 8.52 	1 	8.66 	0.14 	0 	-3 
28300	 8.88 	1 	8.79 	0.09 	0 	-3 
28400	 8.52 	1 	8.63 	0.11 	0 	-3 
28500	 8.43 	1 	8.51 	0.08 	0 	-3 
28600	 8.43 	1 	8.46 	0.03 	0 	-3 
28700	 8.43 	1 	8.44 	0.01 	0 	-3 
28800	 8.43 	1 	8.44 	0.01 	0 	-3 
28900	 10.92 	1 	9.93 	0.99 	0 	-3 
29000	 8.43 	1 	9.03 	0.60 	0 	-3 
29100	 10.21 	1 	9.74 	0.47 	0 	-3 
29200	 8.52 	1 	9.01 	0.49 	0 	-3 
29300	 10.21 	1 	9.73 	0.48 	0 	-3 
29400	 10.83 	1 	10.39 	0.44 	0 	-3 
29500	 8.52 	1 	9.27 	0.75 	0 	-3 
29600	 8.52 	1 	8.82 	0.30 	0 	-3 
29700	 10.21 	1 	9.65 	0.56 	0 	-3 
29800	 10.83 	1 	10.36 	0.47 	0 	-3 
29900	 10.75 	1 	10.59 	0.16 	0 	-3 
30000	 8.52 	1 	9.35 	0.83 	0 	-3 
30100	 8.52 	1 	8.85 	0.33 	0 	-3 
