#Time(ms)	 Roll 	 Pitch 	 Yaw 	 xPos 	 yPos 	 zPos 	 xVal 	 yVal 	 zVal 	 State 	 oRoll 	 oPitch 	 oYaw 	 oThrottle 	 spX 	 spY 	 spZ 
200	 5.02	 84.85	 -92.59	 0.00	 0.00	 0.00	 0	 0	 0	 hover	 1500	 1500	 1500	 1000	 0.00	 0.00	 0.00
300	 5.01	 84.73	 -95.03	 0.00	 0.00	 0.00	 0	 0	 0	 hover	 1500	 1500	 1500	 1000	 0.00	 0.00	 0.00
400	 5.01	 84.73	 -95.03	 0.00	 0.00	 0.00	 0	 0	 0	 hover	 1500	 1500	 1500	 1000	 0.00	 0.00	 0.00
500	 5.01	 84.73	 -95.03	 0.00	 0.00	 0.00	 0	 0	 0	 hover	 1500	 1500	 1500	 1000	 0.00	 0.00	 0.00
600	 4.28	 71.10	 -145.61	 0.00	 0.00	 0.00	 0	 0	 0	 hover	 1500	 1500	 1500	 1000	 0.00	 0.00	 0.00
700	 4.27	 70.81	 -145.96	 0.00	 0.00	 0.00	 0	 0	 0	 hover	 1500	 1500	 1500	 1000	 0.00	 0.00	 0.00
800	 4.27	 70.81	 -145.96	 0.00	 0.00	 0.00	 0	 0	 0	 hover	 1500	 1500	 1500	 1000	 0.00	 0.00	 0.00
900	 3.67	 60.14	 -154.78	 0.00	 0.00	 0.00	 0	 0	 0	 hover	 1500	 1500	 1500	 1000	 0.00	 0.00	 0.00
1000	 3.68	 59.82	 -154.96	 0.00	 0.00	 0.00	 0	 0	 0	 hover	 1500	 1500	 1500	 1000	 0.00	 0.00	 0.00
1100	 3.68	 59.82	 -154.96	 0.00	 0.00	 0.00	 0	 0	 0	 hover	 1500	 1500	 1500	 1000	 0.00	 0.00	 0.00
1200	 3.58	 51.50	 -156.10	 0.00	 0.00	 0.00	 0	 0	 0	 hover	 1500	 1500	 1500	 1000	 0.00	 0.00	 0.00
1300	 3.52	 51.30	 -156.00	 0.00	 0.00	 0.00	 0	 0	 0	 hover	 1500	 1500	 1500	 1000	 0.00	 0.00	 0.00
1400	 3.52	 51.30	 -156.00	 0.00	 0.00	 0.00	 0	 0	 0	 hover	 1500	 1500	 1500	 1000	 0.00	 0.00	 0.00
1500	 4.57	 43.53	 -155.00	 0.00	 0.00	 0.00	 0	 0	 0	 hover	 1500	 1500	 1500	 1000	 0.00	 0.00	 0.00
1600	 4.60	 43.23	 -154.93	 0.00	 0.00	 0.00	 0	 0	 0	 hover	 1500	 1500	 1500	 1000	 0.00	 0.00	 0.00
1700	 4.60	 43.23	 -154.93	 0.00	 0.00	 0.00	 0	 0	 0	 hover	 1500	 1500	 1500	 1000	 0.00	 0.00	 0.00
1800	 5.21	 35.24	 -152.58	 0.00	 0.00	 0.00	 0	 0	 0	 hover	 1500	 1500	 1500	 1000	 0.00	 0.00	 0.00
1900	 5.23	 34.73	 -152.56	 0.00	 0.00	 0.00	 0	 0	 0	 hover	 1500	 1500	 1500	 1000	 0.00	 0.00	 0.00
2000	 5.23	 34.73	 -152.56	 0.00	 0.00	 0.00	 0	 0	 0	 hover	 1500	 1500	 1500	 1000	 0.00	 0.00	 0.00
2100	 4.91	 27.86	 -149.91	 0.00	 0.00	 0.00	 0	 0	 0	 hover	 1500	 1500	 1500	 1000	 0.00	 0.00	 0.00
2200	 4.88	 27.77	 -149.79	 0.00	 0.00	 0.00	 0	 0	 0	 hover	 1500	 1500	 1500	 1000	 0.00	 0.00	 0.00
2300	 4.88	 27.77	 -149.79	 0.00	 0.00	 0.00	 0	 0	 0	 hover	 1500	 1500	 1500	 1000	 0.00	 0.00	 0.00
2400	 3.25	 25.66	 -146.17	 0.00	 0.00	 0.00	 0	 0	 0	 hover	 1500	 1500	 1500	 1000	 0.00	 0.00	 0.00
2500	 3.21	 25.57	 -146.07	 0.00	 0.00	 0.00	 0	 0	 0	 hover	 1500	 1500	 1500	 1000	 0.00	 0.00	 0.00
2600	 3.21	 25.57	 -146.07	 0.00	 0.00	 0.00	 0	 0	 0	 hover	 1500	 1500	 1500	 1000	 0.00	 0.00	 0.00
2700	 3.05	 21.49	 -144.00	 0.00	 0.00	 0.00	 0	 0	 0	 hover	 1500	 1500	 1500	 1000	 0.00	 0.00	 0.00
2800	 3.03	 21.45	 -143.92	 0.00	 0.00	 0.00	 0	 0	 0	 hover	 1500	 1500	 1500	 1000	 0.00	 0.00	 0.00
2900	 3.03	 21.45	 -143.92	 0.00	 0.00	 0.00	 0	 0	 0	 hover	 1500	 1500	 1500	 1000	 0.00	 0.00	 0.00
3000	 3.45	 19.67	 -141.60	 0.00	 0.00	 0.00	 0	 0	 0	 hover	 1500	 1500	 1500	 1000	 0.00	 0.00	 0.00
3100	 3.42	 19.64	 -141.52	 0.00	 0.00	 0.00	 0	 0	 0	 hover	 1500	 1500	 1500	 1000	 0.00	 0.00	 0.00
3200	 3.42	 19.64	 -141.52	 0.00	 0.00	 0.00	 0	 0	 0	 hover	 1500	 1500	 1500	 1000	 0.00	 0.00	 0.00
3300	 3.21	 19.91	 -139.33	 0.00	 0.00	 0.00	 0	 0	 0	 hover	 1500	 1500	 1500	 1000	 0.00	 0.00	 0.00
3400	 3.22	 19.84	 -139.28	 0.00	 0.00	 0.00	 0	 0	 0	 hover	 1500	 1500	 1500	 1000	 0.00	 0.00	 0.00
3500	 3.22	 19.84	 -139.28	 0.00	 0.00	 0.00	 0	 0	 0	 hover	 1500	 1500	 1500	 1000	 0.00	 0.00	 0.00
3600	 2.61	 18.04	 -138.40	 0.00	 0.00	 0.00	 0	 0	 0	 hover	 1500	 1500	 1500	 1000	 0.00	 0.00	 0.00
3700	 2.54	 17.97	 -138.39	 0.00	 0.00	 0.00	 0	 0	 0	 hover	 1500	 1500	 1500	 1000	 0.00	 0.00	 0.00
3800	 2.54	 17.97	 -138.39	 0.00	 0.00	 0.00	 0	 0	 0	 hover	 1500	 1500	 1500	 1000	 0.00	 0.00	 0.00
3900	 1.61	 16.17	 -137.68	 0.00	 0.00	 0.00	 0	 0	 0	 hover	 1500	 1500	 1500	 1000	 0.00	 0.00	 0.00
4000	 1.54	 16.15	 -137.65	 0.00	 0.00	 0.00	 0	 0	 0	 hover	 1500	 1500	 1500	 1000	 0.00	 0.00	 0.00
4100	 1.54	 16.15	 -137.65	 0.00	 0.00	 0.00	 0	 0	 0	 hover	 1500	 1500	 1500	 1000	 0.00	 0.00	 0.00
4200	 1.13	 12.28	 -136.88	 0.00	 0.00	 0.00	 1	 1	 1	 hover	 1500	 1500	 1500	 1000	 0.00	 0.00	 0.00
4300	 1.06	 12.20	 -136.84	 0.00	 -0.81	 -1.96	 0	 1	 1	 hover	 1500	 1500	 1500	 978	 0.00	 0.00	 0.00
4400	 1.06	 12.20	 -136.84	 0.00	 -0.81	 -2.49	 1	 0	 1	 hover	 1500	 1500	 1500	 970	 0.00	 0.00	 0.00
4500	 0.61	 12.20	 -135.70	 0.00	 0.51	 -4.18	 1	 1	 1	 hover	 1499	 1500	 1500	 949	 0.00	 0.00	 0.00
4600	 0.57	 12.26	 -135.67	 -2.73	 0.51	 -2.58	 1	 0	 1	 hover	 1500	 1502	 1500	 962	 0.00	 0.00	 0.00
4700	 0.57	 12.26	 -135.67	 -2.32	 0.98	 -2.58	 1	 1	 1	 hover	 1499	 1502	 1500	 960	 0.00	 0.00	 0.00
4800	 0.47	 10.72	 -134.92	 -2.32	 3.65	 -4.18	 1	 1	 1	 hover	 1496	 1502	 1500	 940	 0.00	 0.00	 0.00
4900	 0.45	 10.66	 -134.90	 -2.32	 7.48	 -2.67	 1	 1	 1	 hover	 1492	 1502	 1500	 952	 0.00	 0.00	 0.00
5000	 0.45	 10.66	 -134.90	 4.35	 4.54	 -0.27	 1	 1	 1	 hover	 1495	 1495	 1500	 976	 0.00	 0.00	 0.00
5100	 -1.17	 10.35	 -134.30	 4.35	 1.78	 -1.33	 1	 1	 1	 hover	 1498	 1495	 1500	 964	 0.00	 0.00	 0.00
5200	 -1.19	 10.46	 -134.27	 8.44	 -1.24	 1.16	 1	 1	 1	 hover	 1501	 1491	 1500	 990	 0.00	 0.00	 0.00
5300	 -1.19	 10.46	 -134.27	 8.44	 0.97	 3.26	 1	 1	 1	 hover	 1499	 1491	 1500	 1014	 0.00	 0.00	 0.00
5400	 -1.05	 12.66	 -133.44	 3.19	 -1.17	 3.65	 1	 1	 1	 hover	 1501	 1496	 1500	 1022	 0.00	 0.00	 0.00
5500	 -1.00	 12.67	 -133.41	 4.97	 0.71	 5.43	 1	 1	 1	 hover	 1499	 1495	 1500	 1045	 0.00	 0.00	 0.00
5600	 -1.00	 12.67	 -133.41	 5.57	 -4.62	 5.16	 1	 1	 1	 hover	 1504	 1494	 1500	 1048	 0.00	 0.00	 0.00
5700	 -0.40	 12.83	 -132.54	 5.57	 -6.76	 1.69	 1	 1	 1	 hover	 1506	 1494	 1500	 1015	 0.00	 0.00	 0.00
5800	 -0.43	 12.83	 -132.50	 5.57	 -6.76	 0.27	 1	 0	 1	 hover	 1500	 1494	 1500	 1001	 0.00	 0.00	 0.00
5900	 -0.43	 12.83	 -132.50	 5.57	 -6.76	 -4.27	 1	 1	 1	 hover	 1506	 1494	 1500	 951	 0.00	 0.00	 0.00
6000	 -0.56	 11.83	 -131.40	 5.57	 -6.76	 -4.27	 0	 1	 0	 hover	 1506	 1500	 1500	 951	 0.00	 0.00	 0.00
6100	 -0.51	 11.76	 -131.36	 5.57	 -5.61	 -4.27	 0	 1	 0	 hover	 1505	 1500	 1500	 951	 0.00	 0.00	 0.00
6200	 -0.51	 11.76	 -131.36	 5.57	 -12.22	 -4.27	 0	 1	 0	 hover	 1512	 1500	 1500	 951	 0.00	 0.00	 0.00
6300	 -0.55	 9.98	 -130.57	 5.57	 -12.22	 -4.27	 1	 0	 1	 hover	 1500	 1494	 1500	 947	 0.00	 0.00	 0.00
6400	 -0.55	 9.92	 -130.56	 5.57	 -11.76	 -4.27	 1	 1	 0	 hover	 1511	 1494	 1500	 947	 0.00	 0.00	 0.00
6500	 -0.55	 9.92	 -130.56	 5.57	 -10.45	 -4.27	 1	 1	 0	 hover	 1510	 1494	 1500	 947	 0.00	 0.00	 0.00
6600	 -1.14	 10.42	 -130.48	 5.57	 -2.58	 -4.27	 1	 1	 0	 hover	 1502	 1494	 1500	 947	 0.00	 0.00	 0.00
6700	 -1.15	 10.50	 -130.47	 5.57	 -5.32	 -4.27	 0	 1	 1	 hover	 1505	 1500	 1500	 942	 0.00	 0.00	 0.00
6800	 -1.15	 10.50	 -130.47	 5.57	 -5.32	 -4.27	 0	 1	 1	 hover	 1505	 1500	 1500	 938	 0.00	 0.00	 0.00
6900	 -1.18	 10.83	 -130.63	 5.57	 0.24	 -8.12	 0	 1	 1	 hover	 1499	 1500	 1500	 892	 0.00	 0.00	 0.00
7000	 -1.12	 10.83	 -130.63	 5.57	 -2.31	 -6.78	 0	 1	 1	 hover	 1502	 1500	 1500	 898	 0.00	 0.00	 0.00
7100	 -1.12	 10.83	 -130.63	 5.57	 0.36	 -8.30	 0	 1	 1	 hover	 1499	 1500	 1500	 875	 0.00	 0.00	 0.00
7200	 -1.00	 10.89	 -130.27	 5.57	 1.61	 -11.45	 0	 1	 1	 hover	 1498	 1500	 1500	 832	 0.00	 0.00	 0.00
7300	 -0.95	 10.89	 -130.23	 5.57	 4.04	 -11.40	 0	 1	 1	 hover	 1495	 1500	 1500	 821	 0.00	 0.00	 0.00
7400	 -0.95	 10.89	 -130.23	 5.57	 0.26	 -11.64	 0	 1	 1	 hover	 1499	 1500	 1500	 807	 0.00	 0.00	 0.00
7500	 0.49	 8.57	 -128.76	 5.57	 -0.75	 -13.21	 0	 1	 1	 hover	 1500	 1500	 1500	 778	 0.00	 0.00	 0.00
7600	 0.52	 8.43	 -128.71	 5.57	 0.70	 -12.53	 0	 1	 1	 hover	 1499	 1500	 1500	 772	 0.00	 0.00	 0.00
7700	 0.52	 8.43	 -128.71	 5.57	 -2.04	 -14.76	 0	 1	 1	 hover	 1502	 1500	 1500	 735	 0.00	 0.00	 0.00
7800	 0.66	 9.29	 -127.08	 5.57	 -1.60	 -14.93	 0	 1	 1	 hover	 1501	 1500	 1500	 718	 0.00	 0.00	 0.00
7900	 0.67	 9.30	 -127.02	 5.57	 -5.07	 -14.93	 1	 1	 0	 hover	 1505	 1494	 1500	 718	 0.00	 0.00	 0.00
8000	 0.67	 9.30	 -127.02	 6.46	 -5.07	 -13.73	 1	 0	 1	 hover	 1500	 1493	 1500	 717	 0.00	 0.00	 0.00
8100	 0.17	 7.86	 -125.36	 4.42	 -5.07	 -13.73	 1	 0	 0	 hover	 1500	 1495	 1500	 717	 0.00	 0.00	 0.00
8200	 0.08	 7.79	 -125.31	 3.97	 -0.97	 -13.08	 1	 1	 1	 hover	 1500	 1496	 1500	 710	 0.00	 0.00	 0.00
8300	 0.08	 7.79	 -125.31	 0.68	 -13.08	 -8.10	 1	 1	 1	 hover	 1513	 1499	 1500	 752	 0.00	 0.00	 0.00
8400	 -3.91	 8.13	 -124.41	 0.68	 -13.08	 -9.16	 1	 0	 1	 hover	 1500	 1499	 1500	 732	 0.00	 0.00	 0.00
8500	 -4.03	 8.18	 -124.38	 -2.00	 -9.16	 -6.58	 1	 1	 1	 hover	 1509	 1501	 1500	 751	 0.00	 0.00	 0.00
8600	 -4.03	 8.18	 -124.38	 2.07	 -9.16	 -11.57	 1	 1	 1	 hover	 1509	 1497	 1500	 690	 0.00	 0.00	 0.00
8700	 -2.81	 12.19	 -123.00	 1.70	 -12.19	 -5.60	 1	 1	 1	 hover	 1512	 1498	 1500	 744	 0.00	 0.00	 0.00
8800	 -2.65	 12.25	 -122.93	 1.70	 -12.19	 -5.60	 0	 1	 0	 hover	 1512	 1500	 1500	 744	 0.00	 0.00	 0.00
8900	 -2.65	 12.25	 -122.93	 1.70	 -12.19	 -5.60	 0	 1	 1	 hover	 1512	 1500	 1500	 738	 0.00	 0.00	 0.00
9000	 -1.77	 12.53	 -121.93	 6.87	 -5.60	 -4.27	 1	 1	 1	 hover	 1505	 1493	 1500	 747	 0.00	 0.00	 0.00
9100	 -1.76	 12.59	 -121.90	 6.87	 -4.53	 -0.35	 1	 1	 1	 hover	 1504	 1493	 1500	 786	 0.00	 0.00	 0.00
9200	 -1.76	 12.59	 -121.90	 6.87	 -4.53	 3.48	 1	 1	 1	 hover	 1504	 1493	 1500	 828	 0.00	 0.00	 0.00
9300	 -0.72	 11.63	 -120.90	 6.87	 -4.53	 5.26	 0	 0	 1	 hover	 1500	 1500	 1500	 851	 0.00	 0.00	 0.00
9400	 -0.75	 11.58	 -120.88	 13.23	 -4.53	 8.19	 1	 1	 1	 hover	 1504	 1486	 1500	 888	 0.00	 0.00	 0.00
9500	 -0.75	 11.58	 -120.88	 13.23	 -4.53	 8.53	 1	 0	 1	 hover	 1500	 1486	 1500	 900	 0.00	 0.00	 0.00
9600	 -0.47	 7.49	 -120.17	 13.23	 -4.53	 8.28	 1	 0	 1	 hover	 1500	 1486	 1500	 906	 0.00	 0.00	 0.00
9700	 -0.47	 7.32	 -120.15	 13.23	 -4.53	 8.63	 0	 0	 1	 hover	 1500	 1500	 1500	 918	 0.00	 0.00	 0.00
9800	 -0.47	 7.32	 -120.15	 13.23	 -4.53	 8.63	 0	 0	 0	 hover	 1500	 1500	 1500	 918	 0.00	 0.00	 0.00
9900	 -1.06	 8.55	 -120.34	 13.23	 -4.53	 8.63	 0	 0	 0	 hover	 1500	 1500	 1500	 918	 0.00	 0.00	 0.00
10000	 -1.10	 8.64	 -120.37	 13.23	 -4.53	 8.63	 0	 0	 0	 hover	 1500	 1500	 1500	 918	 0.00	 0.00	 0.00
10100	 -1.10	 8.64	 -120.37	 13.23	 -4.53	 8.63	 0	 0	 0	 hover	 1500	 1500	 1500	 918	 0.00	 0.00	 0.00
10200	 -1.07	 7.24	 -121.58	 13.23	 8.10	 8.63	 0	 1	 0	 hover	 1491	 1500	 1500	 918	 0.00	 0.00	 0.00
10300	 -1.05	 7.19	 -121.64	 13.23	 1.34	 8.63	 0	 1	 0	 hover	 1498	 1500	 1500	 918	 0.00	 0.00	 0.00
10400	 -1.05	 7.19	 -121.64	 13.23	 5.34	 8.63	 0	 1	 0	 hover	 1494	 1500	 1500	 918	 0.00	 0.00	 0.00
10500	 -0.94	 11.93	 -123.42	 13.23	 5.34	 8.63	 0	 0	 1	 hover	 1500	 1500	 1500	 927	 0.00	 0.00	 0.00
10600	 -0.89	 12.00	 -123.47	 13.23	 5.34	 7.29	 1	 0	 1	 hover	 1500	 1486	 1500	 921	 0.00	 0.00	 0.00
10700	 -0.89	 12.00	 -123.47	 14.93	 7.29	 3.02	 1	 1	 1	 hover	 1492	 1485	 1500	 881	 0.00	 0.00	 0.00
10800	 -0.77	 12.25	 -124.34	 14.93	 7.29	 3.02	 1	 0	 0	 hover	 1500	 1485	 1500	 881	 0.00	 0.00	 0.00
10900	 -0.83	 12.25	 -124.35	 14.93	 3.02	 3.02	 1	 1	 1	 hover	 1496	 1485	 1500	 884	 0.00	 0.00	 0.00
11000	 -0.83	 12.25	 -124.35	 14.93	 3.02	 -0.00	 0	 1	 1	 hover	 1496	 1500	 1500	 854	 0.00	 0.00	 0.00
11100	 0.19	 7.85	 -124.38	 14.93	 3.02	 -0.00	 0	 0	 0	 hover	 1500	 1500	 1500	 854	 0.00	 0.00	 0.00
11200	 0.23	 7.75	 -124.37	 14.93	 3.02	 -0.00	 0	 1	 1	 hover	 1496	 1500	 1500	 854	 0.00	 0.00	 0.00
11300	 0.23	 7.75	 -124.37	 14.93	 3.02	 -2.05	 0	 1	 1	 hover	 1496	 1500	 1500	 831	 0.00	 0.00	 0.00
11400	 -1.19	 5.80	 -124.86	 14.93	 3.02	 -2.31	 1	 0	 1	 hover	 1500	 1485	 1500	 826	 0.00	 0.00	 0.00
11500	 -1.16	 5.74	 -124.90	 15.47	 3.02	 -2.31	 1	 0	 1	 hover	 1500	 1484	 1500	 824	 0.00	 0.00	 0.00
11600	 -1.16	 5.74	 -124.90	 18.76	 3.02	 -2.31	 1	 0	 1	 hover	 1500	 1481	 1500	 822	 0.00	 0.00	 0.00
11700	 -1.53	 7.07	 -127.28	 16.54	 -2.31	 -1.57	 1	 1	 1	 hover	 1502	 1483	 1500	 828	 0.00	 0.00	 0.00
11800	 -1.55	 7.15	 -127.39	 20.98	 -2.31	 1.79	 1	 1	 1	 hover	 1502	 1479	 1500	 863	 0.00	 0.00	 0.00
11900	 -1.55	 7.15	 -127.39	 20.98	 -2.31	 -0.62	 1	 1	 1	 hover	 1502	 1479	 1500	 838	 0.00	 0.00	 0.00
12000	 -1.35	 10.50	 -130.99	 20.98	 -2.31	 -1.15	 1	 1	 1	 hover	 1502	 1479	 1500	 832	 0.00	 0.00	 0.00
12100	 -1.29	 10.57	 -131.11	 25.61	 -2.31	 0.27	 1	 0	 1	 hover	 1500	 1474	 1500	 846	 0.00	 0.00	 0.00
12200	 -1.29	 10.57	 -131.11	 25.61	 -2.31	 0.18	 1	 0	 1	 hover	 1500	 1474	 1500	 846	 0.00	 0.00	 0.00
12300	 -1.51	 11.58	 -134.07	 25.61	 -2.31	 -1.60	 1	 1	 1	 hover	 1502	 1474	 1500	 826	 0.00	 0.00	 0.00
12400	 -1.47	 11.57	 -134.12	 25.61	 -1.87	 -2.31	 1	 1	 1	 hover	 1501	 1474	 1500	 817	 0.00	 0.00	 0.00
12500	 -1.47	 11.57	 -134.12	 25.61	 3.38	 0.01	 0	 1	 1	 hover	 1496	 1500	 1500	 840	 0.00	 0.00	 0.00
12600	 -0.91	 11.27	 -134.82	 25.61	 -4.98	 0.01	 0	 1	 0	 hover	 1504	 1500	 1500	 840	 0.00	 0.00	 0.00
12700	 -0.87	 11.21	 -134.83	 25.61	 -1.76	 0.01	 0	 1	 1	 hover	 1501	 1500	 1500	 840	 0.00	 0.00	 0.00
12800	 -0.87	 11.21	 -134.83	 25.61	 0.78	 1.34	 0	 1	 1	 hover	 1499	 1500	 1500	 855	 0.00	 0.00	 0.00
12900	 -0.63	 10.59	 -134.91	 25.61	 0.78	 0.63	 0	 0	 1	 hover	 1500	 1500	 1500	 848	 0.00	 0.00	 0.00
13000	 -0.70	 10.57	 -134.93	 25.61	 0.78	 -1.24	 0	 0	 1	 hover	 1500	 1500	 1500	 828	 0.00	 0.00	 0.00
13100	 -0.70	 10.57	 -134.93	 25.61	 0.78	 -0.18	 1	 0	 1	 hover	 1500	 1474	 1500	 839	 0.00	 0.00	 0.00
13200	 -0.74	 10.57	 -135.03	 25.61	 -0.18	 -0.18	 1	 1	 0	 hover	 1500	 1474	 1500	 839	 0.00	 0.00	 0.00
13300	 -0.67	 10.70	 -135.03	 29.89	 -0.18	 -0.18	 1	 1	 0	 hover	 1500	 1470	 1500	 839	 0.00	 0.00	 0.00
13400	 -0.67	 10.70	 -135.03	 29.89	 -2.14	 -0.18	 0	 1	 0	 hover	 1502	 1500	 1500	 839	 0.00	 0.00	 0.00
13500	 -0.37	 11.47	 -135.72	 29.89	 -2.14	 -9.42	 1	 1	 1	 hover	 1502	 1470	 1500	 737	 0.00	 0.00	 0.00
13600	 -0.31	 11.42	 -135.77	 29.35	 -2.14	 -10.40	 1	 1	 1	 hover	 1502	 1470	 1500	 717	 0.00	 0.00	 0.00
13700	 -0.31	 11.42	 -135.77	 31.05	 -2.14	 -11.56	 1	 1	 1	 hover	 1502	 1468	 1500	 694	 0.00	 0.00	 0.00
13800	 -0.74	 8.19	 -137.79	 32.76	 -2.14	 -14.32	 1	 0	 1	 hover	 1500	 1467	 1500	 652	 0.00	 0.00	 0.00
13900	 -0.79	 8.26	 -137.89	 31.05	 -2.14	 -13.68	 1	 0	 1	 hover	 1500	 1468	 1500	 644	 0.00	 0.00	 0.00
14000	 -0.79	 8.26	 -137.89	 31.05	 -13.68	 -13.68	 1	 1	 0	 hover	 1513	 1468	 1500	 644	 0.00	 0.00	 0.00
14100	 -0.94	 8.60	 -140.41	 31.05	 -13.68	 -13.68	 1	 1	 0	 hover	 1513	 1468	 1500	 644	 0.00	 0.00	 0.00
14200	 -0.95	 8.61	 -140.46	 31.05	 -13.68	 -13.68	 0	 0	 0	 hover	 1500	 1500	 1500	 644	 0.00	 0.00	 0.00
14300	 -0.95	 8.61	 -140.46	 31.05	 -13.68	 -13.68	 0	 1	 0	 hover	 1513	 1500	 1500	 644	 0.00	 0.00	 0.00
14400	 -4.63	 8.72	 -140.76	 31.05	 -19.29	 -19.83	 1	 1	 1	 hover	 1519	 1468	 1500	 563	 0.00	 0.00	 0.00
14500	 -4.70	 8.73	 -140.72	 31.05	 -15.64	 -20.28	 0	 1	 1	 hover	 1515	 1500	 1500	 538	 0.00	 0.00	 0.00
14600	 -4.70	 8.73	 -140.72	 31.05	 -15.64	 -19.21	 0	 0	 1	 hover	 1500	 1500	 1500	 530	 0.00	 0.00	 0.00
14700	 -3.45	 10.50	 -138.99	 31.05	 -19.21	 -18.32	 1	 1	 1	 hover	 1519	 1468	 1500	 520	 0.00	 0.00	 0.00
14800	 -3.38	 10.54	 -138.94	 26.15	 -19.21	 -12.36	 1	 0	 1	 hover	 1500	 1473	 1500	 568	 0.00	 0.00	 0.00
14900	 -3.38	 10.54	 -138.94	 29.53	 -19.21	 -9.53	 1	 0	 1	 hover	 1500	 1470	 1500	 586	 0.00	 0.00	 0.00
15000	 -2.34	 10.84	 -140.04	 25.71	 -19.21	 -9.53	 1	 0	 0	 hover	 1500	 1474	 1500	 586	 0.00	 0.00	 0.00
15100	 -2.28	 10.82	 -140.18	 25.71	 -19.21	 -9.53	 1	 0	 0	 hover	 1500	 1474	 1500	 586	 0.00	 0.00	 0.00
15200	 -2.28	 10.82	 -140.18	 25.71	 -19.21	 -9.53	 1	 1	 0	 hover	 1519	 1474	 1500	 586	 0.00	 0.00	 0.00
15300	 -2.63	 9.81	 -145.36	 25.71	 -19.21	 -9.53	 1	 0	 0	 hover	 1500	 1474	 1500	 586	 0.00	 0.00	 0.00
15400	 -2.64	 9.80	 -145.58	 25.71	 -19.21	 -9.53	 1	 0	 0	 hover	 1500	 1474	 1500	 586	 0.00	 0.00	 0.00
15500	 -2.64	 9.80	 -145.58	 25.71	 -9.53	 -9.53	 0	 1	 0	 hover	 1509	 1500	 1500	 586	 0.00	 0.00	 0.00
15600	 -3.35	 10.61	 -150.62	 25.71	 -7.29	 -9.53	 0	 1	 1	 hover	 1507	 1500	 1500	 577	 0.00	 0.00	 0.00
15700	 -3.21	 10.63	 -150.77	 25.71	 -7.29	 -9.53	 0	 1	 0	 hover	 1507	 1500	 1500	 577	 0.00	 0.00	 0.00
15800	 -3.21	 10.63	 -150.77	 25.71	 -7.29	 -9.53	 0	 1	 0	 hover	 1507	 1500	 1500	 577	 0.00	 0.00	 0.00
15900	 -0.82	 10.36	 -154.78	 25.71	 -5.62	 -9.53	 0	 1	 0	 hover	 1505	 1500	 1500	 577	 0.00	 0.00	 0.00
16000	 -0.72	 10.31	 -154.92	 25.71	 -5.62	 -9.53	 0	 0	 0	 hover	 1500	 1500	 1500	 577	 0.00	 0.00	 0.00
16100	 -0.72	 10.31	 -154.92	 25.71	 -5.62	 -9.53	 0	 0	 0	 hover	 1500	 1500	 1500	 577	 0.00	 0.00	 0.00
16200	 -1.35	 9.57	 -157.48	 25.71	 -4.79	 -9.53	 0	 1	 0	 hover	 1504	 1500	 1500	 577	 0.00	 0.00	 0.00
16300	 -1.37	 9.59	 -157.50	 25.71	 -4.79	 -9.53	 0	 0	 1	 hover	 1500	 1500	 1500	 567	 0.00	 0.00	 0.00
16400	 -1.37	 9.59	 -157.50	 25.71	 -4.79	 -9.53	 0	 0	 1	 hover	 1500	 1500	 1500	 558	 0.00	 0.00	 0.00
16500	 -1.70	 9.25	 -156.87	 25.71	 -4.79	 -9.53	 0	 0	 1	 hover	 1500	 1500	 1500	 548	 0.00	 0.00	 0.00
16600	 -1.75	 9.25	 -156.83	 25.71	 -4.79	 -6.76	 0	 1	 1	 hover	 1504	 1500	 1500	 569	 0.00	 0.00	 0.00
16700	 -1.75	 9.25	 -156.83	 25.71	 -4.79	 -4.28	 0	 0	 1	 hover	 1500	 1500	 1500	 590	 0.00	 0.00	 0.00
16800	 -0.80	 9.62	 -155.51	 25.71	 -4.79	 -3.04	 0	 0	 1	 hover	 1500	 1500	 1500	 599	 0.00	 0.00	 0.00
16900	 -0.77	 9.65	 -155.46	 25.71	 -4.79	 -6.51	 0	 1	 1	 hover	 1504	 1500	 1500	 558	 0.00	 0.00	 0.00
17000	 -0.77	 9.65	 -155.46	 25.71	 -5.15	 -8.02	 1	 1	 1	 hover	 1505	 1474	 1500	 535	 0.00	 0.00	 0.00
17100	 -0.14	 10.08	 -152.29	 25.71	 -5.65	 -9.18	 0	 1	 1	 hover	 1505	 1500	 1500	 514	 0.00	 0.00	 0.00
17200	 -0.13	 10.08	 -152.17	 25.71	 -5.65	 -11.23	 0	 1	 1	 hover	 1505	 1500	 1500	 482	 0.00	 0.00	 0.00
17300	 -0.13	 10.08	 -152.17	 25.71	 -5.65	 -9.47	 0	 0	 1	 hover	 1500	 1500	 1500	 490	 0.00	 0.00	 0.00
17400	 -0.13	 10.22	 -148.78	 25.71	 -5.65	 -10.12	 0	 0	 1	 hover	 1500	 1500	 1500	 474	 0.00	 0.00	 0.00
17500	 -0.16	 10.18	 -148.69	 25.71	 -5.65	 -9.18	 1	 0	 1	 hover	 1500	 1474	 1500	 474	 0.00	 0.00	 0.00
17600	 -0.16	 10.18	 -148.69	 25.71	 -9.18	 -8.02	 1	 1	 1	 hover	 1509	 1474	 1500	 477	 0.00	 0.00	 0.00
17700	 -1.38	 9.60	 -146.54	 25.71	 -9.18	 -6.49	 1	 1	 1	 hover	 1509	 1474	 1500	 486	 0.00	 0.00	 0.00
17800	 -1.34	 9.60	 -146.47	 25.71	 -9.18	 -6.49	 0	 1	 0	 hover	 1509	 1500	 1500	 486	 0.00	 0.00	 0.00
17900	 -1.34	 9.60	 -146.47	 25.71	 -9.18	 -3.50	 1	 1	 1	 hover	 1509	 1474	 1500	 513	 0.00	 0.00	 0.00
18000	 -1.89	 9.13	 -145.37	 25.71	 -4.65	 -3.50	 1	 1	 0	 hover	 1504	 1474	 1500	 513	 0.00	 0.00	 0.00
18100	 -1.95	 9.14	 -145.37	 25.71	 -11.23	 -5.79	 1	 1	 1	 hover	 1511	 1474	 1500	 484	 0.00	 0.00	 0.00
18200	 -1.95	 9.14	 -145.37	 25.71	 -11.23	 -8.37	 1	 1	 1	 hover	 1511	 1474	 1500	 450	 0.00	 0.00	 0.00
18300	 -1.27	 8.72	 -145.95	 25.71	 -11.23	 -9.18	 0	 1	 1	 hover	 1511	 1500	 1500	 433	 0.00	 0.00	 0.00
18400	 -1.25	 8.69	 -145.99	 25.71	 -11.23	 -9.18	 0	 1	 1	 hover	 1511	 1500	 1500	 423	 0.00	 0.00	 0.00
18500	 -1.25	 8.69	 -145.99	 25.71	 -8.38	 -7.42	 1	 1	 1	 hover	 1508	 1474	 1500	 434	 0.00	 0.00	 0.00
18600	 -1.80	 9.51	 -147.77	 25.71	 -8.12	 -7.42	 0	 1	 0	 hover	 1508	 1500	 1500	 434	 0.00	 0.00	 0.00
18700	 -1.83	 9.53	 -147.84	 24.37	 -5.06	 -7.42	 1	 1	 0	 hover	 1505	 1475	 1500	 434	 0.00	 0.00	 0.00
18800	 -1.83	 9.53	 -147.84	 24.37	 -7.15	 1.24	 0	 1	 1	 hover	 1507	 1500	 1500	 521	 0.00	 0.00	 0.00
18900	 -1.50	 9.52	 -149.35	 14.05	 -7.15	 1.41	 1	 1	 1	 hover	 1507	 1485	 1500	 525	 0.00	 0.00	 0.00
19000	 -1.49	 9.50	 -149.39	 14.05	 -7.15	 3.73	 1	 0	 1	 hover	 1500	 1485	 1500	 551	 0.00	 0.00	 0.00
19100	 -1.49	 9.50	 -149.39	 14.05	 -7.15	 3.87	 0	 0	 1	 hover	 1500	 1500	 1500	 557	 0.00	 0.00	 0.00
19200	 -1.62	 9.40	 -149.90	 20.10	 -7.15	 4.44	 1	 0	 1	 hover	 1500	 1479	 1500	 567	 0.00	 0.00	 0.00
19300	 -1.59	 9.41	 -149.91	 16.90	 -7.15	 4.44	 1	 1	 0	 hover	 1507	 1483	 1500	 567	 0.00	 0.00	 0.00
19400	 -1.59	 9.41	 -149.91	 22.06	 -3.77	 10.31	 1	 1	 1	 hover	 1503	 1477	 1500	 636	 0.00	 0.00	 0.00
19500	 -1.86	 9.58	 -150.32	 22.06	 -2.26	 13.69	 0	 1	 1	 hover	 1502	 1500	 1500	 683	 0.00	 0.00	 0.00
19600	 -1.86	 9.42	 -150.33	 22.06	 -2.26	 13.69	 0	 0	 0	 hover	 1500	 1500	 1500	 683	 0.00	 0.00	 0.00
19700	 -1.86	 9.42	 -150.33	 22.06	 -2.26	 13.69	 0	 0	 0	 hover	 1500	 1500	 1500	 683	 0.00	 0.00	 0.00
19800	 0.81	 8.92	 -150.59	 22.06	 -2.26	 13.69	 1	 1	 1	 hover	 1502	 1477	 1500	 697	 0.00	 0.00	 0.00
19900	 0.82	 8.99	 -150.61	 22.06	 -2.26	 15.21	 1	 0	 1	 hover	 1500	 1477	 1500	 727	 0.00	 0.00	 0.00
20000	 0.82	 8.99	 -150.61	 22.06	 -2.26	 13.93	 1	 0	 1	 hover	 1500	 1477	 1500	 729	 0.00	 0.00	 0.00
20100	 0.66	 9.35	 -150.37	 22.13	 -2.26	 14.90	 1	 0	 1	 hover	 1500	 1477	 1500	 753	 0.00	 0.00	 0.00
20200	 0.61	 9.36	 -150.36	 22.15	 -2.26	 15.02	 1	 0	 1	 hover	 1500	 1477	 1500	 769	 0.00	 0.00	 0.00
20300	 0.61	 9.36	 -150.36	 22.24	 1.90	 13.89	 1	 1	 1	 hover	 1498	 1477	 1500	 772	 0.00	 0.00	 0.00
20400	 0.34	 9.12	 -150.61	 23.84	 -1.99	 13.68	 1	 1	 1	 hover	 1501	 1476	 1500	 784	 0.00	 0.00	 0.00
20500	 0.35	 9.06	 -150.64	 23.84	 -2.61	 12.72	 0	 1	 1	 hover	 1502	 1500	 1500	 787	 0.00	 0.00	 0.00
20600	 0.35	 9.06	 -150.64	 23.84	 -2.61	 15.12	 1	 0	 1	 hover	 1500	 1476	 1500	 826	 0.00	 0.00	 0.00
20700	 0.12	 9.02	 -150.88	 22.90	 -2.61	 15.12	 1	 0	 1	 hover	 1500	 1477	 1500	 841	 0.00	 0.00	 0.00
20800	 0.11	 9.03	 -150.88	 22.78	 -2.61	 15.12	 1	 0	 1	 hover	 1500	 1477	 1500	 856	 0.00	 0.00	 0.00
20900	 0.11	 9.03	 -150.88	 23.25	 -2.61	 15.12	 1	 0	 1	 hover	 1500	 1476	 1500	 871	 0.00	 0.00	 0.00
21000	 0.11	 9.03	 -150.88	 23.84	 -2.61	 12.72	 1	 0	 1	 hover	 1500	 1476	 1500	 860	 0.00	 0.00	 0.00
21100	 -0.14	 8.99	 -151.19	 23.84	 -2.61	 13.43	 0	 0	 1	 hover	 1500	 1500	 1500	 880	 0.00	 0.00	 0.00
21200	 -0.15	 8.99	 -151.20	 23.84	 -2.61	 14.87	 1	 0	 1	 hover	 1500	 1476	 1500	 910	 0.00	 0.00	 0.00
21300	 -0.15	 8.99	 -151.20	 20.45	 -2.61	 14.87	 1	 0	 0	 hover	 1500	 1479	 1500	 910	 0.00	 0.00	 0.00
21400	 -0.15	 8.99	 -151.20	 20.10	 -2.61	 14.87	 1	 0	 0	 hover	 1500	 1479	 1500	 910	 0.00	 0.00	 0.00
21500	 -0.31	 8.96	 -151.49	 16.93	 -2.61	 15.04	 1	 0	 1	 hover	 1500	 1483	 1500	 926	 0.00	 0.00	 0.00
21600	 -0.32	 8.96	 -151.51	 16.93	 -2.61	 13.70	 0	 0	 1	 hover	 1500	 1500	 1500	 927	 0.00	 0.00	 0.00
21700	 -0.32	 8.96	 -151.51	 16.93	 -2.61	 14.67	 1	 0	 1	 hover	 1500	 1483	 1500	 951	 0.00	 0.00	 0.00
21800	 -0.32	 8.96	 -151.51	 18.98	 -2.61	 14.64	 1	 0	 1	 hover	 1500	 1481	 1500	 965	 0.00	 0.00	 0.00
21900	 -0.46	 8.93	 -151.81	 16.67	 -2.61	 15.10	 1	 0	 1	 hover	 1500	 1483	 1500	 985	 0.00	 0.00	 0.00
22000	 -0.46	 8.93	 -151.81	 19.25	 -2.61	 15.10	 1	 0	 1	 hover	 1500	 1480	 1500	 1000	 0.00	 0.00	 0.00
22100	 -0.46	 8.93	 -151.81	 15.88	 -2.61	 15.11	 1	 0	 1	 hover	 1500	 1484	 1500	 1015	 0.00	 0.00	 0.00
22200	 -0.46	 8.93	 -151.81	 18.26	 -2.61	 14.52	 1	 0	 1	 hover	 1500	 1481	 1500	 1024	 0.00	 0.00	 0.00
22300	 -0.55	 8.90	 -152.11	 17.14	 -2.61	 14.16	 1	 0	 1	 hover	 1500	 1482	 1500	 1035	 0.00	 0.00	 0.00
22400	 -0.55	 8.90	 -152.12	 21.55	 -2.61	 14.55	 1	 0	 1	 hover	 1500	 1478	 1500	 1053	 0.00	 0.00	 0.00
22500	 -0.55	 8.90	 -152.12	 20.73	 -2.61	 14.84	 1	 0	 1	 hover	 1500	 1479	 1500	 1071	 0.00	 0.00	 0.00
22600	 -0.55	 8.90	 -152.12	 20.73	 -2.61	 14.99	 1	 0	 1	 hover	 1500	 1479	 1500	 1087	 0.00	 0.00	 0.00
22700	 -0.62	 8.89	 -152.41	 26.35	 -2.61	 12.80	 1	 0	 1	 hover	 1500	 1473	 1500	 1078	 0.00	 0.00	 0.00
22800	 -0.62	 8.89	 -152.41	 28.14	 -2.61	 12.80	 1	 0	 1	 hover	 1500	 1471	 1500	 1091	 0.00	 0.00	 0.00
22900	 -0.62	 8.89	 -152.41	 28.14	 -2.61	 15.12	 0	 0	 1	 hover	 1500	 1500	 1500	 1129	 0.00	 0.00	 0.00
23000	 -0.62	 8.89	 -152.41	 28.14	 -2.61	 13.34	 0	 0	 1	 hover	 1500	 1500	 1500	 1125	 0.00	 0.00	 0.00
23100	 -0.68	 8.89	 -152.70	 28.90	 -2.61	 12.80	 1	 0	 1	 hover	 1500	 1471	 1500	 1132	 0.00	 0.00	 0.00
23200	 -0.68	 8.89	 -152.71	 28.90	 -2.61	 15.12	 0	 0	 1	 hover	 1500	 1500	 1500	 1171	 0.00	 0.00	 0.00
23300	 -0.68	 8.89	 -152.71	 21.01	 -2.61	 15.12	 1	 0	 1	 hover	 1500	 1478	 1500	 1186	 0.00	 0.00	 0.00
23400	 -0.68	 8.89	 -152.71	 20.08	 -2.61	 15.12	 1	 0	 1	 hover	 1500	 1479	 1500	 1201	 0.00	 0.00	 0.00
23500	 -0.71	 8.88	 -153.00	 18.79	 -2.61	 15.12	 1	 0	 1	 hover	 1500	 1481	 1500	 1216	 0.00	 0.00	 0.00
23600	 -0.71	 8.88	 -153.01	 21.27	 -2.61	 15.12	 1	 0	 1	 hover	 1500	 1478	 1500	 1231	 0.00	 0.00	 0.00
23700	 -0.71	 8.88	 -153.01	 21.27	 -2.61	 15.12	 0	 0	 1	 hover	 1500	 1500	 1500	 1246	 0.00	 0.00	 0.00
23800	 -0.71	 8.88	 -153.01	 8.38	 -2.61	 13.64	 1	 0	 1	 hover	 1500	 1491	 1500	 1245	 0.00	 0.00	 0.00
23900	 -0.74	 8.88	 -153.30	 8.38	 -2.61	 13.09	 1	 0	 1	 hover	 1500	 1491	 1500	 1253	 0.00	 0.00	 0.00
24000	 -0.75	 8.88	 -153.30	 8.38	 -2.61	 15.05	 1	 0	 1	 hover	 1500	 1491	 1500	 1287	 0.00	 0.00	 0.00
24100	 -0.75	 8.88	 -153.30	 8.38	 -2.61	 15.12	 0	 0	 1	 hover	 1500	 1500	 1500	 1303	 0.00	 0.00	 0.00
24200	 -0.75	 8.88	 -153.30	 8.38	 -2.61	 13.43	 0	 0	 1	 hover	 1500	 1500	 1500	 1300	 0.00	 0.00	 0.00
24300	 -0.77	 8.87	 -153.59	 8.38	 -2.61	 15.12	 0	 0	 1	 hover	 1500	 1500	 1500	 1332	 0.00	 0.00	 0.00
24400	 -0.77	 8.87	 -153.59	 8.38	 -2.61	 14.94	 0	 0	 1	 hover	 1500	 1500	 1500	 1345	 0.00	 0.00	 0.00
24500	 -0.77	 8.87	 -153.59	 8.38	 -2.61	 15.12	 0	 0	 1	 hover	 1500	 1500	 1500	 1362	 0.00	 0.00	 0.00
24600	 -0.77	 8.87	 -153.59	 8.38	 -2.61	 15.03	 0	 0	 1	 hover	 1500	 1500	 1500	 1376	 0.00	 0.00	 0.00
24700	 -0.78	 8.87	 -153.87	 22.62	 -2.61	 13.25	 1	 0	 1	 hover	 1500	 1477	 1500	 1371	 0.00	 0.00	 0.00
24800	 -0.78	 8.87	 -153.88	 22.62	 -3.95	 14.77	 1	 1	 1	 hover	 1503	 1477	 1500	 1401	 0.00	 0.00	 0.00
24900	 -0.78	 8.87	 -153.88	 22.62	 -3.32	 15.03	 1	 1	 1	 hover	 1503	 1477	 1500	 1419	 0.00	 0.00	 0.00
25000	 -0.78	 8.87	 -153.88	 18.83	 -3.32	 15.03	 1	 0	 1	 hover	 1500	 1481	 1500	 1434	 0.00	 0.00	 0.00
25100	 -0.79	 8.86	 -154.17	 18.61	 -3.59	 13.77	 1	 1	 1	 hover	 1503	 1481	 1500	 1435	 0.00	 0.00	 0.00
25200	 -0.79	 8.86	 -154.18	 20.48	 -0.21	 15.03	 1	 1	 1	 hover	 1500	 1479	 1500	 1463	 0.00	 0.00	 0.00
25300	 -0.79	 8.86	 -154.18	 17.28	 -3.41	 15.03	 1	 1	 1	 hover	 1503	 1482	 1500	 1478	 0.00	 0.00	 0.00
25400	 -0.79	 8.86	 -154.18	 17.28	 -3.41	 13.38	 0	 0	 1	 hover	 1500	 1500	 1500	 1475	 0.00	 0.00	 0.00
25500	 -0.81	 8.88	 -154.46	 17.28	 -3.41	 15.03	 1	 0	 1	 hover	 1500	 1482	 1500	 1506	 0.00	 0.00	 0.00
25600	 -0.81	 8.88	 -154.47	 17.73	 -3.41	 15.03	 1	 0	 1	 hover	 1500	 1482	 1500	 1521	 0.00	 0.00	 0.00
25700	 -0.81	 8.88	 -154.47	 17.73	 -2.88	 12.72	 1	 1	 1	 hover	 1502	 1482	 1500	 1511	 0.00	 0.00	 0.00
25800	 -0.81	 8.88	 -154.68	 17.73	 -3.41	 15.03	 1	 1	 1	 hover	 1503	 1482	 1500	 1549	 0.00	 0.00	 0.00
25900	 -0.81	 8.87	 -154.68	 20.75	 -3.95	 14.76	 1	 1	 1	 hover	 1503	 1479	 1500	 1561	 0.00	 0.00	 0.00
26000	 -0.81	 8.87	 -154.68	 20.75	 -3.95	 12.80	 0	 0	 1	 hover	 1500	 1500	 1500	 1554	 0.00	 0.00	 0.00
26100	 -0.81	 8.87	 -154.68	 20.75	 -0.03	 15.21	 1	 1	 1	 hover	 1500	 1479	 1500	 1593	 0.00	 0.00	 0.00
26200	 -0.82	 8.86	 -154.97	 18.44	 -0.03	 14.76	 1	 0	 1	 hover	 1500	 1481	 1500	 1604	 0.00	 0.00	 0.00
26300	 -0.82	 8.86	 -154.98	 22.53	 -0.03	 13.69	 1	 0	 1	 hover	 1500	 1477	 1500	 1607	 0.00	 0.00	 0.00
26400	 -0.82	 8.86	 -154.98	 22.80	 -0.03	 13.34	 1	 0	 1	 hover	 1500	 1477	 1500	 1617	 0.00	 0.00	 0.00
26500	 -0.82	 8.86	 -154.98	 22.27	 -0.03	 13.34	 1	 0	 1	 hover	 1500	 1477	 1500	 1630	 0.00	 0.00	 0.00
26600	 -0.82	 8.87	 -155.27	 21.38	 -0.03	 14.61	 1	 0	 1	 hover	 1500	 1478	 1500	 1657	 0.00	 0.00	 0.00
26700	 -0.82	 8.87	 -155.28	 21.38	 -0.03	 12.94	 0	 0	 1	 hover	 1500	 1500	 1500	 1653	 0.00	 0.00	 0.00
26800	 -0.82	 8.87	 -155.28	 21.38	 -0.03	 13.20	 1	 0	 1	 hover	 1500	 1478	 1500	 1669	 0.00	 0.00	 0.00
26900	 -0.82	 8.88	 -155.49	 18.77	 -0.03	 12.95	 1	 0	 1	 hover	 1500	 1481	 1500	 1680	 0.00	 0.00	 0.00
27000	 -0.82	 8.88	 -155.50	 18.77	 -0.03	 14.40	 0	 0	 1	 hover	 1500	 1500	 1500	 1709	 0.00	 0.00	 0.00
27100	 -0.82	 8.88	 -155.50	 18.77	 -0.03	 14.42	 1	 0	 1	 hover	 1500	 1481	 1500	 1723	 0.00	 0.00	 0.00
27200	 -0.82	 8.88	 -155.71	 25.27	 -0.03	 14.06	 1	 0	 1	 hover	 1500	 1474	 1500	 1734	 0.00	 0.00	 0.00
27300	 -0.82	 8.88	 -155.72	 25.27	 -0.03	 13.68	 0	 0	 1	 hover	 1500	 1500	 1500	 1744	 0.00	 0.00	 0.00
27400	 -0.82	 8.88	 -155.72	 25.27	 -0.03	 14.87	 1	 0	 1	 hover	 1500	 1474	 1500	 1770	 0.00	 0.00	 0.00
27500	 -0.82	 8.89	 -155.93	 28.73	 -0.03	 14.70	 1	 0	 1	 hover	 1500	 1471	 1500	 1783	 0.00	 0.00	 0.00
27600	 -0.83	 8.89	 -155.94	 28.76	 -0.03	 14.54	 1	 0	 1	 hover	 1500	 1471	 1500	 1796	 0.00	 0.00	 0.00
27700	 -0.83	 8.89	 -155.94	 28.03	 -0.03	 14.54	 1	 0	 1	 hover	 1500	 1471	 1500	 1811	 0.00	 0.00	 0.00
27800	 -0.83	 8.88	 -156.16	 29.27	 -0.03	 13.82	 1	 0	 1	 hover	 1500	 1470	 1500	 1817	 0.00	 0.00	 0.00
27900	 -0.83	 8.88	 -156.16	 29.27	 -0.03	 13.94	 0	 0	 1	 hover	 1500	 1500	 1500	 1833	 0.00	 0.00	 0.00
28000	 -0.83	 8.88	 -156.16	 29.27	 -0.03	 14.76	 1	 0	 1	 hover	 1500	 1470	 1500	 1856	 0.00	 0.00	 0.00
28100	 -0.84	 8.89	 -156.37	 28.30	 -0.03	 15.03	 1	 0	 1	 hover	 1500	 1471	 1500	 1873	 0.00	 0.00	 0.00
28200	 -0.83	 8.89	 -156.38	 26.16	 -0.03	 15.03	 1	 0	 1	 hover	 1500	 1473	 1500	 1888	 0.00	 0.00	 0.00
28300	 -0.83	 8.89	 -156.38	 28.30	 -0.03	 14.67	 1	 0	 1	 hover	 1500	 1471	 1500	 1899	 0.00	 0.00	 0.00
28400	 -0.61	 9.47	 -156.39	 28.92	 -0.03	 15.03	 1	 0	 1	 hover	 1500	 1471	 1500	 1918	 0.00	 0.00	 0.00
28500	 -0.61	 9.49	 -156.38	 30.52	 -1.28	 15.12	 1	 1	 1	 hover	 1501	 1469	 1500	 1934	 0.00	 0.00	 0.00
28600	 -0.61	 9.49	 -156.38	 28.30	 -0.74	 15.12	 1	 1	 1	 hover	 1500	 1471	 1500	 1949	 0.00	 0.00	 0.00
28700	 -0.38	 10.15	 -156.32	 27.41	 -0.74	 15.12	 1	 0	 1	 hover	 1500	 1472	 1500	 1964	 0.00	 0.00	 0.00
28800	 -0.38	 10.18	 -156.32	 30.09	 -0.74	 15.12	 1	 0	 1	 hover	 1500	 1469	 1500	 1979	 0.00	 0.00	 0.00
28900	 -0.38	 10.18	 -156.32	 30.09	 -0.74	 12.63	 1	 0	 1	 hover	 1500	 1469	 1500	 1967	 0.00	 0.00	 0.00
29000	 -0.15	 10.68	 -156.29	 29.40	 -0.74	 14.48	 1	 0	 1	 hover	 1500	 1470	 1500	 2000	 0.00	 0.00	 0.00
29100	 -0.15	 10.69	 -156.29	 30.43	 -0.74	 13.77	 1	 0	 1	 hover	 1500	 1469	 1500	 2007	 0.00	 0.00	 0.00
29200	 -0.15	 10.69	 -156.29	 30.43	 -0.74	 14.88	 0	 0	 1	 hover	 1500	 1500	 1500	 2033	 0.00	 0.00	 0.00
29300	 -0.00	 11.10	 -156.25	 30.43	 -1.45	 14.25	 1	 1	 1	 hover	 1501	 1469	 1500	 2041	 0.00	 0.00	 0.00
29400	 -0.00	 11.10	 -156.25	 30.43	 -0.12	 14.22	 1	 1	 1	 hover	 1500	 1469	 1500	 2055	 0.00	 0.00	 0.00
29500	 -0.00	 11.10	 -156.25	 30.43	 -0.12	 15.03	 1	 0	 1	 hover	 1500	 1469	 1500	 2078	 0.00	 0.00	 0.00
29600	 0.12	 11.43	 -156.22	 30.43	 -0.12	 15.03	 1	 0	 1	 hover	 1500	 1469	 1500	 2093	 0.00	 0.00	 0.00
29700	 0.13	 11.45	 -156.22	 30.43	 -0.12	 13.34	 0	 0	 1	 hover	 1500	 1500	 1500	 2089	 0.00	 0.00	 0.00
29800	 0.13	 11.45	 -156.22	 30.43	 -0.12	 12.72	 0	 0	 1	 hover	 1500	 1500	 1500	 2096	 0.00	 0.00	 0.00
29900	 0.22	 11.70	 -156.20	 30.43	 -0.12	 12.80	 0	 0	 1	 hover	 1500	 1500	 1500	 2109	 0.00	 0.00	 0.00
30000	 0.22	 11.72	 -156.20	 30.43	 -0.12	 15.01	 0	 0	 1	 hover	 1500	 1500	 1500	 2146	 0.00	 0.00	 0.00
30100	 0.22	 11.72	 -156.20	 30.43	 -0.12	 15.01	 1	 0	 1	 hover	 1500	 1469	 1500	 2161	 0.00	 0.00	 0.00
