#Time(ms)	 Value 	 Validity 	 avgValue 	 Diff 	 Outliers 	 invalidReason 
200	 -1.00 	0 	0.00 	1.00 	1 	0 
300	 -1.00 	0 	0.00 	1.00 	2 	0 
400	 -1.00 	0 	0.00 	1.00 	3 	0 
500	 127.85 	0 	76.71 	51.14 	3 	51.14 
600	 138.53 	0 	113.80 	24.73 	0 	24.73 
700	 138.53 	0 	113.80 	24.73 	1 	24.73 
800	 138.53 	0 	113.80 	24.73 	2 	24.73 
900	 120.38 	0 	117.75 	2.63 	0 	-1 
1000	 123.58 	0 	121.25 	2.33 	0 	-1 
1100	 123.58 	0 	121.25 	2.33 	1 	-1 
1200	 111.12 	0 	115.17 	4.05 	0 	4.05 
1300	 99.91 	0 	106.01 	6.10 	0 	6.10 
1400	 97.33 	0 	100.80 	3.47 	0 	3.47 
1500	 116.82 	0 	110.41 	6.41 	0 	6.41 
1600	 121.18 	0 	116.87 	4.31 	0 	4.31 
1700	 121.18 	0 	116.87 	4.31 	1 	4.31 
1800	 121.18 	0 	116.87 	4.31 	2 	4.31 
1900	 121.18 	0 	116.87 	4.31 	3 	4.31 
2000	 145.65 	0 	134.14 	11.51 	3 	11.51 
2100	 98.93 	0 	113.01 	14.08 	3 	14.08 
2200	 91.10 	0 	99.87 	8.77 	0 	8.77 
2300	 80.24 	0 	88.09 	7.85 	0 	7.85 
2400	 80.24 	0 	88.09 	7.85 	1 	7.85 
2500	 92.44 	0 	90.70 	1.74 	0 	-1 
2600	 77.93 	0 	83.04 	5.11 	0 	5.11 
2700	 77.93 	0 	83.04 	5.11 	1 	5.11 
2800	 77.93 	0 	83.04 	5.11 	2 	5.11 
2900	 77.93 	0 	83.04 	5.11 	3 	5.11 
3000	 96.53 	0 	91.13 	5.40 	0 	5.40 
3100	 96.53 	0 	91.13 	5.40 	1 	5.40 
3200	 95.11 	0 	93.52 	1.59 	0 	-1 
3300	 82.29 	0 	86.78 	4.49 	0 	4.49 
3400	 98.49 	0 	93.81 	4.68 	0 	4.68 
3500	 98.49 	0 	93.81 	4.68 	1 	4.68 
3600	 98.49 	0 	93.81 	4.68 	2 	4.68 
3700	 98.49 	0 	93.81 	4.68 	3 	4.68 
3800	 133.99 	0 	117.92 	16.07 	3 	16.07 
3900	 74.99 	0 	92.16 	17.17 	3 	17.17 
4000	 135.33 	0 	118.06 	17.27 	3 	17.27 
4100	 112.46 	0 	114.70 	2.24 	3 	-1 
4200	 127.23 	0 	122.22 	5.01 	0 	5.01 
4300	 145.65 	0 	136.28 	9.37 	0 	9.37 
4400	 140.31 	1 	138.70 	1.61 	0 	-3 
4500	 140.31 	1 	138.70 	1.61 	1 	-3 
4600	 140.31 	1 	138.70 	1.61 	2 	-3 
4700	 142.63 	1 	141.06 	1.57 	0 	-3 
4800	 142.63 	1 	141.06 	1.57 	1 	-3 
4900	 123.49 	0 	130.52 	7.03 	0 	7.03 
5000	 114.95 	0 	121.18 	6.23 	0 	6.23 
5100	 114.95 	0 	121.18 	6.23 	1 	6.23 
5200	 114.95 	0 	121.18 	6.23 	2 	6.23 
5300	 114.95 	0 	121.18 	6.23 	3 	6.23 
5400	 76.60 	0 	94.43 	17.83 	3 	17.83 
5500	 144.05 	0 	124.20 	19.85 	3 	19.85 
5600	 128.65 	1 	126.87 	1.78 	0 	-3 
5700	 128.65 	1 	126.87 	1.78 	1 	-3 
5800	 128.65 	1 	126.87 	1.78 	2 	-3 
5900	 128.65 	1 	126.87 	1.78 	3 	-3 
6000	 66.36 	0 	90.56 	24.20 	3 	24.20 
6100	 108.01 	0 	101.03 	6.98 	3 	6.98 
6200	 22.05 	0 	53.64 	31.59 	3 	31.59 
6300	 144.49 	0 	108.15 	36.34 	3 	36.34 
6400	 97.51 	0 	101.77 	4.26 	3 	4.26 
6500	 26.67 	0 	56.71 	30.04 	3 	30.04 
6600	 127.59 	0 	99.24 	28.35 	3 	28.35 
6700	 47.05 	0 	67.92 	20.87 	3 	20.87 
6800	 108.99 	0 	92.56 	16.43 	3 	16.43 
6900	 44.56 	0 	63.76 	19.20 	3 	19.20 
7000	 126.34 	0 	101.31 	25.03 	3 	25.03 
7100	 110.95 	0 	107.09 	3.86 	0 	3.86 
7200	 110.95 	0 	107.09 	3.86 	1 	3.86 
7300	 110.95 	0 	107.09 	3.86 	2 	3.86 
7400	 110.95 	0 	107.09 	3.86 	3 	3.86 
7500	 5.41 	0 	46.08 	40.67 	3 	40.67 
7600	 159.89 	0 	114.37 	45.52 	3 	45.52 
7700	 24.63 	0 	60.52 	35.89 	3 	35.89 
7800	 108.01 	0 	89.02 	18.99 	3 	18.99 
7900	 101.60 	0 	96.57 	5.03 	0 	5.03 
8000	 101.60 	0 	96.57 	5.03 	1 	5.03 
8100	 101.60 	0 	96.57 	5.03 	2 	5.03 
8200	 101.60 	0 	96.57 	5.03 	3 	5.03 
8300	 118.60 	0 	109.79 	8.81 	0 	8.81 
8400	 118.60 	0 	109.79 	8.81 	1 	8.81 
8500	 112.46 	1 	111.39 	1.07 	0 	-3 
8600	 112.46 	1 	111.39 	1.07 	1 	-3 
8700	 112.46 	1 	111.39 	1.07 	2 	-3 
8800	 105.52 	1 	107.87 	2.35 	0 	-3 
8900	 103.56 	1 	105.28 	1.72 	0 	-3 
9000	 103.56 	1 	105.28 	1.72 	1 	-3 
9100	 103.56 	1 	105.28 	1.72 	2 	-3 
9200	 103.56 	1 	105.28 	1.72 	3 	-3 
9300	 99.91 	1 	102.06 	2.15 	0 	-3 
9400	 99.91 	1 	102.06 	2.15 	1 	-3 
9500	 99.91 	1 	102.06 	2.15 	2 	-3 
9600	 99.91 	1 	102.06 	2.15 	3 	-3 
9700	 131.06 	0 	119.46 	11.60 	3 	11.60 
9800	 80.69 	0 	96.20 	15.51 	3 	15.51 
9900	 25.34 	0 	53.68 	28.34 	3 	28.34 
10000	 21.07 	0 	34.12 	13.05 	0 	13.05 
10100	 21.07 	0 	34.12 	13.05 	1 	13.05 
10200	 21.07 	0 	34.12 	13.05 	2 	13.05 
10300	 21.07 	0 	34.12 	13.05 	3 	13.05 
10400	 82.11 	0 	62.91 	19.20 	3 	19.20 
10500	 168.43 	0 	126.22 	42.21 	3 	42.21 
10600	 132.04 	1 	129.71 	2.33 	3 	-3 
10700	 130.34 	1 	130.09 	0.25 	0 	-3 
10800	 130.34 	1 	130.09 	0.25 	1 	-3 
10900	 130.34 	1 	130.09 	0.25 	2 	-3 
11000	 110.95 	0 	118.61 	7.66 	0 	7.66 
11100	 110.95 	0 	118.61 	7.66 	1 	7.66 
11200	 110.95 	0 	118.61 	7.66 	2 	7.66 
11300	 110.95 	0 	118.61 	7.66 	3 	7.66 
11400	 146.18 	0 	135.15 	11.03 	3 	11.03 
11500	 125.45 	0 	129.33 	3.88 	3 	3.88 
11600	 6.74 	0 	55.78 	49.04 	3 	49.04 
11700	 146.99 	0 	110.50 	36.49 	3 	36.49 
11800	 150.37 	0 	134.42 	15.95 	0 	15.95 
11900	 150.37 	0 	134.42 	15.95 	1 	15.95 
12000	 150.37 	0 	134.42 	15.95 	2 	15.95 
12100	 150.37 	0 	134.42 	15.95 	3 	15.95 
12200	 176.35 	0 	159.58 	16.77 	3 	16.77 
12300	 4.87 	0 	66.75 	61.88 	3 	61.88 
12400	 47.76 	0 	55.36 	7.60 	3 	7.60 
12500	 95.73 	0 	79.58 	16.15 	3 	16.15 
12600	 20.89 	0 	44.37 	23.48 	3 	23.48 
12700	 61.20 	0 	54.47 	6.73 	3 	6.73 
12800	 6.12 	0 	25.46 	19.34 	3 	19.34 
12900	 -1.00 	0 	25.46 	26.46 	3 	0 
13000	 12.35 	0 	17.59 	5.24 	0 	5.24 
13100	 12.35 	0 	17.59 	5.24 	1 	5.24 
13200	 12.35 	0 	17.59 	5.24 	2 	5.24 
13300	 12.35 	0 	17.59 	5.24 	3 	5.24 
13400	 10.03 	0 	13.06 	3.03 	0 	3.03 
13500	 13.33 	1 	13.22 	0.11 	0 	-3 
13600	 -1.00 	0 	13.22 	14.22 	0 	0 
13700	 -1.00 	0 	13.22 	14.22 	0 	0 
13800	 10.66 	1 	11.68 	1.02 	0 	-3 
13900	 10.66 	1 	11.68 	1.02 	1 	-3 
14000	 10.66 	1 	11.68 	1.02 	2 	-3 
14100	 10.66 	1 	11.68 	1.02 	3 	-3 
14200	 43.05 	0 	30.50 	12.55 	3 	12.55 
14300	 20.62 	0 	24.57 	3.95 	3 	3.95 
14400	 129.37 	0 	87.45 	41.92 	3 	41.92 
14500	 133.64 	0 	115.16 	18.48 	0 	18.48 
14600	 -1.00 	0 	115.16 	116.16 	0 	0 
14700	 -1.00 	0 	115.16 	116.16 	1 	0 
14800	 -1.00 	0 	115.16 	116.16 	2 	0 
14900	 -1.00 	0 	115.16 	116.16 	3 	0 
15000	 125.90 	0 	121.61 	4.29 	3 	4.29 
15100	 125.98 	1 	124.23 	1.75 	0 	-3 
15200	 125.98 	1 	124.23 	1.75 	1 	-3 
15300	 125.98 	1 	124.23 	1.75 	2 	-3 
15400	 125.98 	1 	124.23 	1.75 	3 	-3 
15500	 36.20 	0 	71.41 	35.21 	3 	35.21 
15600	 2.74 	0 	30.21 	27.47 	3 	27.47 
15700	 94.39 	0 	68.72 	25.67 	3 	25.67 
15800	 50.79 	0 	57.96 	7.17 	3 	7.17 
15900	 43.40 	0 	49.22 	5.82 	0 	5.82 
16000	 43.40 	0 	49.22 	5.82 	1 	5.82 
16100	 43.40 	0 	49.22 	5.82 	2 	5.82 
16200	 43.40 	0 	49.22 	5.82 	3 	5.82 
16300	 133.90 	0 	100.03 	33.87 	3 	33.87 
16400	 123.31 	0 	114.00 	9.31 	0 	9.31 
16500	 105.34 	0 	108.80 	3.46 	0 	3.46 
16600	 105.34 	0 	108.80 	3.46 	1 	3.46 
16700	 105.34 	0 	108.80 	3.46 	2 	3.46 
16800	 105.34 	0 	108.80 	3.46 	3 	3.46 
16900	 129.28 	0 	121.09 	8.19 	3 	8.19 
17000	 116.82 	1 	118.53 	1.71 	0 	-3 
17100	 134.88 	0 	128.34 	6.54 	0 	6.54 
17200	 134.88 	0 	128.34 	6.54 	1 	6.54 
17300	 134.88 	0 	128.34 	6.54 	2 	6.54 
17400	 134.88 	0 	128.34 	6.54 	3 	6.54 
17500	 78.11 	0 	98.20 	20.09 	3 	20.09 
17600	 93.41 	1 	95.33 	1.92 	0 	-3 
17700	 75.97 	0 	83.71 	7.74 	0 	7.74 
17800	 75.97 	0 	83.71 	7.74 	1 	7.74 
17900	 75.97 	0 	83.71 	7.74 	2 	7.74 
18000	 88.08 	1 	86.33 	1.75 	0 	-3 
18100	 88.08 	1 	86.33 	1.75 	1 	-3 
18200	 88.08 	1 	86.33 	1.75 	2 	-3 
18300	 73.13 	0 	78.41 	5.28 	0 	5.28 
18400	 73.13 	0 	78.41 	5.28 	1 	5.28 
18500	 80.42 	1 	79.62 	0.80 	0 	-3 
18600	 80.42 	1 	79.62 	0.80 	1 	-3 
18700	 80.42 	1 	79.62 	0.80 	2 	-3 
18800	 80.42 	1 	79.62 	0.80 	3 	-3 
18900	 87.81 	0 	84.53 	3.28 	0 	3.28 
19000	 87.81 	0 	84.53 	3.28 	1 	3.28 
19100	 83.54 	1 	83.94 	0.40 	0 	-3 
19200	 97.06 	0 	91.81 	5.25 	0 	5.25 
19300	 105.96 	0 	100.30 	5.66 	0 	5.66 
19400	 115.93 	0 	109.68 	6.25 	0 	6.25 
19500	 108.01 	1 	108.68 	0.67 	0 	-3 
19600	 99.82 	0 	103.36 	3.54 	0 	3.54 
19700	 107.74 	0 	105.99 	1.75 	0 	-2 
19800	 101.78 	1 	103.46 	1.68 	0 	-3 
19900	 101.78 	1 	103.46 	1.68 	1 	-3 
20000	 101.78 	1 	103.46 	1.68 	2 	-3 
20100	 101.78 	1 	103.46 	1.68 	3 	-3 
20200	 169.68 	0 	143.19 	26.49 	3 	26.49 
20300	 300.85 	0 	237.79 	63.06 	3 	63.06 
20400	 306.99 	0 	279.31 	27.68 	0 	27.68 
20500	 306.99 	0 	279.31 	27.68 	1 	27.68 
20600	 304.76 	0 	294.58 	10.18 	0 	10.18 
20700	 295.24 	1 	294.98 	0.26 	0 	-3 
20800	 295.24 	1 	294.98 	0.26 	1 	-3 
20900	 295.24 	1 	294.98 	0.26 	2 	-3 
21000	 295.24 	1 	294.98 	0.26 	3 	-3 
21100	 161.13 	0 	214.67 	53.54 	3 	53.54 
21200	 173.59 	0 	190.02 	16.43 	0 	16.43 
21300	 162.38 	0 	173.44 	11.06 	0 	11.06 
21400	 162.38 	0 	173.44 	11.06 	1 	11.06 
21500	 172.53 	1 	172.89 	0.36 	0 	-3 
21600	 161.13 	0 	165.84 	4.71 	0 	4.71 
21700	 175.82 	0 	171.83 	3.99 	0 	3.99 
21800	 174.75 	1 	173.58 	1.17 	0 	-3 
21900	 174.04 	1 	173.86 	0.18 	0 	-3 
22000	 172.53 	1 	173.06 	0.53 	0 	-3 
22100	 175.19 	1 	174.34 	0.85 	0 	-3 
22200	 164.43 	0 	168.39 	3.96 	0 	3.96 
22300	 175.19 	1 	172.47 	2.72 	0 	-3 
22400	 171.90 	1 	172.13 	0.23 	0 	-3 
22500	 172.97 	1 	172.63 	0.34 	0 	-3 
22600	 172.97 	1 	172.63 	0.34 	1 	-3 
22700	 167.10 	1 	169.31 	2.21 	0 	-3 
22800	 163.89 	1 	166.06 	2.17 	0 	-3 
22900	 163.89 	1 	166.06 	2.17 	1 	-3 
23000	 167.19 	1 	166.74 	0.45 	0 	-3 
23100	 165.05 	1 	165.73 	0.68 	0 	-3 
23200	 172.44 	1 	169.75 	2.69 	0 	-3 
23300	 172.44 	1 	169.75 	2.69 	1 	-3 
23400	 173.59 	1 	172.06 	1.53 	0 	-3 
23500	 174.66 	1 	173.62 	1.04 	0 	-3 
23600	 171.37 	1 	172.27 	0.90 	0 	-3 
23700	 172.44 	1 	172.37 	0.07 	0 	-3 
23800	 164.25 	0 	167.50 	3.25 	0 	3.25 
23900	 164.43 	1 	165.66 	1.23 	0 	-3 
24000	 164.43 	1 	165.66 	1.23 	1 	-3 
24100	 171.28 	1 	169.03 	2.25 	0 	-3 
24200	 165.05 	1 	166.64 	1.59 	0 	-3 
24300	 172.53 	1 	170.17 	2.36 	0 	-3 
24400	 169.68 	1 	169.88 	0.20 	0 	-3 
24500	 174.66 	1 	172.75 	1.91 	0 	-3 
24600	 173.50 	1 	173.20 	0.30 	0 	-3 
24700	 164.87 	0 	168.20 	3.33 	0 	3.33 
24800	 171.90 	1 	170.42 	1.48 	0 	-3 
24900	 171.90 	1 	170.42 	1.48 	1 	-3 
25000	 175.19 	1 	173.28 	1.91 	0 	-3 
25100	 164.34 	0 	167.92 	3.58 	0 	3.58 
25200	 176.71 	0 	173.19 	3.52 	0 	3.52 
25300	 176.71 	0 	173.19 	3.52 	1 	3.52 
25400	 165.41 	0 	168.52 	3.11 	0 	3.11 
25500	 165.41 	0 	168.52 	3.11 	1 	3.11 
25600	 165.41 	0 	168.52 	3.11 	2 	3.11 
25700	 163.18 	1 	165.32 	2.14 	0 	-3 
25800	 -1.00 	0 	165.32 	166.32 	0 	0 
25900	 -1.00 	0 	165.32 	166.32 	0 	0 
26000	 -1.00 	0 	165.32 	166.32 	1 	0 
26100	 -1.00 	0 	165.32 	166.32 	1 	0 
26200	 -1.00 	0 	165.32 	166.32 	1 	0 
26300	 -1.00 	0 	165.32 	166.32 	2 	0 
26400	 -1.00 	0 	165.32 	166.32 	3 	0 
26500	 281.00 	0 	234.73 	46.27 	3 	46.27 
26600	 294.53 	0 	270.61 	23.92 	0 	23.92 
26700	 282.16 	0 	277.54 	4.62 	0 	4.62 
26800	 279.93 	1 	278.97 	0.96 	0 	-3 
26900	 279.93 	1 	278.97 	0.96 	1 	-3 
27000	 -1.00 	0 	278.97 	279.97 	1 	0 
27100	 -1.00 	0 	278.97 	279.97 	1 	0 
27200	 -1.00 	0 	278.97 	279.97 	1 	0 
27300	 -1.00 	0 	278.97 	279.97 	2 	0 
27400	 -1.00 	0 	278.97 	279.97 	3 	0 
27500	 283.23 	1 	281.53 	1.70 	3 	-3 
27600	 282.07 	1 	281.85 	0.22 	0 	-3 
27700	 289.63 	0 	286.52 	3.11 	0 	3.11 
27800	 282.69 	1 	284.22 	1.53 	0 	-3 
27900	 -1.00 	0 	284.22 	285.22 	0 	0 
28000	 -1.00 	0 	284.22 	285.22 	0 	0 
28100	 -1.00 	0 	284.22 	285.22 	1 	0 
28200	 -1.00 	0 	284.22 	285.22 	2 	0 
28300	 -1.00 	0 	284.22 	285.22 	3 	0 
28400	 291.86 	0 	288.80 	3.06 	3 	3.06 
28500	 309.74 	0 	301.37 	8.37 	0 	8.37 
28600	 309.74 	0 	301.37 	8.37 	1 	8.37 
28700	 290.79 	0 	295.02 	4.23 	0 	4.23 
28800	 290.17 	1 	292.11 	1.94 	0 	-3 
28900	 290.17 	1 	292.11 	1.94 	1 	-3 
29000	 291.86 	1 	291.96 	0.10 	0 	-3 
29100	 284.38 	0 	287.41 	3.03 	0 	3.03 
29200	 284.38 	0 	287.41 	3.03 	1 	3.03 
29300	 280.47 	1 	283.25 	2.78 	0 	-3 
29400	 280.47 	1 	283.25 	2.78 	1 	-3 
29500	 280.47 	1 	283.25 	2.78 	2 	-3 
29600	 280.47 	1 	283.25 	2.78 	3 	-3 
29700	 166.03 	0 	212.92 	46.89 	3 	46.89 
29800	 163.89 	0 	183.50 	19.61 	0 	19.61 
29900	 162.74 	0 	171.04 	8.30 	0 	8.30 
30000	 162.74 	0 	171.04 	8.30 	1 	8.30 
30100	 -1.00 	0 	171.04 	172.04 	1 	0 
