#Time(ms)	 Value 	 Validity 	 avgValue 	 Diff 	 Outliers 	 invalidReason 
200	 -1.00 	0 	0.00 	1.00 	0 	0 
300	 -1.00 	0 	0.00 	1.00 	1 	0 
400	 -1.00 	0 	0.00 	1.00 	2 	0 
500	 -1.00 	0 	0.00 	1.00 	3 	0 
600	 288.03 	0 	172.82 	115.21 	3 	115.21 
700	 289.01 	0 	242.53 	46.48 	0 	46.48 
800	 289.01 	0 	242.53 	46.48 	1 	46.48 
900	 288.48 	0 	270.10 	18.38 	0 	18.38 
1000	 287.23 	0 	280.38 	6.85 	0 	6.85 
1100	 287.23 	0 	280.38 	6.85 	1 	6.85 
1200	 287.23 	0 	280.38 	6.85 	2 	6.85 
1300	 285.98 	0 	283.74 	2.24 	0 	-1 
1400	 285.98 	0 	283.74 	2.24 	1 	-1 
1500	 277.89 	0 	280.23 	2.34 	0 	-1 
1600	 277.89 	0 	280.23 	2.34 	1 	-1 
1700	 277.89 	0 	280.23 	2.34 	2 	-1 
1800	 277.89 	0 	280.23 	2.34 	3 	-1 
1900	 207.23 	0 	236.43 	29.20 	3 	29.20 
2000	 222.18 	0 	227.88 	5.70 	0 	5.70 
2100	 -1.00 	0 	227.88 	228.88 	0 	0 
2200	 -1.00 	0 	227.88 	228.88 	1 	0 
2300	 -1.00 	0 	227.88 	228.88 	2 	0 
2400	 -1.00 	0 	227.88 	228.88 	3 	0 
2500	 176.62 	0 	197.12 	20.50 	3 	20.50 
2600	 126.43 	0 	154.71 	28.28 	3 	28.28 
2700	 131.32 	0 	140.68 	9.36 	0 	9.36 
2800	 151.26 	0 	147.03 	4.23 	0 	4.23 
2900	 151.26 	0 	147.03 	4.23 	1 	4.23 
3000	 151.26 	0 	147.03 	4.23 	2 	4.23 
3100	 164.25 	0 	157.36 	6.89 	0 	6.89 
3200	 164.25 	0 	157.36 	6.89 	1 	6.89 
3300	 164.25 	0 	157.36 	6.89 	2 	6.89 
3400	 164.25 	0 	157.36 	6.89 	3 	6.89 
3500	 231.97 	0 	202.13 	29.84 	3 	29.84 
3600	 67.96 	0 	121.63 	53.67 	3 	53.67 
3700	 138.71 	0 	131.88 	6.83 	3 	6.83 
3800	 123.05 	0 	126.58 	3.53 	0 	3.53 
3900	 123.05 	0 	126.58 	3.53 	1 	3.53 
4000	 123.05 	0 	126.58 	3.53 	2 	3.53 
4100	 123.05 	0 	126.58 	3.53 	3 	3.53 
4200	 147.61 	0 	139.20 	8.41 	3 	8.41 
4300	 150.55 	0 	146.01 	4.54 	0 	4.54 
4400	 134.97 	0 	139.39 	4.42 	0 	4.42 
4500	 124.20 	0 	130.27 	6.07 	0 	6.07 
4600	 124.20 	0 	130.27 	6.07 	1 	6.07 
4700	 124.20 	0 	130.27 	6.07 	2 	6.07 
4800	 124.20 	0 	130.27 	6.07 	3 	6.07 
4900	 144.85 	0 	139.02 	5.83 	3 	5.83 
5000	 232.59 	0 	195.16 	37.43 	3 	37.43 
5100	 171.55 	0 	180.99 	9.44 	3 	9.44 
5200	 230.10 	0 	210.46 	19.64 	3 	19.64 
5300	 204.92 	1 	207.14 	2.22 	3 	-3 
5400	 135.68 	0 	164.26 	28.58 	3 	28.58 
5500	 196.46 	0 	183.58 	12.88 	3 	12.88 
5600	 247.81 	0 	222.12 	25.69 	3 	25.69 
5700	 134.97 	0 	169.83 	34.86 	3 	34.86 
5800	 116.02 	0 	137.54 	21.52 	0 	21.52 
5900	 116.02 	0 	137.54 	21.52 	1 	21.52 
6000	 116.02 	0 	137.54 	21.52 	2 	21.52 
6100	 116.02 	0 	137.54 	21.52 	3 	21.52 
6200	 169.05 	0 	156.45 	12.60 	3 	12.60 
6300	 135.24 	0 	143.72 	8.48 	3 	8.48 
6400	 212.04 	0 	184.71 	27.33 	3 	27.33 
6500	 210.26 	0 	200.04 	10.22 	0 	10.22 
6600	 210.26 	0 	200.04 	10.22 	1 	10.22 
6700	 202.07 	1 	201.26 	0.81 	0 	-3 
6800	 202.07 	1 	201.26 	0.81 	1 	-3 
6900	 197.53 	1 	199.02 	1.49 	0 	-3 
7000	 197.53 	1 	199.02 	1.49 	1 	-3 
7100	 197.53 	1 	199.02 	1.49 	2 	-3 
7200	 193.97 	1 	195.99 	2.02 	0 	-3 
7300	 193.97 	1 	195.99 	2.02 	1 	-3 
7400	 190.77 	1 	192.86 	2.09 	0 	-3 
7500	 190.77 	1 	192.86 	2.09 	1 	-3 
7600	 190.77 	1 	192.86 	2.09 	2 	-3 
7700	 191.21 	1 	191.87 	0.66 	0 	-3 
7800	 188.81 	1 	190.03 	1.22 	0 	-3 
7900	 188.81 	1 	190.03 	1.22 	1 	-3 
8000	 188.81 	1 	190.03 	1.22 	2 	-3 
8100	 188.81 	1 	190.03 	1.22 	3 	-3 
8200	 180.71 	0 	184.44 	3.73 	0 	3.73 
8300	 180.71 	0 	184.44 	3.73 	1 	3.73 
8400	 180.71 	0 	184.44 	3.73 	2 	3.73 
8500	 195.22 	0 	190.91 	4.31 	0 	4.31 
8600	 195.22 	0 	190.91 	4.31 	1 	4.31 
8700	 195.22 	0 	190.91 	4.31 	2 	4.31 
8800	 195.22 	0 	190.91 	4.31 	3 	4.31 
8900	 130.08 	0 	154.41 	24.33 	3 	24.33 
9000	 141.82 	0 	146.86 	5.04 	0 	5.04 
9100	 141.82 	0 	146.86 	5.04 	1 	5.04 
9200	 141.82 	0 	146.86 	5.04 	2 	5.04 
9300	 141.82 	0 	146.86 	5.04 	3 	5.04 
9400	 117.53 	0 	129.26 	11.73 	3 	11.73 
9500	 134.79 	1 	132.58 	2.21 	0 	-3 
9600	 134.79 	1 	132.58 	2.21 	1 	-3 
9700	 134.79 	1 	132.58 	2.21 	2 	-3 
9800	 139.24 	1 	136.58 	2.66 	0 	-3 
9900	 139.24 	1 	136.58 	2.66 	1 	-3 
10000	 139.24 	1 	136.58 	2.66 	2 	-3 
10100	 140.04 	1 	138.65 	1.39 	0 	-3 
10200	 134.62 	1 	136.23 	1.61 	0 	-3 
10300	 134.62 	1 	136.23 	1.61 	1 	-3 
10400	 120.11 	0 	126.56 	6.45 	0 	6.45 
10500	 120.11 	0 	126.56 	6.45 	1 	6.45 
10600	 109.52 	0 	116.34 	6.82 	0 	6.82 
10700	 109.52 	0 	116.34 	6.82 	1 	6.82 
10800	 109.52 	0 	116.34 	6.82 	2 	6.82 
10900	 109.52 	0 	116.34 	6.82 	3 	6.82 
11000	 127.59 	0 	123.09 	4.50 	0 	4.50 
11100	 127.59 	0 	123.09 	4.50 	1 	4.50 
11200	 110.41 	0 	115.48 	5.07 	0 	5.07 
11300	 110.41 	0 	115.48 	5.07 	1 	5.07 
11400	 110.41 	0 	115.48 	5.07 	2 	5.07 
11500	 117.35 	1 	116.60 	0.75 	0 	-3 
11600	 117.35 	1 	116.60 	0.75 	1 	-3 
11700	 117.35 	1 	116.60 	0.75 	2 	-3 
11800	 133.01 	0 	126.45 	6.56 	0 	6.56 
11900	 133.01 	0 	126.45 	6.56 	1 	6.56 
12000	 136.40 	0 	132.42 	3.98 	0 	3.98 
12100	 142.89 	0 	138.70 	4.19 	0 	4.19 
12200	 156.42 	0 	149.33 	7.09 	0 	7.09 
12300	 156.42 	0 	149.33 	7.09 	1 	7.09 
12400	 156.42 	0 	149.33 	7.09 	2 	7.09 
12500	 171.01 	0 	162.34 	8.67 	0 	8.67 
12600	 171.01 	0 	162.34 	8.67 	1 	8.67 
12700	 171.01 	0 	162.34 	8.67 	2 	8.67 
12800	 171.01 	0 	162.34 	8.67 	3 	8.67 
12900	 133.46 	0 	145.01 	11.55 	3 	11.55 
13000	 172.88 	0 	161.73 	11.15 	3 	11.15 
13100	 168.70 	1 	165.91 	2.79 	0 	-3 
13200	 171.01 	1 	168.97 	2.04 	0 	-3 
13300	 171.01 	1 	168.97 	2.04 	1 	-3 
13400	 171.01 	1 	168.97 	2.04 	2 	-3 
13500	 152.59 	0 	159.14 	6.55 	0 	6.55 
13600	 150.46 	0 	153.93 	3.47 	0 	3.47 
13700	 142.18 	0 	146.88 	4.70 	0 	4.70 
13800	 159.71 	0 	154.58 	5.13 	0 	5.13 
13900	 148.23 	1 	150.77 	2.54 	0 	-3 
14000	 154.28 	1 	152.88 	1.40 	0 	-3 
14100	 154.28 	1 	152.88 	1.40 	1 	-3 
14200	 154.28 	1 	152.88 	1.40 	2 	-3 
14300	 154.28 	1 	152.88 	1.40 	3 	-3 
14400	 131.15 	0 	139.84 	8.69 	3 	8.69 
14500	 81.85 	0 	105.05 	23.20 	3 	23.20 
14600	 122.60 	0 	115.58 	7.02 	3 	7.02 
14700	 141.11 	0 	130.90 	10.21 	0 	10.21 
14800	 159.44 	0 	148.02 	11.42 	0 	11.42 
14900	 152.15 	1 	150.50 	1.65 	0 	-3 
15000	 144.76 	1 	147.06 	2.30 	0 	-3 
15100	 144.76 	1 	147.06 	2.30 	1 	-3 
15200	 -1.00 	0 	147.06 	148.06 	1 	0 
15300	 -1.00 	0 	147.06 	148.06 	1 	0 
15400	 -1.00 	0 	147.06 	148.06 	2 	0 
15500	 -1.00 	0 	147.06 	148.06 	3 	0 
15600	 140.67 	1 	143.22 	2.55 	3 	-3 
15700	 158.82 	0 	152.58 	6.24 	0 	6.24 
15800	 160.24 	0 	157.18 	3.06 	0 	3.06 
15900	 160.24 	0 	157.18 	3.06 	1 	3.06 
16000	 160.24 	0 	157.18 	3.06 	2 	3.06 
16100	 160.24 	0 	157.18 	3.06 	3 	3.06 
16200	 194.86 	0 	179.79 	15.07 	3 	15.07 
16300	 184.36 	1 	182.53 	1.83 	0 	-3 
16400	 184.36 	1 	182.53 	1.83 	1 	-3 
16500	 184.36 	1 	182.53 	1.83 	2 	-3 
16600	 184.36 	1 	182.53 	1.83 	3 	-3 
16700	 148.50 	0 	162.11 	13.61 	3 	13.61 
16800	 201.80 	0 	185.92 	15.88 	3 	15.88 
16900	 175.91 	0 	179.92 	4.01 	3 	4.01 
17000	 188.19 	0 	184.88 	3.31 	0 	3.31 
17100	 194.68 	0 	190.76 	3.92 	0 	3.92 
17200	 186.67 	1 	188.31 	1.64 	0 	-3 
17300	 186.67 	1 	188.31 	1.64 	1 	-3 
17400	 186.67 	1 	188.31 	1.64 	2 	-3 
17500	 202.51 	0 	196.83 	5.68 	0 	5.68 
17600	 222.45 	0 	212.20 	10.25 	0 	10.25 
17700	 209.72 	1 	210.71 	0.99 	0 	-3 
17800	 209.72 	1 	210.71 	0.99 	1 	-3 
17900	 209.72 	1 	210.71 	0.99 	2 	-3 
18000	 203.76 	1 	206.54 	2.78 	0 	-3 
18100	 217.64 	0 	213.20 	4.44 	0 	4.44 
18200	 217.64 	0 	213.20 	4.44 	1 	4.44 
18300	 217.64 	0 	213.20 	4.44 	2 	4.44 
18400	 219.42 	1 	216.93 	2.49 	0 	-3 
18500	 219.42 	1 	216.93 	2.49 	1 	-3 
18600	 219.42 	1 	216.93 	2.49 	2 	-3 
18700	 219.42 	1 	216.93 	2.49 	3 	-3 
18800	 204.03 	0 	209.19 	5.16 	0 	5.16 
18900	 204.03 	0 	209.19 	5.16 	1 	5.16 
19000	 209.99 	1 	209.67 	0.32 	0 	-3 
19100	 209.99 	1 	209.67 	0.32 	1 	-3 
19200	 209.99 	1 	209.67 	0.32 	2 	-3 
19300	 209.99 	1 	209.67 	0.32 	3 	-3 
19400	 130.79 	0 	162.34 	31.55 	3 	31.55 
19500	 127.94 	0 	141.70 	13.76 	0 	13.76 
19600	 127.94 	0 	141.70 	13.76 	1 	13.76 
19700	 127.94 	0 	141.70 	13.76 	2 	13.76 
19800	 126.34 	0 	132.48 	6.14 	0 	6.14 
19900	 121.36 	0 	125.81 	4.45 	0 	4.45 
20000	 123.76 	1 	124.58 	0.82 	0 	-3 
20100	 123.31 	1 	123.82 	0.51 	0 	-3 
20200	 123.31 	1 	123.82 	0.51 	1 	-3 
20300	 123.31 	1 	123.82 	0.51 	2 	-3 
20400	 123.31 	1 	123.82 	0.51 	3 	-3 
20500	 276.20 	0 	215.25 	60.95 	3 	60.95 
20600	 287.32 	0 	258.49 	28.83 	0 	28.83 
20700	 285.63 	0 	274.77 	10.86 	0 	10.86 
20800	 286.79 	0 	281.98 	4.81 	0 	4.81 
20900	 287.32 	1 	285.19 	2.13 	0 	-3 
21000	 277.26 	0 	280.43 	3.17 	0 	3.17 
21100	 277.26 	0 	280.43 	3.17 	1 	3.17 
21200	 286.16 	1 	283.87 	2.29 	0 	-3 
21300	 278.24 	1 	280.49 	2.25 	0 	-3 
21400	 278.24 	1 	280.49 	2.25 	1 	-3 
21500	 286.79 	1 	284.27 	2.52 	0 	-3 
21600	 288.92 	1 	287.06 	1.86 	0 	-3 
21700	 286.70 	1 	286.84 	0.14 	0 	-3 
21800	 286.61 	1 	286.70 	0.09 	0 	-3 
21900	 287.76 	1 	287.34 	0.42 	0 	-3 
22000	 287.76 	1 	287.59 	0.17 	0 	-3 
22100	 287.76 	1 	287.59 	0.17 	1 	-3 
22200	 287.76 	1 	287.59 	0.17 	2 	-3 
22300	 286.07 	1 	286.68 	0.61 	0 	-3 
22400	 286.07 	1 	286.68 	0.61 	1 	-3 
22500	 286.07 	1 	286.68 	0.61 	2 	-3 
22600	 286.07 	1 	286.68 	0.61 	3 	-3 
22700	 171.99 	0 	217.87 	45.88 	3 	45.88 
22800	 288.48 	0 	260.23 	28.25 	3 	28.25 
22900	 138.18 	0 	187.00 	48.82 	3 	48.82 
23000	 289.28 	0 	248.37 	40.91 	3 	40.91 
23100	 287.85 	0 	272.06 	15.79 	0 	15.79 
23200	 287.85 	0 	281.53 	6.32 	0 	6.32 
23300	 287.85 	0 	281.53 	6.32 	1 	6.32 
23400	 276.64 	1 	278.60 	1.96 	0 	-3 
23500	 276.64 	1 	278.60 	1.96 	1 	-3 
23600	 286.70 	0 	283.46 	3.24 	0 	3.24 
23700	 286.16 	1 	285.08 	1.08 	0 	-3 
23800	 286.16 	1 	285.08 	1.08 	1 	-3 
23900	 286.16 	1 	285.08 	1.08 	2 	-3 
24000	 286.16 	1 	285.08 	1.08 	3 	-3 
24100	 172.61 	0 	217.60 	44.99 	3 	44.99 
24200	 164.43 	0 	185.70 	21.27 	0 	21.27 
24300	 164.43 	0 	185.70 	21.27 	1 	21.27 
24400	 164.43 	0 	185.70 	21.27 	2 	21.27 
24500	 164.43 	0 	185.70 	21.27 	3 	21.27 
24600	 133.01 	0 	154.08 	21.07 	3 	21.07 
24700	 136.75 	0 	143.68 	6.93 	0 	6.93 
24800	 138.26 	1 	140.43 	2.17 	0 	-3 
24900	 122.78 	0 	129.84 	7.06 	0 	7.06 
25000	 126.52 	1 	127.85 	1.33 	0 	-3 
25100	 126.52 	1 	127.05 	0.53 	0 	-3 
25200	 135.68 	0 	132.23 	3.45 	0 	3.45 
25300	 135.68 	0 	132.23 	3.45 	1 	3.45 
25400	 138.71 	1 	136.12 	2.59 	0 	-3 
25500	 147.96 	0 	143.22 	4.74 	0 	4.74 
25600	 152.77 	0 	148.95 	3.82 	0 	3.82 
25700	 152.77 	0 	148.95 	3.82 	1 	3.82 
25800	 152.77 	0 	148.95 	3.82 	2 	3.82 
25900	 152.77 	0 	148.95 	3.82 	3 	3.82 
26000	 288.48 	0 	232.67 	55.81 	3 	55.81 
26100	 287.68 	0 	265.68 	22.00 	0 	22.00 
26200	 287.68 	0 	278.88 	8.80 	0 	8.80 
26300	 288.39 	0 	284.59 	3.80 	0 	3.80 
26400	 288.39 	0 	284.59 	3.80 	1 	3.80 
26500	 288.39 	0 	284.59 	3.80 	2 	3.80 
26600	 286.70 	1 	285.85 	0.85 	0 	-3 
26700	 286.70 	1 	285.85 	0.85 	1 	-3 
26800	 287.94 	1 	287.11 	0.83 	0 	-3 
26900	 287.94 	1 	287.11 	0.83 	1 	-3 
27000	 287.23 	1 	287.18 	0.05 	0 	-3 
27100	 287.23 	1 	287.18 	0.05 	1 	-3 
27200	 288.12 	1 	287.74 	0.38 	0 	-3 
27300	 288.12 	1 	287.74 	0.38 	1 	-3 
27400	 288.12 	1 	287.74 	0.38 	2 	-3 
27500	 288.74 	1 	288.34 	0.40 	0 	-3 
27600	 290.43 	1 	289.59 	0.84 	0 	-3 
27700	 286.70 	1 	287.86 	1.16 	0 	-3 
27800	 287.59 	1 	287.70 	0.11 	0 	-3 
27900	 289.10 	1 	288.54 	0.56 	0 	-3 
28000	 -1.00 	0 	288.54 	289.54 	0 	0 
28100	 -1.00 	0 	288.54 	289.54 	0 	0 
28200	 -1.00 	0 	288.54 	289.54 	1 	0 
28300	 -1.00 	0 	288.54 	289.54 	2 	0 
28400	 -1.00 	0 	288.54 	289.54 	3 	0 
28500	 89.94 	0 	169.38 	79.44 	3 	79.44 
28600	 286.70 	0 	239.77 	46.93 	3 	46.93 
28700	 287.32 	0 	268.30 	19.02 	0 	19.02 
28800	 286.16 	0 	279.02 	7.14 	0 	7.14 
28900	 289.01 	0 	285.01 	4.00 	0 	4.00 
29000	 286.16 	1 	285.70 	0.46 	0 	-3 
29100	 288.12 	1 	287.15 	0.97 	0 	-3 
29200	 288.12 	1 	287.15 	0.97 	1 	-3 
29300	 288.74 	1 	288.10 	0.64 	0 	-3 
29400	 289.01 	1 	288.65 	0.36 	0 	-3 
29500	 -1.00 	0 	288.65 	289.65 	0 	0 
29600	 -1.00 	0 	288.65 	289.65 	0 	0 
29700	 -1.00 	0 	288.65 	289.65 	1 	0 
29800	 -1.00 	0 	288.65 	289.65 	2 	0 
29900	 -1.00 	0 	288.65 	289.65 	3 	0 
30000	 286.79 	1 	287.53 	0.74 	3 	-3 
30100	 287.23 	1 	287.35 	0.12 	0 	-3 
