#Time(ms)	 Value 	 Validity 	 avgValue 	 Diff 	 Outliers 	 invalidReason	 SD 
200	 130.26 	0 	65.13 	65.13 	0 	65.13	 13.03	 91.18 
300	 142.45 	0 	103.79 	38.66 	0 	38.66	 12.94	 127.07 
400	 145.92 	1 	124.85 	21.06 	0 	-3	 12.00	 140.26 
500	 142.00 	1 	133.43 	8.57 	0 	-3	 11.19	 141.48 
600	 149.74 	1 	141.58 	8.16 	0 	-3	 10.84	 147.26 
700	 145.83 	1 	143.71 	2.12 	0 	-3	 10.15	 146.26 
800	 144.49 	1 	144.10 	0.39 	0 	-3	 9.27	 145.02 
900	 141.47 	1 	142.78 	1.31 	0 	-3	 8.64	 142.54 
1000	 139.24 	1 	141.01 	1.77 	0 	-3	 8.00	 140.23 
1100	 144.23 	1 	142.62 	1.61 	0 	-3	 7.70	 143.03 
1200	 140.49 	1 	141.56 	1.07 	0 	-3	 7.31	 141.25 
1300	 148.32 	1 	144.94 	3.38 	0 	-3	 7.36	 146.20 
1400	 145.47 	1 	145.20 	0.27 	0 	-3	 6.91	 145.69 
1500	 149.74 	1 	147.47 	2.27 	0 	-3	 6.64	 148.52 
1600	 158.29 	1 	152.88 	5.41 	0 	-3	 6.83	 155.36 
1700	 155.35 	1 	154.12 	1.23 	0 	-3	 6.44	 155.35 
1800	 155.62 	1 	154.87 	0.75 	0 	-3	 5.83	 155.54 
1900	 157.40 	1 	156.13 	1.27 	0 	-3	 5.42	 156.84 
2000	 157.31 	1 	156.72 	0.59 	0 	-3	 4.89	 157.17 
2100	 147.61 	1 	152.17 	4.56 	0 	-3	 5.37	 150.48 
2200	 166.56 	1 	159.36 	7.20 	0 	-3	 6.73	 161.74 
2300	 160.33 	1 	159.85 	0.48 	0 	-3	 6.68	 160.75 
2400	 142.27 	1 	151.06 	8.79 	0 	-3	 7.82	 147.81 
2500	 153.84 	1 	152.45 	1.39 	0 	-3	 8.19	 152.03 
2600	 53.73 	0 	103.09 	49.36 	0 	49.36	 17.38	 83.22 
2700	 99.64 	1 	101.36 	1.72 	0 	-3	 20.24	 94.71 
2800	 87.36 	1 	94.36 	7.00 	0 	-3	 19.44	 89.57 
2900	 86.92 	1 	90.64 	3.72 	0 	-3	 17.54	 87.71 
3000	 140.58 	0 	115.61 	24.97 	0 	24.97	 21.15	 124.72 
3100	 81.22 	1 	98.42 	17.20 	0 	-3	 24.97	 94.27 
3200	 158.91 	0 	128.66 	30.25 	0 	30.25	 30.24	 139.52 
3300	 72.15 	0 	100.41 	28.26 	0 	28.26	 35.90	 92.36 
3400	 143.60 	1 	122.00 	21.60 	0 	-3	 39.45	 128.23 
3500	 64.58 	0 	93.29 	28.71 	0 	28.71	 43.41	 83.67 
3600	 163.80 	0 	128.55 	35.25 	0 	35.25	 48.99	 139.76 
3700	 86.03 	1 	107.29 	21.26 	0 	-3	 51.87	 102.15 
3800	 133.90 	1 	120.59 	13.31 	0 	-3	 51.47	 124.37 
3900	 136.04 	1 	128.32 	7.72 	0 	-3	 46.54	 132.54 
4000	 150.99 	1 	139.65 	11.34 	0 	-3	 43.38	 145.46 
4100	 91.72 	0 	115.69 	23.97 	0 	23.97	 44.97	 107.84 
4200	 143.87 	1 	129.78 	14.09 	0 	-3	 45.68	 133.06 
4300	 154.46 	1 	142.12 	12.34 	0 	-3	 42.17	 148.04 
4400	 71.43 	0 	106.77 	35.34 	0 	35.34	 46.26	 94.41 
4500	 157.58 	1 	132.18 	25.40 	0 	-3	 50.25	 138.63 
4600	 158.91 	1 	145.54 	13.37 	0 	-3	 45.36	 152.83 
4700	 85.76 	0 	115.65 	29.89 	0 	29.89	 48.14	 105.88 
4800	 211.77 	0 	163.71 	48.06 	0 	48.06	 55.92	 180.00 
4900	 176.62 	1 	170.17 	6.45 	0 	-3	 53.85	 177.63 
5000	 150.01 	1 	160.09 	10.08 	0 	-3	 51.12	 158.30 
5100	 74.28 	0 	117.18 	42.90 	0 	42.90	 53.58	 99.49 
5200	 77.22 	0 	97.20 	19.98 	0 	19.98	 48.52	 83.90 
5300	 70.90 	1 	84.05 	13.15 	0 	-3	 44.30	 74.80 
5400	 148.85 	0 	116.45 	32.40 	0 	32.40	 47.66	 126.63 
5500	 145.56 	1 	131.01 	14.55 	0 	-3	 43.23	 139.88 
5600	 122.07 	1 	126.54 	4.47 	0 	-3	 41.25	 127.41 
5700	 185.96 	1 	156.25 	29.71 	0 	-3	 43.52	 168.40 
5800	 89.23 	0 	122.74 	33.51 	0 	33.51	 48.84	 112.98 
5900	 60.31 	0 	91.52 	31.21 	0 	31.21	 46.85	 76.11 
6000	 79.09 	1 	85.31 	6.22 	0 	-3	 44.04	 78.20 
6100	 81.94 	1 	83.62 	1.68 	0 	-3	 39.92	 80.82 
6200	 154.10 	0 	118.86 	35.24 	0 	35.24	 43.14	 132.12 
6300	 85.94 	1 	102.40 	16.46 	0 	-3	 45.65	 99.79 
6400	 146.81 	1 	124.61 	22.20 	0 	-3	 47.17	 132.70 
6500	 147.07 	1 	135.84 	11.23 	0 	-3	 42.48	 142.76 
6600	 160.33 	1 	148.08 	12.25 	0 	-3	 39.56	 155.06 
6700	 97.33 	0 	122.71 	25.38 	0 	25.38	 41.90	 114.65 
6800	 179.29 	1 	151.00 	28.29 	0 	-3	 45.91	 159.90 
6900	 115.84 	1 	133.42 	17.58 	0 	-3	 47.66	 129.06 
7000	 165.50 	1 	149.46 	16.04 	0 	-3	 47.86	 154.57 
7100	 76.24 	0 	112.85 	36.61 	0 	36.61	 52.00	 99.74 
7200	 166.65 	1 	139.75 	26.90 	0 	-3	 55.84	 146.58 
7300	 91.99 	0 	115.87 	23.88 	0 	23.88	 57.72	 108.37 
7400	 53.99 	0 	84.93 	30.94 	0 	30.94	 55.75	 70.30 
7500	 160.42 	0 	122.67 	37.75 	0 	37.75	 60.82	 133.38 
7600	 186.23 	0 	154.45 	31.78 	0 	31.78	 57.32	 170.38 
7700	 86.74 	0 	120.60 	33.86 	0 	33.86	 61.54	 111.83 
7800	 140.31 	1 	130.45 	9.86 	0 	-3	 60.74	 131.77 
7900	 142.54 	1 	136.50 	6.04 	0 	-3	 54.89	 139.31 
8000	 139.24 	1 	137.87 	1.37 	0 	-3	 49.73	 139.26 
8100	 142.71 	1 	140.29 	2.42 	0 	-3	 45.10	 141.68 
8200	 148.68 	1 	144.48 	4.20 	0 	-3	 41.19	 146.58 
8300	 148.77 	1 	146.63 	2.14 	0 	-3	 37.08	 148.11 
8400	 160.96 	1 	153.79 	7.17 	0 	-3	 34.59	 157.11 
8500	 99.02 	0 	126.41 	27.39 	0 	27.39	 37.33	 116.45 
8600	 166.56 	1 	146.48 	20.08 	0 	-3	 40.35	 151.53 
8700	 180.27 	1 	163.38 	16.89 	0 	-3	 37.68	 171.65 
8800	 167.99 	1 	165.68 	2.31 	0 	-3	 35.14	 169.09 
8900	 91.72 	0 	128.70 	36.98 	0 	36.98	 39.26	 114.93 
9000	 115.31 	1 	122.01 	6.70 	0 	-3	 37.69	 115.20 
9100	 90.83 	1 	106.42 	15.59 	0 	-3	 36.37	 98.14 
9200	 139.78 	1 	123.10 	16.68 	0 	-3	 37.63	 127.29 
9300	 136.75 	1 	129.92 	6.83 	0 	-3	 34.17	 133.91 
9400	 135.33 	1 	132.63 	2.70 	0 	-3	 30.89	 134.90 
9500	 136.57 	1 	134.60 	1.97 	0 	-3	 27.93	 136.07 
9600	 137.55 	1 	136.07 	1.48 	0 	-3	 25.23	 137.11 
9700	 136.75 	1 	136.41 	0.34 	0 	-3	 22.79	 136.86 
9800	 138.89 	1 	137.65 	1.24 	0 	-3	 20.72	 138.28 
9900	 137.02 	1 	137.34 	0.32 	0 	-3	 18.84	 137.40 
10000	 137.82 	1 	137.58 	0.24 	0 	-3	 17.03	 137.69 
10100	 134.26 	1 	135.92 	1.66 	0 	-3	 15.69	 135.29 
