#Time(ms)	 Value 	 Validity 	 avgValue 	 Diff 	 Outliers 	 invalidReason	 SD 
200	 10.03 	0 	5.01 	5.01 	0 	5.01	 1.00	 7.02 
300	 10.48 	0 	7.75 	2.73 	0 	2.73	 0.95	 9.44 
400	 10.30 	1 	9.02 	1.28 	0 	-3	 0.87	 10.04 
500	 8.52 	1 	8.77 	0.25 	0 	-3	 0.96	 8.98 
600	 10.30 	1 	9.54 	0.76 	0 	-3	 1.04	 9.90 
700	 10.30 	1 	9.92 	0.38 	0 	-3	 0.94	 10.18 
800	 8.70 	1 	9.31 	0.61 	0 	-3	 1.01	 9.14 
900	 8.70 	1 	9.00 	0.30 	0 	-3	 0.90	 8.83 
1000	 10.92 	1 	9.96 	0.96 	0 	-3	 1.04	 10.29 
1100	 8.61 	1 	9.29 	0.68 	0 	-3	 1.16	 9.12 
1200	 10.30 	1 	9.79 	0.51 	0 	-3	 1.22	 9.94 
1300	 11.10 	1 	10.45 	0.65 	0 	-3	 1.17	 10.75 
1400	 8.52 	1 	9.48 	0.96 	0 	-3	 1.32	 9.19 
1500	 10.30 	1 	9.89 	0.41 	0 	-3	 1.36	 9.97 
1600	 8.61 	1 	9.25 	0.64 	0 	-3	 1.39	 9.02 
1700	 10.39 	1 	9.82 	0.57 	0 	-3	 1.43	 9.98 
1800	 8.61 	1 	9.22 	0.61 	0 	-3	 1.47	 9.02 
1900	 9.32 	1 	9.27 	0.05 	0 	-3	 1.39	 9.23 
2000	 10.57 	1 	9.92 	0.65 	0 	-3	 1.38	 10.17 
2100	 11.37 	1 	10.64 	0.73 	0 	-3	 1.32	 11.01 
2200	 11.64 	1 	11.14 	0.50 	0 	-3	 1.22	 11.45 
2300	 16.00 	1 	13.57 	2.43 	0 	-3	 1.53	 14.64 
2400	 23.11 	0 	18.34 	4.77 	0 	4.77	 2.09	 20.57 
2500	 30.95 	0 	24.65 	6.30 	0 	6.30	 2.66	 27.84 
2600	 37.80 	0 	31.22 	6.58 	0 	6.58	 3.08	 34.81 
2700	 51.95 	0 	41.59 	10.36 	0 	10.36	 4.19	 46.81 
2800	 55.15 	1 	48.37 	6.78 	0 	-3	 4.09	 52.65 
2900	 59.33 	1 	53.85 	5.48 	0 	-3	 4.10	 57.33 
3000	 60.76 	1 	57.30 	3.46 	0 	-3	 3.83	 59.73 
3100	 66.10 	1 	61.70 	4.40 	0 	-3	 3.98	 64.19 
3200	 65.83 	1 	63.77 	2.06 	0 	-3	 3.61	 65.34 
3300	 70.46 	1 	67.11 	3.35 	0 	-3	 3.71	 68.92 
3400	 72.24 	1 	69.68 	2.56 	0 	-3	 3.52	 71.24 
3500	 74.28 	1 	71.98 	2.30 	0 	-3	 3.37	 73.37 
3600	 87.90 	1 	79.94 	7.96 	0 	-3	 4.40	 83.54 
3700	 77.49 	1 	78.71 	1.22 	0 	-3	 5.00	 79.31 
3800	 78.38 	1 	78.55 	0.17 	0 	-3	 4.59	 78.66 
3900	 80.60 	1 	79.57 	1.03 	0 	-3	 4.35	 80.02 
4000	 87.01 	1 	83.29 	3.72 	0 	-3	 4.56	 84.91 
4100	 83.80 	1 	83.55 	0.25 	0 	-3	 4.42	 84.13 
4200	 85.67 	1 	84.61 	1.06 	0 	-3	 4.17	 85.21 
4300	 83.80 	1 	84.20 	0.40 	0 	-3	 3.94	 84.22 
4400	 85.58 	1 	84.89 	0.69 	0 	-3	 3.72	 85.17 
4500	 83.27 	1 	84.08 	0.81 	0 	-3	 3.58	 83.84 
4600	 82.38 	1 	83.23 	0.85 	0 	-3	 3.31	 82.82 
4700	 79.27 	1 	81.25 	1.98 	0 	-3	 3.29	 80.33 
4800	 73.57 	1 	77.41 	3.84 	0 	-3	 3.53	 75.60 
4900	 71.08 	1 	74.25 	3.17 	0 	-3	 3.43	 72.44 
5000	 69.21 	1 	71.73 	2.52 	0 	-3	 3.27	 70.18 
5100	 68.77 	1 	70.25 	1.48 	0 	-3	 2.99	 69.19 
5200	 62.54 	1 	66.39 	3.85 	0 	-3	 3.31	 64.54 
5300	 63.60 	1 	65.00 	1.40 	0 	-3	 3.09	 63.88 
5400	 61.65 	1 	63.32 	1.67 	0 	-3	 2.97	 62.32 
5500	 64.40 	1 	63.86 	0.54 	0 	-3	 2.95	 63.78 
5600	 65.92 	1 	64.89 	1.03 	0 	-3	 2.81	 65.28 
5700	 68.14 	1 	66.52 	1.62 	0 	-3	 2.75	 67.28 
5800	 70.90 	1 	68.71 	2.19 	0 	-3	 2.75	 69.81 
5900	 71.43 	1 	70.07 	1.36 	0 	-3	 2.53	 70.95 
6000	 73.39 	1 	71.73 	1.66 	0 	-3	 2.47	 72.66 
6100	 75.71 	1 	73.72 	1.99 	0 	-3	 2.46	 74.79 
6200	 76.69 	1 	75.20 	1.49 	0 	-3	 2.31	 76.12 
6300	 80.51 	1 	77.86 	2.65 	0 	-3	 2.46	 79.19 
6400	 86.74 	1 	82.30 	4.44 	0 	-3	 2.84	 84.48 
6500	 85.41 	1 	83.85 	1.56 	0 	-3	 2.69	 85.13 
6600	 86.12 	1 	84.99 	1.13 	0 	-3	 2.49	 85.82 
6700	 -1.00 	0 	84.99 	85.99 	0 	0	 2.49	 85.82 
6800	 91.55 	1 	88.27 	3.28 	0 	-3	 11.49	 89.83 
6900	 92.61 	1 	90.44 	2.17 	0 	-3	 10.45	 91.78 
7000	 93.06 	1 	91.75 	1.31 	0 	-3	 9.45	 92.67 
7100	 93.33 	1 	92.54 	0.79 	0 	-3	 8.53	 93.13 
7200	 90.48 	1 	91.51 	1.03 	0 	-3	 7.96	 91.28 
7300	 86.65 	1 	89.08 	2.43 	0 	-3	 7.55	 88.04 
7400	 81.67 	1 	85.37 	3.70 	0 	-3	 7.29	 83.58 
7500	 70.55 	1 	77.96 	7.41 	0 	-3	 7.68	 74.46 
7600	 60.04 	1 	69.00 	8.96 	0 	-3	 7.96	 64.37 
7700	 52.21 	1 	60.61 	8.40 	0 	-3	 7.95	 55.86 
7800	 42.07 	1 	51.34 	9.27 	0 	-3	 8.17	 46.21 
7900	 36.91 	1 	44.12 	7.21 	0 	-3	 7.87	 39.70 
8000	 34.24 	1 	39.18 	4.94 	0 	-3	 7.35	 35.88 
8100	 29.79 	1 	34.49 	4.70 	0 	-3	 7.06	 31.62 
8200	 24.72 	1 	29.60 	4.88 	0 	-3	 6.86	 26.79 
8300	 19.82 	1 	24.71 	4.89 	0 	-3	 6.66	 21.91 
8400	 13.50 	0 	19.11 	5.61 	0 	5.61	 6.63	 16.02 
8500	 11.81 	0 	15.46 	3.65 	0 	3.65	 6.13	 13.07 
8600	 13.86 	1 	14.66 	0.80 	0 	-3	 5.73	 13.62 
8700	 13.59 	1 	14.12 	0.53 	0 	-3	 5.18	 13.60 
8800	 10.92 	1 	12.52 	1.60 	0 	-3	 4.93	 11.72 
8900	 10.12 	1 	11.32 	1.20 	0 	-3	 4.52	 10.60 
9000	 10.03 	1 	10.68 	0.65 	0 	-3	 4.07	 10.20 
9100	 9.23 	1 	9.95 	0.72 	0 	-3	 3.75	 9.52 
9200	 8.43 	1 	9.19 	0.76 	0 	-3	 3.45	 8.76 
9300	 10.21 	1 	9.70 	0.51 	0 	-3	 3.28	 9.77 
9400	 8.52 	1 	9.11 	0.59 	0 	-3	 3.12	 8.90 
9500	 8.52 	1 	8.82 	0.30 	0 	-3	 2.81	 8.63 
9600	 8.43 	1 	8.62 	0.19 	0 	-3	 2.54	 8.49 
9700	 10.21 	1 	9.42 	0.79 	0 	-3	 2.46	 9.69 
9800	 10.30 	1 	9.86 	0.44 	0 	-3	 2.23	 10.12 
9900	 8.52 	1 	9.19 	0.67 	0 	-3	 2.18	 9.00 
10000	 10.21 	1 	9.70 	0.51 	0 	-3	 2.13	 9.85 
10100	 8.52 	1 	9.11 	0.59 	0 	-3	 2.09	 8.92 
