#Time(ms)	  xPos 	 yPos 	 zPos 	 xVal 	 yVal 	 zVal 	 State 	 oRoll 	 oPitch 	 oYaw 	 oThrottle 	 spX 	 spY 	 spZ 
200	 0.00	 0.00	 0.00	 0	 0	 0	 hover	 1500	 1500	 1500	 1000	 0.00	 0.00	 0.00
300	 0.00	 0.00	 0.00	 0	 0	 0	 hover	 1500	 1500	 1500	 1000	 0.00	 0.00	 0.00
400	 0.00	 0.00	 0.00	 1	 1	 1	 hover	 1500	 1500	 1500	 1000	 0.00	 0.00	 0.00
500	 0.86	 -2.53	 1.02	 1	 1	 1	 hover	 1505	 1501	 1500	 1012	 0.00	 0.00	 0.00
600	 7.24	 -7.33	 0.37	 1	 1	 1	 hover	 1514	 1514	 1500	 1006	 0.00	 0.00	 0.00
700	 7.55	 -4.22	 0.17	 1	 1	 1	 hover	 1508	 1515	 1500	 1004	 0.00	 0.00	 0.00
800	 5.17	 -5.30	 0.90	 1	 1	 1	 hover	 1510	 1510	 1500	 1013	 0.00	 0.00	 0.00
900	 2.66	 -7.59	 1.20	 1	 1	 1	 hover	 1515	 1505	 1500	 1019	 0.00	 0.00	 0.00
1000	 3.30	 -8.38	 -0.55	 1	 1	 1	 hover	 1516	 1506	 1500	 1000	 0.00	 0.00	 0.00
1100	 4.35	 -3.13	 0.22	 1	 1	 1	 hover	 1506	 1508	 1500	 1008	 0.00	 0.00	 0.00
1200	 10.20	 -5.78	 0.10	 1	 1	 1	 hover	 1511	 1520	 1500	 1007	 0.00	 0.00	 0.00
1300	 23.09	 -8.46	 -0.69	 1	 1	 1	 hover	 1516	 1546	 1500	 998	 0.00	 0.00	 0.00
1400	 27.87	 -4.81	 0.07	 1	 1	 1	 hover	 1509	 1555	 1500	 1006	 0.00	 0.00	 0.00
1500	 16.79	 -5.59	 -1.13	 1	 1	 1	 hover	 1511	 1533	 1500	 992	 0.00	 0.00	 0.00
1600	 15.10	 -6.97	 1.03	 1	 1	 1	 hover	 1513	 1530	 1500	 1015	 0.00	 0.00	 0.00
1700	 15.09	 -4.89	 0.09	 1	 1	 1	 hover	 1509	 1530	 1500	 1006	 0.00	 0.00	 0.00
1800	 15.28	 -7.28	 1.51	 1	 1	 1	 hover	 1514	 1530	 1500	 1023	 0.00	 0.00	 0.00
1900	 16.46	 -3.94	 1.47	 1	 1	 1	 hover	 1507	 1532	 1500	 1026	 0.00	 0.00	 0.00
2000	 18.07	 6.65	 -0.13	 1	 1	 1	 hover	 1486	 1536	 1500	 1010	 0.00	 0.00	 0.00
2100	 12.83	 2.18	 -0.95	 1	 1	 1	 hover	 1495	 1525	 1500	 999	 0.00	 0.00	 0.00
2200	 26.56	 -9.34	 -2.07	 1	 1	 1	 hover	 1518	 1553	 1500	 984	 0.00	 0.00	 0.00
2300	 24.74	 -10.37	 -5.61	 1	 1	 1	 hover	 1520	 1549	 1500	 937	 0.00	 0.00	 0.00
2400	 16.13	 -11.82	 -5.61	 1	 1	 0	 hover	 1523	 1532	 1500	 937	 0.00	 0.00	 0.00
2500	 20.79	 -4.38	 -5.61	 1	 1	 1	 hover	 1508	 1541	 1500	 926	 0.00	 0.00	 0.00
2600	 37.18	 -12.73	 -28.06	 1	 1	 1	 hover	 1525	 1574	 1500	 646	 0.00	 0.00	 0.00
2700	 39.95	 1.88	 -48.43	 1	 1	 1	 hover	 1496	 1579	 1500	 345	 0.00	 0.00	 0.00
2800	 32.03	 -11.28	 -47.63	 1	 1	 1	 hover	 1522	 1564	 1500	 258	 0.00	 0.00	 0.00
2900	 30.18	 -20.55	 -52.17	 1	 1	 1	 hover	 1541	 1560	 1500	 108	 0.00	 0.00	 0.00
3000	 30.18	 -16.51	 -53.92	 0	 1	 1	 hover	 1533	 1500	 1500	 -16	 0.00	 0.00	 0.00
3100	 30.18	 -16.06	 -57.38	 1	 1	 1	 hover	 1532	 1560	 1500	 -166	 0.00	 0.00	 0.00
3200	 29.71	 -15.40	 -60.36	 1	 1	 1	 hover	 1530	 1559	 1500	 -316	 0.00	 0.00	 0.00
3300	 34.99	 -16.43	 -61.67	 1	 1	 1	 hover	 1532	 1569	 1500	 -453	 0.00	 0.00	 0.00
3400	 23.28	 -15.79	 -65.67	 1	 1	 1	 hover	 1531	 1546	 1500	 -624	 0.00	 0.00	 0.00
3500	 23.28	 -16.26	 -65.65	 0	 1	 1	 hover	 1532	 1500	 1500	 -755	 0.00	 0.00	 0.00
3600	 23.28	 -34.95	 -73.23	 0	 1	 1	 hover	 1569	 1500	 1500	 -977	 0.00	 0.00	 0.00
3700	 23.28	 -33.92	 -69.63	 1	 1	 1	 hover	 1567	 1546	 1500	 -1081	 0.00	 0.00	 0.00
3800	 32.75	 -38.36	 -69.48	 1	 1	 1	 hover	 1576	 1565	 1500	 -1218	 0.00	 0.00	 0.00
3900	 22.32	 -38.94	 -72.21	 1	 1	 1	 hover	 1577	 1544	 1500	 -1390	 0.00	 0.00	 0.00
4000	 28.62	 -54.16	 -71.13	 1	 1	 1	 hover	 1608	 1557	 1500	 -1521	 0.00	 0.00	 0.00
4100	 -20.91	 -58.63	 -74.73	 1	 1	 1	 hover	 1617	 1458	 1500	 -1707	 0.00	 0.00	 0.00
4200	 -14.25	 -54.59	 -77.02	 1	 1	 1	 hover	 1609	 1471	 1500	 -1884	 0.00	 0.00	 0.00
4300	 -10.34	 -62.39	 -80.01	 1	 1	 1	 hover	 1624	 1479	 1500	 -2074	 0.00	 0.00	 0.00
4400	 -10.34	 -58.67	 -80.88	 0	 1	 1	 hover	 1617	 1500	 1500	 -2244	 0.00	 0.00	 0.00
4500	 -10.34	 -56.72	 -81.59	 1	 1	 1	 hover	 1613	 1479	 1500	 -2414	 0.00	 0.00	 0.00
4600	 -4.38	 -38.88	 -81.16	 1	 1	 1	 hover	 1577	 1491	 1500	 -2572	 0.00	 0.00	 0.00
4700	 -4.38	 -52.06	 -80.30	 0	 1	 1	 hover	 1604	 1500	 1500	 -2724	 0.00	 0.00	 0.00
4800	 -4.38	 -47.57	 -76.43	 0	 1	 1	 hover	 1595	 1500	 1500	 -2839	 0.00	 0.00	 0.00
4900	 -4.38	 -41.06	 -74.68	 1	 1	 1	 hover	 1582	 1491	 1500	 -2970	 0.00	 0.00	 0.00
5000	 -23.72	 -41.61	 -71.93	 1	 1	 1	 hover	 1583	 1452	 1500	 -3087	 0.00	 0.00	 0.00
5100	 -23.72	 -49.79	 -71.39	 1	 1	 1	 hover	 1599	 1452	 1500	 -3224	 0.00	 0.00	 0.00
5200	 -34.12	 -45.16	 -67.99	 1	 1	 1	 hover	 1590	 1431	 1500	 -3326	 0.00	 0.00	 0.00
5300	 -34.12	 -48.32	 -67.70	 1	 1	 1	 hover	 1596	 1431	 1500	 -3459	 0.00	 0.00	 0.00
5400	 -34.12	 -57.11	 -66.09	 0	 1	 1	 hover	 1614	 1500	 1500	 -3575	 0.00	 0.00	 0.00
5500	 -34.12	 -55.19	 -67.65	 1	 1	 1	 hover	 1610	 1431	 1500	 -3726	 0.00	 0.00	 0.00
5600	 -50.50	 -64.18	 -70.52	 1	 1	 1	 hover	 1628	 1398	 1500	 -3895	 0.00	 0.00	 0.00
5700	 -32.58	 -61.90	 -70.37	 1	 1	 1	 hover	 1623	 1434	 1500	 -4035	 0.00	 0.00	 0.00
5800	 -32.58	 -56.07	 -71.23	 0	 1	 1	 hover	 1612	 1500	 1500	 -4186	 0.00	 0.00	 0.00
5900	 -32.58	 -58.74	 -71.97	 1	 1	 1	 hover	 1617	 1434	 1500	 -4337	 0.00	 0.00	 0.00
6000	 -32.58	 -61.72	 -74.87	 1	 1	 1	 hover	 1623	 1434	 1500	 -4516	 0.00	 0.00	 0.00
6100	 -31.34	 -51.97	 -77.81	 1	 1	 1	 hover	 1603	 1437	 1500	 -4701	 0.00	 0.00	 0.00
6200	 -18.23	 -52.55	 -78.63	 1	 1	 1	 hover	 1605	 1463	 1500	 -4866	 0.00	 0.00	 0.00
6300	 -18.23	 -55.35	 -82.60	 1	 1	 1	 hover	 1610	 1463	 1500	 -5071	 0.00	 0.00	 0.00
6400	 14.68	 -42.86	 -83.56	 1	 1	 1	 hover	 1585	 1529	 1500	 -5248	 0.00	 0.00	 0.00
6500	 24.74	 -43.37	 -85.33	 1	 1	 1	 hover	 1586	 1549	 1500	 -5436	 0.00	 0.00	 0.00
6600	 37.04	 -47.79	 -86.97	 1	 1	 1	 hover	 1595	 1574	 1500	 -5626	 0.00	 0.00	 0.00
6700	 37.04	 -56.98	 -123.43	 1	 1	 1	 hover	 1613	 1574	 1500	 -6126	 0.00	 0.00	 0.00
6800	 35.18	 -58.84	 -124.36	 1	 1	 1	 hover	 1617	 1570	 1500	 -6384	 0.00	 0.00	 0.00
6900	 10.60	 -49.63	 -125.84	 1	 1	 1	 hover	 1599	 1521	 1500	 -6651	 0.00	 0.00	 0.00
7000	 31.71	 -45.50	 -126.54	 1	 1	 1	 hover	 1590	 1563	 1500	 -6911	 0.00	 0.00	 0.00
7100	 31.71	 -54.65	 -124.91	 0	 1	 1	 hover	 1609	 1500	 1500	 -7145	 0.00	 0.00	 0.00
7200	 31.71	 -49.38	 -119.70	 1	 1	 1	 hover	 1598	 1563	 1500	 -7332	 0.00	 0.00	 0.00
7300	 31.71	 -46.80	 -110.22	 0	 1	 1	 hover	 1593	 1500	 1500	 -7457	 0.00	 0.00	 0.00
7400	 31.71	 -49.83	 -95.28	 0	 1	 1	 hover	 1599	 1500	 1500	 -7499	 0.00	 0.00	 0.00
7500	 31.71	 -51.60	 -108.06	 0	 1	 1	 hover	 1603	 1500	 1500	 -7843	 0.00	 0.00	 0.00
7600	 31.71	 -52.09	 -100.54	 1	 1	 1	 hover	 1604	 1563	 1500	 -7968	 0.00	 0.00	 0.00
7700	 75.05	 -54.30	 -89.46	 1	 1	 1	 hover	 1608	 1650	 1500	 -8037	 0.00	 0.00	 0.00
7800	 79.68	 -56.88	 -82.10	 1	 1	 1	 hover	 1613	 1659	 1500	 -8127	 0.00	 0.00	 0.00
7900	 82.59	 -50.57	 -74.28	 1	 1	 1	 hover	 1601	 1665	 1500	 -8198	 0.00	 0.00	 0.00
8000	 82.57	 -45.03	 -69.48	 1	 1	 1	 hover	 1590	 1665	 1500	 -8288	 0.00	 0.00	 0.00
8100	 103.40	 -44.09	 -65.96	 1	 1	 1	 hover	 1588	 1706	 1500	 -8385	 0.00	 0.00	 0.00
8200	 118.31	 -45.46	 -60.39	 1	 1	 1	 hover	 1590	 1736	 1500	 -8450	 0.00	 0.00	 0.00
8300	 117.32	 -51.27	 -56.27	 1	 1	 1	 hover	 1602	 1734	 1500	 -8522	 0.00	 0.00	 0.00
8400	 110.24	 -45.92	 -88.25	 1	 1	 1	 hover	 1591	 1720	 1500	 -9018	 0.00	 0.00	 0.00
8500	 97.08	 -41.52	 -88.25	 1	 1	 0	 hover	 1583	 1694	 1500	 -9018	 0.00	 0.00	 0.00
8600	 97.08	 -42.14	 -88.25	 1	 1	 1	 hover	 1584	 1694	 1500	 -9194	 0.00	 0.00	 0.00
8700	 117.20	 -40.41	 -88.23	 1	 1	 1	 hover	 1580	 1734	 1500	 -9371	 0.00	 0.00	 0.00
8800	 114.64	 -42.17	 -86.48	 1	 1	 1	 hover	 1584	 1729	 1500	 -9526	 0.00	 0.00	 0.00
8900	 114.64	 -42.36	 -85.23	 1	 1	 1	 hover	 1584	 1729	 1500	 -9684	 0.00	 0.00	 0.00
9000	 113.02	 -39.06	 -84.83	 1	 1	 1	 hover	 1578	 1726	 1500	 -9850	 0.00	 0.00	 0.00
9100	 85.90	 -40.81	 -84.17	 1	 1	 1	 hover	 1581	 1671	 1500	 -10012	 0.00	 0.00	 0.00
9200	 77.76	 -40.38	 -83.29	 1	 1	 1	 hover	 1580	 1655	 1500	 -10169	 0.00	 0.00	 0.00
9300	 111.70	 -40.57	 -84.16	 1	 1	 1	 hover	 1581	 1723	 1500	 -10346	 0.00	 0.00	 0.00
9400	 119.37	 -39.79	 -83.29	 1	 1	 1	 hover	 1579	 1738	 1500	 -10504	 0.00	 0.00	 0.00
9500	 120.72	 -39.74	 -83.09	 1	 1	 1	 hover	 1579	 1741	 1500	 -10668	 0.00	 0.00	 0.00
9600	 122.21	 -39.51	 -82.91	 1	 1	 1	 hover	 1579	 1744	 1500	 -10832	 0.00	 0.00	 0.00
9700	 123.95	 -39.36	 -84.04	 1	 1	 1	 hover	 1578	 1747	 1500	 -11012	 0.00	 0.00	 0.00
9800	 125.52	 -39.21	 -84.42	 1	 1	 1	 hover	 1578	 1751	 1500	 -11184	 0.00	 0.00	 0.00
9900	 122.81	 -38.86	 -83.34	 1	 1	 1	 hover	 1577	 1745	 1500	 -11340	 0.00	 0.00	 0.00
10000	 124.70	 -40.16	 -84.13	 1	 1	 1	 hover	 1580	 1749	 1500	 -11516	 0.00	 0.00	 0.00
10100	 121.61	 -40.36	 -83.27	 1	 1	 1	 hover	 1580	 1743	 1500	 -11674	 0.00	 0.00	 0.00
