#Time(ms)	 Value 	 Validity 	 avgValue 	 Diff 	 Outliers 	 invalidReason	 SD 
200	 -1.00 	0 	0.00 	1.00 	0 	0	 0.00	 0.00 
300	 285.01 	0 	142.50 	142.50 	0 	142.50	 28.60	 199.51 
400	 279.13 	0 	210.82 	68.31 	0 	68.31	 26.33	 255.24 
500	 246.83 	1 	228.82 	18.01 	0 	-3	 26.93	 249.35 
600	 238.20 	1 	233.51 	4.69 	0 	-3	 25.10	 241.55 
700	 236.95 	1 	235.23 	1.72 	0 	-3	 22.71	 238.33 
800	 245.32 	1 	240.28 	5.04 	0 	-3	 21.28	 243.22 
900	 246.92 	1 	243.60 	3.32 	0 	-3	 19.31	 245.81 
1000	 235.08 	1 	239.34 	4.26 	0 	-3	 18.56	 238.30 
1100	 242.74 	1 	241.04 	1.70 	0 	-3	 17.47	 241.41 
1200	 202.60 	1 	221.82 	19.22 	0 	-3	 19.74	 214.24 
1300	 157.04 	1 	189.43 	32.39 	0 	-3	 22.32	 174.20 
1400	 141.11 	1 	165.27 	24.16 	0 	-3	 21.68	 151.04 
1500	 217.64 	1 	191.45 	26.19 	0 	-3	 27.17	 197.66 
1600	 109.61 	0 	150.53 	40.92 	0 	40.92	 35.25	 136.02 
1700	 117.80 	1 	134.17 	16.37 	0 	-3	 32.55	 123.27 
1800	 283.40 	0 	208.78 	74.62 	0 	74.62	 45.85	 235.36 
1900	 159.71 	1 	184.25 	24.54 	0 	-3	 53.64	 182.41 
2000	 161.85 	1 	173.05 	11.20 	0 	-3	 48.49	 168.02 
2100	 161.67 	1 	167.36 	5.69 	0 	-3	 43.66	 163.57 
2200	 128.30 	1 	147.83 	19.53 	0 	-3	 42.63	 138.88 
2300	 150.63 	1 	149.23 	1.40 	0 	-3	 40.60	 147.11 
2400	 136.84 	1 	143.03 	6.19 	0 	-3	 37.92	 139.92 
2500	 138.71 	1 	140.87 	2.16 	0 	-3	 34.31	 139.07 
2600	 169.68 	1 	155.28 	14.40 	0 	-3	 33.98	 160.50 
2700	 150.19 	1 	152.73 	2.54 	0 	-3	 32.53	 153.28 
2800	 75.08 	0 	113.91 	38.83 	0 	38.83	 36.79	 98.54 
2900	 68.68 	0 	91.29 	22.61 	0 	22.61	 33.75	 77.64 
3000	 154.02 	0 	122.66 	31.36 	0 	31.36	 38.91	 131.11 
3100	 140.49 	1 	131.57 	8.92 	0 	-3	 36.37	 137.67 
3200	 138.35 	1 	134.96 	3.39 	0 	-3	 32.95	 138.15 
3300	 130.61 	1 	132.79 	2.18 	0 	-3	 30.43	 132.87 
3400	 162.56 	1 	147.67 	14.89 	0 	-3	 30.58	 153.65 
3500	 89.14 	0 	118.41 	29.27 	0 	29.27	 34.86	 108.49 
3600	 55.33 	0 	86.87 	31.54 	0 	31.54	 34.76	 71.28 
3700	 141.20 	0 	114.03 	27.17 	0 	27.17	 39.87	 120.22 
3800	 117.71 	1 	115.87 	1.84 	0 	-3	 38.23	 118.46 
3900	 156.69 	1 	136.28 	20.41 	0 	-3	 38.31	 145.22 
4000	 144.05 	1 	140.17 	3.88 	0 	-3	 35.74	 144.40 
4100	 170.48 	1 	155.32 	15.16 	0 	-3	 34.81	 162.66 
4200	 146.10 	1 	150.71 	4.61 	0 	-3	 33.77	 151.07 
4300	 157.22 	1 	153.97 	3.25 	0 	-3	 31.50	 155.37 
4400	 49.45 	0 	101.71 	52.26 	0 	52.26	 39.13	 81.23 
4500	 59.24 	0 	80.47 	21.23 	0 	21.23	 36.19	 65.84 
4600	 57.02 	1 	68.75 	11.73 	0 	-3	 32.80	 59.66 
4700	 161.31 	0 	115.03 	46.28 	0 	46.28	 39.95	 130.82 
4800	 193.17 	0 	154.10 	39.07 	0 	39.07	 39.14	 174.46 
4900	 166.56 	1 	160.33 	6.23 	0 	-3	 37.88	 168.93 
5000	 88.79 	0 	124.56 	35.77 	0 	35.77	 41.87	 112.83 
5100	 91.46 	1 	108.01 	16.55 	0 	-3	 37.95	 97.87 
5200	 112.73 	1 	110.37 	2.36 	0 	-3	 36.28	 108.27 
5300	 66.18 	0 	88.27 	22.09 	0 	22.09	 37.31	 78.81 
5400	 150.63 	0 	119.45 	31.18 	0 	31.18	 42.02	 129.08 
5500	 135.60 	1 	127.53 	8.07 	0 	-3	 39.33	 133.64 
5600	 162.20 	1 	144.86 	17.34 	0 	-3	 38.05	 153.63 
5700	 153.93 	1 	149.40 	4.53 	0 	-3	 35.07	 153.84 
5800	 83.63 	0 	116.51 	32.88 	0 	32.88	 38.60	 104.69 
5900	 83.36 	1 	99.94 	16.58 	0 	-3	 34.76	 89.76 
6000	 157.75 	0 	128.84 	28.91 	0 	28.91	 38.73	 137.35 
6100	 166.92 	1 	147.88 	19.04 	0 	-3	 35.77	 158.05 
6200	 137.55 	1 	142.72 	5.17 	0 	-3	 35.13	 143.70 
6300	 57.11 	0 	99.91 	42.80 	0 	42.80	 39.66	 83.09 
6400	 48.83 	0 	74.37 	25.54 	0 	25.54	 36.52	 59.11 
6500	 30.86 	0 	52.62 	21.76 	0 	21.76	 34.67	 39.33 
6600	 151.52 	0 	102.07 	49.45 	0 	49.45	 43.27	 117.86 
6700	 92.61 	1 	97.34 	4.73 	0 	-3	 44.83	 100.19 
6800	 105.25 	1 	101.29 	3.96 	0 	-3	 41.61	 103.73 
6900	 131.15 	1 	116.22 	14.93 	0 	-3	 40.04	 122.92 
7000	 178.04 	0 	147.13 	30.91 	0 	30.91	 40.73	 161.51 
7100	 47.41 	0 	97.27 	49.86 	0 	49.86	 49.72	 81.64 
7200	 56.13 	0 	76.70 	20.57 	0 	20.57	 45.62	 63.78 
7300	 139.87 	0 	108.29 	31.58 	0 	31.58	 49.43	 117.04 
7400	 41.09 	0 	74.69 	33.60 	0 	33.60	 54.36	 63.88 
7500	 193.53 	0 	134.11 	59.42 	0 	59.42	 64.17	 154.63 
7600	 185.52 	1 	159.81 	25.71 	0 	-3	 58.56	 176.25 
7700	 114.33 	1 	137.07 	22.74 	0 	-3	 59.82	 132.91 
7800	 120.38 	1 	128.73 	8.35 	0 	-3	 54.44	 124.14 
7900	 196.46 	0 	162.59 	33.87 	0 	33.87	 56.61	 174.76 
8000	 207.41 	1 	185.00 	22.41 	0 	-3	 52.04	 197.62 
8100	 136.40 	1 	160.70 	24.30 	0 	-3	 53.94	 154.76 
8200	 114.95 	1 	137.83 	22.88 	0 	-3	 50.69	 126.89 
8300	 131.15 	1 	134.49 	3.34 	0 	-3	 47.24	 129.87 
8400	 168.34 	1 	151.41 	16.93 	0 	-3	 46.23	 156.80 
8500	 194.42 	1 	172.92 	21.50 	0 	-3	 44.22	 183.13 
8600	 279.49 	0 	226.20 	53.29 	0 	53.29	 48.30	 250.58 
8700	 113.97 	0 	170.09 	56.12 	0 	56.12	 60.03	 154.95 
8800	 306.72 	0 	238.40 	68.32 	0 	68.32	 73.30	 261.19 
8900	 286.79 	1 	262.60 	24.19 	0 	-3	 67.96	 279.11 
9000	 285.18 	1 	273.89 	11.29 	0 	-3	 61.33	 283.36 
9100	 346.50 	1 	310.19 	36.31 	0 	-3	 61.33	 327.56 
9200	 428.99 	1 	369.59 	59.40 	0 	-3	 63.44	 398.56 
9300	 295.86 	1 	332.73 	36.87 	0 	-3	 70.41	 326.67 
9400	 295.86 	1 	314.29 	18.43 	0 	-3	 63.37	 305.10 
9500	 302.98 	1 	308.64 	5.66 	0 	-3	 57.74	 303.62 
9600	 300.22 	1 	304.43 	4.21 	0 	-3	 52.25	 301.24 
9700	 293.28 	1 	298.85 	5.57 	0 	-3	 47.72	 295.67 
9800	 292.66 	1 	295.76 	3.10 	0 	-3	 43.01	 293.56 
9900	 303.60 	1 	299.68 	3.92 	0 	-3	 39.80	 300.59 
10000	 293.90 	1 	296.79 	2.89 	0 	-3	 36.79	 295.91 
10100	 302.54 	1 	299.66 	2.88 	0 	-3	 33.97	 300.55 
