#Time(ms)	 Roll 	 Pitch 	 Yaw 	 gX 	 Gy 	 gZ 
200	 10.52	 51.99	 -143.79	 -14.00	 -39.00	 22.00
300	 10.42	 51.66	 -144.03	 3.00	 -27.00	 33.00
400	 10.42	 51.66	 -144.03	 3.00	 -27.00	 33.00
500	 9.41	 43.06	 -149.17	 -129.00	 -61.00	 34.00
600	 9.35	 42.75	 -149.31	 -91.00	 -31.00	 19.00
700	 9.35	 42.75	 -149.31	 -91.00	 -31.00	 19.00
800	 8.44	 35.39	 -152.48	 -48.00	 -42.00	 20.00
900	 8.43	 35.20	 -152.55	 13.00	 -26.00	 52.00
1000	 8.43	 35.20	 -152.55	 13.00	 -26.00	 52.00
1100	 7.68	 29.04	 -154.69	 -88.00	 -40.00	 72.00
1200	 7.65	 28.78	 -154.74	 8.00	 -35.00	 153.00
1300	 7.65	 28.78	 -154.74	 8.00	 -35.00	 153.00
1400	 7.09	 23.83	 -156.31	 -119.00	 -53.00	 96.00
1500	 7.10	 23.67	 -156.36	 -76.00	 -20.00	 -31.00
1600	 7.10	 23.67	 -156.36	 -76.00	 -20.00	 -31.00
1700	 6.78	 19.48	 -157.24	 67.00	 28.00	 -83.00
1800	 6.80	 19.37	 -157.27	 -130.00	 -55.00	 -49.00
1900	 6.80	 19.37	 -157.27	 -130.00	 -55.00	 -49.00
2000	 6.98	 15.87	 -156.51	 -171.00	 -143.00	 -112.00
2100	 7.03	 15.78	 -156.45	 95.00	 81.00	 -220.00
2200	 7.03	 15.78	 -156.45	 95.00	 81.00	 -220.00
2300	 7.24	 12.37	 -153.90	 25.00	 66.00	 -177.00
2400	 7.23	 12.25	 -153.82	 -110.00	 -25.00	 -51.00
2500	 7.23	 12.25	 -153.82	 -110.00	 -25.00	 -51.00
2600	 7.28	 10.76	 -151.67	 -106.00	 96.00	 -167.00
2700	 7.27	 10.66	 -151.62	 6.00	 -58.00	 -77.00
2800	 7.27	 10.66	 -151.62	 6.00	 -58.00	 -77.00
2900	 7.78	 9.42	 -149.98	 -11.00	 -48.00	 -128.00
3000	 7.78	 9.36	 -149.92	 9.00	 -128.00	 -72.00
3100	 7.78	 9.36	 -149.92	 9.00	 -128.00	 -72.00
3200	 7.70	 7.63	 -148.13	 -74.00	 -39.00	 -114.00
3300	 7.75	 7.59	 -148.06	 -124.00	 74.00	 -177.00
3400	 7.75	 7.59	 -148.06	 -124.00	 74.00	 -177.00
3500	 7.65	 6.39	 -146.08	 -94.00	 59.00	 -140.00
3600	 7.64	 6.37	 -146.02	 -160.00	 -60.00	 -128.00
3700	 7.64	 6.37	 -146.02	 -160.00	 -60.00	 -128.00
3800	 8.17	 5.75	 -143.91	 237.00	 -119.00	 -131.00
3900	 8.10	 5.73	 -143.83	 224.00	 -261.00	 -41.00
4000	 8.10	 5.73	 -143.83	 224.00	 -261.00	 -41.00
4100	 5.18	 4.02	 -141.66	 -74.00	 -156.00	 -59.00
4200	 5.23	 4.06	 -141.60	 -25.00	 -111.00	 -19.00
4300	 5.23	 4.06	 -141.60	 -25.00	 -111.00	 -19.00
4400	 4.95	 3.41	 -140.42	 -106.00	 88.00	 157.00
4500	 4.97	 3.47	 -140.44	 -152.00	 45.00	 299.00
4600	 4.97	 3.47	 -140.44	 -152.00	 45.00	 299.00
4700	 5.82	 4.34	 -144.76	 -21.00	 -37.00	 250.00
4800	 5.78	 4.32	 -144.99	 -34.00	 -93.00	 181.00
4900	 5.78	 4.32	 -144.99	 -34.00	 -93.00	 181.00
5000	 4.94	 3.14	 -149.17	 -110.00	 -60.00	 155.00
5100	 4.99	 3.11	 -149.25	 -158.00	 -30.00	 188.00
5200	 4.99	 3.11	 -149.25	 -158.00	 -30.00	 188.00
5300	 5.59	 2.75	 -152.39	 -35.00	 103.00	 153.00
5400	 5.58	 2.77	 -152.50	 10.00	 60.00	 127.00
5500	 5.58	 2.77	 -152.50	 10.00	 60.00	 127.00
5600	 5.78	 3.70	 -155.47	 -120.00	 10.00	 32.00
5700	 5.87	 3.72	 -155.54	 -207.00	 67.00	 -1.00
5800	 5.87	 3.72	 -155.54	 -207.00	 67.00	 -1.00
5900	 6.88	 4.07	 -156.50	 -101.00	 -63.00	 42.00
6000	 6.96	 4.06	 -156.52	 -134.00	 -27.00	 50.00
6100	 6.96	 4.06	 -156.52	 -134.00	 -27.00	 50.00
6200	 7.13	 3.62	 -157.47	 -100.00	 -80.00	 66.00
6300	 7.17	 3.61	 -157.51	 -54.00	 -101.00	 136.00
6400	 7.17	 3.61	 -157.51	 -54.00	 -101.00	 136.00
6500	 7.21	 3.43	 -158.78	 -92.00	 6.00	 18.00
6600	 7.16	 3.43	 -158.81	 -75.00	 -55.00	 9.00
6700	 7.16	 3.43	 -158.81	 -75.00	 -55.00	 9.00
6800	 7.59	 3.00	 -159.31	 -185.00	 -80.00	 7.00
6900	 7.58	 2.92	 -159.31	 -5.00	 48.00	 -47.00
7000	 7.58	 2.92	 -159.31	 -5.00	 48.00	 -47.00
7100	 7.53	 2.00	 -159.71	 -1.00	 -25.00	 6.00
7200	 7.46	 1.99	 -159.73	 -14.00	 31.00	 45.00
7300	 7.46	 1.99	 -159.73	 -14.00	 31.00	 45.00
7400	 7.02	 2.45	 -160.23	 -111.00	 60.00	 -31.00
7500	 6.98	 2.46	 -160.25	 -15.00	 -48.00	 -62.00
7600	 6.98	 2.46	 -160.25	 -15.00	 -48.00	 -62.00
7700	 7.29	 1.91	 -160.16	 -58.00	 -21.00	 -134.00
7800	 7.24	 1.85	 -160.07	 -72.00	 48.00	 -129.00
7900	 7.24	 1.85	 -160.07	 -72.00	 48.00	 -129.00
8000	 7.15	 2.30	 -157.70	 65.00	 -2.00	 -85.00
8100	 7.12	 2.30	 -157.65	 -28.00	 -54.00	 -30.00
8200	 7.12	 2.30	 -157.65	 -28.00	 -54.00	 -30.00
8300	 6.14	 2.00	 -156.74	 -75.00	 -84.00	 -67.00
8400	 6.14	 1.98	 -156.70	 -611.00	 -263.00	 61.00
8500	 6.14	 1.98	 -156.70	 -611.00	 -263.00	 61.00
8600	 4.26	 2.41	 -155.40	 -388.00	 -100.00	 -162.00
8700	 4.50	 2.35	 -155.37	 -284.00	 72.00	 -7.00
8800	 4.50	 2.35	 -155.37	 -284.00	 72.00	 -7.00
8900	 3.49	 2.50	 -153.93	 -1288.00	 -145.00	 -202.00
9000	 4.24	 2.27	 -153.90	 -138.00	 10.00	 32.00
9100	 4.24	 2.27	 -153.90	 -138.00	 10.00	 32.00
9200	 6.82	 2.44	 -152.34	 -126.00	 -93.00	 23.00
9300	 6.72	 2.81	 -152.34	 -79.00	 -6.00	 31.00
9400	 6.72	 2.81	 -152.34	 -79.00	 -6.00	 31.00
9500	 6.76	 2.48	 -153.04	 -78.00	 -59.00	 75.00
9600	 6.75	 2.48	 -153.06	 -23.00	 -37.00	 25.00
9700	 6.75	 2.48	 -153.06	 -23.00	 -37.00	 25.00
9800	 6.62	 2.51	 -153.77	 -62.00	 -25.00	 40.00
9900	 6.61	 2.52	 -153.80	 -55.00	 -33.00	 33.00
10000	 6.61	 2.52	 -153.80	 -55.00	 -33.00	 33.00
10100	 6.50	 2.51	 -154.50	 -49.00	 -30.00	 39.00
