#Time(ms)	 Value 	 Validity 	 avgValue 	 Diff 	 Outliers 	 invalidReason	 SD 
200	 -1.00 	0 	0.00 	1.00 	0 	0	 0.00	 0.00 
300	 176.89 	0 	88.44 	88.44 	0 	88.44	 17.79	 123.82 
400	 199.40 	0 	143.92 	55.48 	0 	55.48	 18.26	 176.73 
500	 208.74 	1 	176.33 	32.41 	0 	-3	 17.37	 199.14 
600	 177.69 	1 	177.01 	0.68 	0 	-3	 18.74	 184.12 
700	 198.33 	1 	187.67 	10.66 	0 	-3	 18.93	 194.07 
800	 188.45 	1 	188.06 	0.39 	0 	-3	 18.02	 190.14 
900	 180.80 	1 	184.43 	3.63 	0 	-3	 16.99	 183.60 
1000	 178.49 	1 	181.46 	2.97 	0 	-3	 15.52	 180.02 
1100	 208.57 	1 	195.02 	13.55 	0 	-3	 16.97	 200.01 
1200	 186.85 	1 	190.93 	4.08 	0 	-3	 17.45	 190.80 
1300	 169.94 	1 	180.44 	10.50 	0 	-3	 17.39	 176.20 
1400	 206.52 	1 	193.48 	13.04 	0 	-3	 19.31	 197.42 
1500	 181.69 	1 	187.58 	5.89 	0 	-3	 19.86	 186.41 
1600	 176.26 	1 	181.92 	5.66 	0 	-3	 18.42	 179.30 
1700	 196.64 	1 	189.28 	7.36 	0 	-3	 18.62	 191.44 
1800	 179.73 	1 	184.51 	4.78 	0 	-3	 18.45	 183.24 
1900	 208.39 	1 	196.45 	11.94 	0 	-3	 19.47	 200.85 
2000	 180.89 	1 	188.67 	7.78 	0 	-3	 20.27	 186.88 
2100	 128.30 	1 	158.48 	30.18 	0 	-3	 23.50	 145.87 
2200	 166.30 	1 	162.39 	3.91 	0 	-3	 24.95	 160.17 
2300	 171.55 	1 	166.97 	4.58 	0 	-3	 22.98	 168.14 
2400	 158.38 	1 	162.68 	4.30 	0 	-3	 22.00	 161.31 
2500	 163.00 	1 	162.84 	0.16 	0 	-3	 20.26	 162.49 
2600	 163.72 	1 	163.28 	0.44 	0 	-3	 18.31	 163.35 
2700	 195.31 	1 	179.29 	16.02 	0 	-3	 19.64	 185.72 
2800	 161.85 	1 	170.57 	8.72 	0 	-3	 21.02	 169.01 
2900	 135.95 	1 	153.26 	17.31 	0 	-3	 21.51	 145.87 
3000	 165.14 	1 	159.20 	5.94 	0 	-3	 22.28	 159.36 
3100	 159.71 	1 	159.46 	0.25 	0 	-3	 20.59	 159.60 
3200	 164.96 	1 	162.21 	2.75 	0 	-3	 19.06	 163.35 
3300	 164.34 	1 	163.27 	1.07 	0 	-3	 17.21	 164.04 
3400	 167.19 	1 	165.23 	1.96 	0 	-3	 15.78	 166.25 
3500	 151.52 	1 	158.38 	6.86 	0 	-3	 15.77	 155.94 
3600	 167.72 	1 	163.05 	4.67 	0 	-3	 15.81	 164.19 
3700	 167.90 	1 	165.47 	2.43 	0 	-3	 14.25	 166.79 
3800	 141.11 	1 	153.29 	12.18 	0 	-3	 15.50	 148.81 
3900	 166.92 	1 	160.11 	6.81 	0 	-3	 16.53	 161.49 
4000	 151.08 	1 	155.59 	4.51 	0 	-3	 16.46	 154.20 
4100	 154.91 	1 	155.25 	0.34 	0 	-3	 15.20	 154.70 
4200	 151.88 	1 	153.57 	1.69 	0 	-3	 13.98	 152.73 
4300	 136.13 	1 	144.85 	8.72 	0 	-3	 14.16	 141.11 
4400	 157.49 	1 	151.17 	6.32 	0 	-3	 14.88	 152.58 
4500	 154.28 	1 	152.72 	1.56 	0 	-3	 13.71	 153.77 
4600	 162.56 	1 	157.64 	4.92 	0 	-3	 13.17	 159.92 
4700	 145.92 	1 	151.78 	5.86 	0 	-3	 13.52	 150.12 
4800	 171.19 	1 	161.49 	9.70 	0 	-3	 14.69	 164.87 
4900	 142.09 	1 	151.79 	9.70 	0 	-3	 16.13	 148.92 
5000	 150.01 	1 	150.90 	0.89 	0 	-3	 15.31	 149.68 
5100	 149.57 	1 	150.23 	0.66 	0 	-3	 13.82	 149.60 
5200	 166.21 	1 	158.22 	7.99 	0 	-3	 14.11	 161.23 
5300	 158.55 	1 	158.39 	0.16 	0 	-3	 13.46	 159.35 
5400	 136.04 	1 	147.21 	11.17 	0 	-3	 14.37	 143.03 
5500	 152.77 	1 	149.99 	2.78 	0 	-3	 14.60	 149.85 
5600	 128.57 	1 	139.28 	10.71 	0 	-3	 15.56	 134.95 
5700	 141.11 	1 	140.20 	0.91 	0 	-3	 15.26	 139.26 
5800	 167.72 	1 	153.96 	13.76 	0 	-3	 16.39	 159.18 
5900	 156.69 	1 	155.32 	1.37 	0 	-3	 15.86	 157.44 
6000	 149.74 	1 	152.53 	2.79 	0 	-3	 14.97	 152.05 
6100	 169.50 	1 	161.02 	8.48 	0 	-3	 15.45	 164.26 
6200	 171.28 	1 	166.15 	5.13 	0 	-3	 14.08	 169.18 
6300	 161.40 	1 	163.77 	2.37 	0 	-3	 13.66	 163.73 
6400	 173.50 	1 	168.64 	4.86 	0 	-3	 13.50	 170.57 
6500	 164.96 	1 	166.80 	1.84 	0 	-3	 13.01	 166.64 
6600	 170.39 	1 	168.59 	1.80 	0 	-3	 12.25	 169.27 
6700	 142.63 	1 	155.61 	12.98 	0 	-3	 13.80	 150.62 
6800	 152.06 	1 	153.84 	1.78 	0 	-3	 13.36	 151.63 
6900	 181.96 	1 	167.90 	14.06 	0 	-3	 15.02	 172.86 
7000	 187.47 	1 	177.68 	9.79 	0 	-3	 14.07	 183.09 
7100	 142.45 	1 	160.07 	17.62 	0 	-3	 17.16	 154.64 
7200	 188.28 	1 	174.17 	14.11 	0 	-3	 20.03	 178.19 
7300	 188.01 	1 	181.09 	6.92 	0 	-3	 18.05	 185.06 
7400	 171.10 	1 	176.10 	5.00 	0 	-3	 17.94	 175.29 
7500	 167.54 	1 	171.82 	4.28 	0 	-3	 16.50	 169.86 
7600	 160.33 	1 	166.07 	5.74 	0 	-3	 15.57	 163.19 
7700	 151.17 	1 	158.62 	7.45 	0 	-3	 14.93	 154.78 
7800	 138.44 	1 	148.53 	10.09 	0 	-3	 14.71	 143.34 
7900	 187.47 	1 	168.00 	19.47 	0 	-3	 18.14	 174.23 
8000	 209.90 	1 	188.95 	20.95 	0 	-3	 18.57	 199.20 
8100	 194.24 	1 	191.60 	2.64 	0 	-3	 18.28	 195.73 
8200	 182.76 	1 	187.18 	4.42 	0 	-3	 17.60	 186.65 
8300	 133.73 	1 	160.45 	26.72 	0 	-3	 20.74	 149.61 
8400	 171.28 	1 	165.87 	5.41 	0 	-3	 22.42	 164.78 
8500	 190.32 	1 	178.09 	12.23 	0 	-3	 22.09	 182.66 
8600	 180.44 	1 	179.27 	1.17 	0 	-3	 20.86	 181.11 
8700	 183.11 	1 	181.19 	1.92 	0 	-3	 19.05	 182.51 
8800	 162.56 	1 	171.87 	9.31 	0 	-3	 19.20	 168.54 
8900	 168.34 	1 	170.11 	1.77 	0 	-3	 17.85	 168.40 
9000	 187.47 	1 	178.79 	8.68 	0 	-3	 17.98	 181.75 
9100	 156.42 	1 	167.60 	11.18 	0 	-3	 19.29	 164.02 
9200	 164.52 	1 	166.06 	1.54 	0 	-3	 18.17	 164.37 
9300	 149.48 	1 	157.77 	8.29 	0 	-3	 17.86	 153.95 
9400	 167.36 	1 	162.57 	4.79 	0 	-3	 17.86	 163.34 
9500	 165.76 	1 	164.16 	1.60 	0 	-3	 16.23	 165.03 
9600	 167.99 	1 	166.08 	1.91 	0 	-3	 14.83	 167.10 
9700	 161.49 	1 	163.78 	2.29 	0 	-3	 14.00	 163.17 
9800	 162.20 	1 	162.99 	0.79 	0 	-3	 12.67	 162.49 
9900	 176.00 	1 	169.50 	6.50 	0 	-3	 12.78	 171.95 
10000	 153.13 	1 	161.31 	8.18 	0 	-3	 13.79	 158.78 
10100	 158.02 	1 	159.67 	1.65 	0 	-3	 12.90	 158.25 
