#Time(ms)	 Value 	 Validity 	 avgValue 	 Diff 	 Outliers 	 invalidReason	 SD 
200	 113.35 	0 	56.67 	56.67 	0 	56.67	 11.34	 79.34 
300	 129.99 	0 	93.33 	36.66 	0 	36.66	 11.87	 114.80 
400	 130.61 	1 	111.97 	18.64 	0 	-3	 10.74	 125.87 
500	 131.50 	1 	121.74 	9.76 	0 	-3	 9.76	 129.81 
600	 129.37 	1 	125.55 	3.82 	0 	-3	 8.99	 129.50 
700	 129.81 	1 	127.68 	2.13 	0 	-3	 8.14	 129.72 
800	 129.63 	1 	128.66 	0.97 	0 	-3	 7.34	 129.66 
900	 130.61 	1 	129.63 	0.98 	0 	-3	 6.71	 130.32 
1000	 129.90 	1 	129.77 	0.13 	0 	-3	 6.11	 130.03 
1100	 130.43 	1 	130.10 	0.33 	0 	-3	 5.55	 130.31 
1200	 131.15 	1 	130.62 	0.53 	0 	-3	 5.07	 130.90 
1300	 130.26 	1 	130.44 	0.18 	0 	-3	 4.65	 130.45 
1400	 131.77 	1 	131.11 	0.66 	0 	-3	 4.33	 131.37 
1500	 129.37 	1 	130.24 	0.87 	0 	-3	 4.14	 129.97 
1600	 130.26 	1 	130.25 	0.01 	0 	-3	 3.82	 130.17 
1700	 130.26 	1 	130.25 	0.01 	0 	-3	 3.43	 130.23 
1800	 132.21 	1 	131.23 	0.98 	0 	-3	 3.29	 131.62 
1900	 130.34 	1 	130.79 	0.45 	0 	-3	 3.14	 130.72 
2000	 107.47 	1 	119.13 	11.66 	0 	-3	 5.12	 114.45 
2100	 110.95 	1 	115.04 	4.09 	0 	-3	 4.95	 112.00 
2200	 133.73 	1 	124.38 	9.35 	0 	-3	 6.74	 127.21 
2300	 132.12 	1 	128.25 	3.87 	0 	-3	 6.22	 130.65 
2400	 131.06 	1 	129.66 	1.40 	0 	-3	 5.71	 130.94 
2500	 114.51 	1 	122.08 	7.57 	0 	-3	 6.79	 119.44 
2600	 132.57 	1 	127.33 	5.24 	0 	-3	 7.92	 128.63 
2700	 111.75 	1 	119.54 	7.79 	0 	-3	 9.21	 116.81 
2800	 132.57 	1 	126.05 	6.52 	0 	-3	 10.37	 127.84 
2900	 133.82 	1 	129.94 	3.88 	0 	-3	 9.46	 132.03 
3000	 134.08 	1 	132.01 	2.07 	0 	-3	 8.54	 133.46 
3100	 132.84 	1 	132.42 	0.42 	0 	-3	 7.81	 133.03 
3200	 133.90 	1 	133.16 	0.74 	0 	-3	 7.13	 133.64 
3300	 135.77 	1 	134.47 	1.30 	0 	-3	 6.61	 135.13 
3400	 135.15 	1 	134.81 	0.34 	0 	-3	 6.01	 135.14 
3500	 130.88 	1 	132.84 	1.96 	0 	-3	 5.83	 132.16 
3600	 84.34 	0 	108.59 	24.25 	0 	24.25	 9.90	 98.69 
3700	 88.52 	1 	98.56 	10.04 	0 	-3	 9.33	 91.57 
3800	 87.01 	1 	92.78 	5.77 	0 	-3	 8.55	 88.38 
3900	 99.64 	1 	96.21 	3.43 	0 	-3	 8.96	 96.26 
4000	 125.54 	1 	110.88 	14.66 	0 	-3	 10.65	 116.76 
4100	 127.68 	1 	119.28 	8.40 	0 	-3	 9.80	 124.40 
4200	 114.06 	1 	116.67 	2.61 	0 	-3	 10.18	 117.16 
4300	 124.29 	1 	120.48 	3.81 	0 	-3	 10.19	 122.15 
4400	 123.14 	1 	121.81 	1.33 	0 	-3	 9.28	 122.84 
4500	 119.58 	1 	120.69 	1.11 	0 	-3	 8.71	 120.56 
4600	 84.34 	1 	102.52 	18.18 	0 	-3	 11.36	 95.21 
4700	 118.87 	1 	110.69 	8.18 	0 	-3	 13.68	 111.77 
4800	 117.09 	1 	113.89 	3.20 	0 	-3	 12.49	 115.49 
4900	 77.75 	1 	95.82 	18.07 	0 	-3	 15.18	 89.07 
5000	 91.19 	1 	93.51 	2.32 	0 	-3	 15.00	 90.55 
5100	 113.62 	1 	103.56 	10.06 	0 	-3	 15.74	 106.70 
5200	 110.32 	1 	106.94 	3.38 	0 	-3	 14.50	 109.23 
5300	 115.39 	1 	111.17 	4.22 	0 	-3	 13.56	 113.54 
5400	 115.04 	1 	113.10 	1.94 	0 	-3	 12.24	 114.59 
5500	 117.09 	1 	115.10 	1.99 	0 	-3	 11.22	 116.34 
5600	 74.10 	0 	94.60 	20.50 	0 	20.50	 14.40	 86.77 
5700	 116.02 	1 	105.31 	10.71 	0 	-3	 17.15	 107.25 
5800	 117.53 	1 	111.42 	6.11 	0 	-3	 15.58	 114.44 
5900	 117.98 	1 	114.70 	3.28 	0 	-3	 14.07	 116.92 
6000	 117.35 	1 	116.02 	1.33 	0 	-3	 12.73	 117.22 
6100	 105.52 	1 	110.77 	5.25 	0 	-3	 12.64	 109.03 
6200	 119.04 	1 	114.91 	4.13 	0 	-3	 12.73	 116.04 
6300	 115.48 	1 	115.19 	0.29 	0 	-3	 11.81	 115.65 
6400	 92.70 	1 	103.95 	11.25 	0 	-3	 12.91	 99.58 
6500	 94.93 	1 	99.44 	4.51 	0 	-3	 11.84	 96.33 
6600	 114.95 	1 	107.19 	7.76 	0 	-3	 12.66	 109.36 
6700	 106.76 	1 	106.98 	0.22 	0 	-3	 12.21	 107.54 
6800	 113.62 	1 	110.30 	3.32 	0 	-3	 11.67	 111.80 
6900	 108.90 	1 	109.60 	0.70 	0 	-3	 10.98	 109.77 
7000	 109.08 	1 	109.34 	0.26 	0 	-3	 9.90	 109.29 
7100	 100.98 	1 	105.16 	4.18 	0 	-3	 9.72	 103.47 
7200	 106.59 	1 	105.87 	0.72 	0 	-3	 9.31	 105.65 
7300	 105.16 	1 	105.52 	0.36 	0 	-3	 8.52	 105.31 
7400	 103.74 	1 	104.63 	0.89 	0 	-3	 7.81	 104.21 
7500	 104.27 	1 	104.45 	0.18 	0 	-3	 7.08	 104.25 
7600	 101.16 	1 	102.80 	1.64 	0 	-3	 6.69	 102.09 
7700	 101.07 	1 	101.94 	0.87 	0 	-3	 6.03	 101.38 
7800	 99.91 	1 	100.92 	1.01 	0 	-3	 5.54	 100.35 
7900	 101.07 	1 	101.00 	0.07 	0 	-3	 5.10	 100.85 
8000	 99.20 	1 	100.10 	0.90 	0 	-3	 4.78	 99.70 
8100	 96.35 	1 	98.22 	1.87 	0 	-3	 4.59	 97.35 
8200	 95.91 	1 	97.07 	1.16 	0 	-3	 4.17	 96.34 
8300	 93.95 	1 	95.51 	1.56 	0 	-3	 3.95	 94.67 
8400	 89.50 	1 	92.50 	3.00 	0 	-3	 4.00	 91.05 
8500	 87.90 	1 	90.20 	2.30 	0 	-3	 3.76	 88.85 
8600	 89.50 	1 	89.85 	0.35 	0 	-3	 3.54	 89.30 
8700	 87.10 	1 	88.48 	1.38 	0 	-3	 3.43	 87.76 
8800	 86.83 	1 	87.65 	0.82 	0 	-3	 3.11	 87.11 
8900	 87.36 	1 	87.51 	0.15 	0 	-3	 2.86	 87.28 
9000	 84.78 	1 	86.14 	1.36 	0 	-3	 2.83	 85.53 
9100	 84.25 	1 	85.20 	0.95 	0 	-3	 2.60	 84.63 
9200	 83.98 	1 	84.59 	0.61 	0 	-3	 2.37	 84.18 
9300	 82.56 	1 	83.57 	1.01 	0 	-3	 2.27	 83.04 
9400	 83.45 	1 	83.51 	0.06 	0 	-3	 2.13	 83.33 
9500	 83.54 	1 	83.53 	0.01 	0 	-3	 1.93	 83.48 
9600	 83.45 	1 	83.49 	0.04 	0 	-3	 1.74	 83.46 
9700	 82.56 	1 	83.02 	0.46 	0 	-3	 1.66	 82.83 
9800	 82.47 	1 	82.75 	0.28 	0 	-3	 1.50	 82.58 
9900	 83.54 	1 	83.14 	0.40 	0 	-3	 1.46	 83.25 
10000	 83.18 	1 	83.16 	0.02 	0 	-3	 1.35	 83.20 
10100	 83.45 	1 	83.31 	0.14 	0 	-3	 1.24	 83.38 
