#Time(ms)	 Value 	 Validity 	 avgValue 	 Diff 	 Outliers 	 invalidReason	 SD 
200	 133.28 	0 	66.64 	66.64 	0 	66.64	 13.33	 93.30 
300	 289.99 	0 	178.31 	111.68 	0 	111.68	 27.67	 230.98 
400	 289.99 	0 	234.15 	55.84 	0 	55.84	 24.90	 272.29 
500	 286.87 	1 	260.51 	26.36 	0 	-3	 22.72	 282.50 
600	 289.54 	1 	275.03 	14.51 	0 	-3	 20.72	 287.43 
700	 289.45 	1 	282.24 	7.21 	0 	-3	 18.65	 288.84 
800	 140.49 	0 	211.36 	70.87 	0 	70.87	 31.68	 185.00 
900	 145.38 	1 	178.37 	32.99 	0 	-3	 29.00	 157.26 
1000	 144.23 	1 	161.30 	17.07 	0 	-3	 26.22	 148.14 
1100	 139.15 	1 	150.23 	11.08 	0 	-3	 24.11	 141.85 
1200	 289.99 	0 	220.11 	69.88 	0 	69.88	 36.78	 245.55 
1300	 154.99 	1 	187.55 	32.56 	0 	-3	 46.60	 182.16 
1400	 145.83 	1 	166.69 	20.86 	0 	-3	 42.86	 156.73 
1500	 142.09 	1 	154.39 	12.30 	0 	-3	 38.95	 146.48 
1600	 288.57 	0 	221.48 	67.09 	0 	67.09	 49.70	 245.94 
1700	 276.91 	1 	249.19 	27.72 	0 	-3	 45.89	 267.62 
1800	 288.48 	1 	268.84 	19.64 	0 	-3	 42.46	 282.22 
1900	 287.76 	1 	278.30 	9.46 	0 	-3	 38.29	 286.10 
2000	 125.54 	0 	201.92 	76.38 	0 	76.38	 50.68	 173.71 
2100	 202.07 	1 	201.99 	0.08 	0 	-3	 53.27	 193.56 
2200	 149.48 	1 	175.74 	26.26 	0 	-3	 53.20	 162.70 
2300	 153.13 	1 	164.43 	11.30 	0 	-3	 48.24	 156.00 
2400	 267.74 	0 	216.09 	51.65 	0 	51.65	 54.88	 234.22 
2500	 147.79 	1 	181.94 	34.15 	0 	-3	 61.39	 173.72 
2600	 141.65 	1 	161.79 	20.14 	0 	-3	 55.86	 151.27 
2700	 122.16 	1 	141.98 	19.82 	0 	-3	 52.23	 130.89 
2800	 145.92 	1 	143.95 	1.97 	0 	-3	 49.38	 141.41 
2900	 136.04 	1 	139.99 	3.95 	0 	-3	 45.43	 137.65 
3000	 145.03 	1 	142.51 	2.52 	0 	-3	 41.79	 142.82 
3100	 148.41 	1 	145.46 	2.95 	0 	-3	 37.94	 146.73 
3200	 118.24 	1 	131.85 	13.61 	0 	-3	 37.17	 126.79 
3300	 157.40 	1 	144.63 	12.77 	0 	-3	 37.37	 148.22 
3400	 119.49 	1 	132.06 	12.57 	0 	-3	 37.42	 128.11 
3500	 164.07 	1 	148.06 	16.01 	0 	-3	 38.14	 153.28 
3600	 155.53 	1 	151.80 	3.73 	0 	-3	 35.18	 154.86 
3700	 141.91 	1 	146.85 	4.94 	0 	-3	 33.02	 145.79 
3800	 140.58 	1 	143.72 	3.14 	0 	-3	 29.85	 142.14 
3900	 125.63 	1 	134.67 	9.04 	0 	-3	 28.36	 130.58 
4000	 196.37 	1 	165.52 	30.85 	0 	-3	 32.60	 176.63 
4100	 133.46 	1 	149.49 	16.03 	0 	-3	 35.63	 146.41 
4200	 127.85 	1 	138.67 	10.82 	0 	-3	 32.63	 133.42 
4300	 212.93 	0 	175.80 	37.13 	0 	37.13	 37.87	 189.08 
4400	 157.49 	1 	166.65 	9.16 	0 	-3	 39.63	 166.97 
4500	 135.06 	1 	150.85 	15.79 	0 	-3	 37.91	 144.63 
4600	 137.02 	1 	143.94 	6.92 	0 	-3	 34.32	 139.30 
4700	 119.13 	1 	131.53 	12.40 	0 	-3	 32.67	 125.18 
4800	 128.12 	1 	129.83 	1.71 	0 	-3	 30.30	 127.24 
4900	 114.51 	1 	122.17 	7.66 	0 	-3	 28.64	 118.33 
5000	 128.57 	1 	125.37 	3.20 	0 	-3	 27.18	 125.50 
5100	 119.31 	1 	122.34 	3.03 	0 	-3	 25.39	 121.17 
5200	 125.98 	1 	124.16 	1.82 	0 	-3	 23.51	 124.54 
5300	 123.05 	1 	123.60 	0.55 	0 	-3	 21.46	 123.50 
5400	 129.10 	1 	126.35 	2.75 	0 	-3	 19.92	 127.42 
5500	 130.79 	1 	128.57 	2.22 	0 	-3	 18.09	 129.78 
5600	 106.41 	1 	117.49 	11.08 	0 	-3	 18.72	 113.42 
5700	 130.61 	1 	124.05 	6.56 	0 	-3	 19.27	 125.45 
5800	 142.98 	1 	133.52 	9.46 	0 	-3	 18.58	 137.72 
5900	 140.85 	1 	137.18 	3.67 	0 	-3	 16.93	 139.91 
6000	 122.51 	1 	129.85 	7.34 	0 	-3	 17.07	 127.73 
6100	 122.25 	1 	126.05 	3.80 	0 	-3	 15.39	 123.89 
6200	 127.59 	1 	126.82 	0.77 	0 	-3	 14.39	 126.48 
6300	 119.93 	1 	123.37 	3.44 	0 	-3	 13.72	 121.90 
6400	 154.91 	1 	139.14 	15.77 	0 	-3	 15.84	 145.01 
6500	 129.28 	1 	134.21 	4.93 	0 	-3	 16.82	 134.00 
6600	 122.51 	1 	128.36 	5.85 	0 	-3	 15.82	 125.96 
6700	 122.51 	1 	125.44 	2.93 	0 	-3	 14.23	 123.54 
6800	 120.73 	1 	123.08 	2.35 	0 	-3	 12.99	 121.57 
6900	 120.20 	1 	121.64 	1.44 	0 	-3	 11.74	 120.61 
7000	 119.93 	1 	120.79 	0.86 	0 	-3	 10.60	 120.13 
7100	 125.98 	1 	123.38 	2.60 	0 	-3	 10.14	 124.23 
7200	 138.18 	1 	130.78 	7.40 	0 	-3	 10.35	 133.99 
7300	 163.54 	1 	147.16 	16.38 	0 	-3	 11.85	 154.68 
7400	 220.67 	1 	183.92 	36.75 	0 	-3	 16.38	 200.87 
7500	 112.46 	0 	148.19 	35.73 	0 	35.73	 25.56	 138.98 
7600	 115.22 	1 	131.70 	16.48 	0 	-3	 23.28	 122.35 
7700	 76.77 	0 	104.24 	27.47 	0 	27.47	 24.80	 90.44 
7800	 115.48 	1 	109.86 	5.62 	0 	-3	 26.19	 107.97 
7900	 125.27 	1 	117.56 	7.71 	0 	-3	 24.55	 120.08 
8000	 212.57 	0 	165.07 	47.50 	0 	47.50	 30.82	 184.82 
8100	 157.22 	1 	161.14 	3.92 	0 	-3	 33.28	 165.50 
8200	 107.03 	0 	134.09 	27.06 	0 	27.06	 34.97	 124.57 
8300	 153.57 	1 	143.83 	9.74 	0 	-3	 36.12	 144.87 
8400	 105.07 	1 	124.45 	19.38 	0 	-3	 37.36	 117.01 
8500	 261.78 	0 	193.11 	68.67 	0 	68.67	 49.30	 218.35 
8600	 101.33 	0 	147.22 	45.89 	0 	45.89	 60.41	 136.44 
8700	 282.34 	0 	214.78 	67.56 	0 	67.56	 72.47	 238.57 
8800	 286.43 	1 	250.61 	35.82 	0 	-3	 65.63	 272.07 
8900	 -1.00 	0 	250.61 	251.61 	0 	0	 65.63	 272.07 
9000	 -1.00 	0 	250.61 	251.61 	0 	0	 65.63	 272.07 
9100	 286.87 	1 	268.74 	18.13 	0 	-3	 87.86	 282.43 
9200	 287.76 	1 	278.25 	9.51 	0 	-3	 79.16	 286.16 
9300	 289.19 	1 	283.72 	5.47 	0 	-3	 71.39	 288.28 
9400	 288.83 	1 	286.27 	2.56 	0 	-3	 64.28	 288.67 
9500	 287.23 	1 	286.75 	0.48 	0 	-3	 58.02	 287.66 
9600	 288.92 	1 	287.84 	1.08 	0 	-3	 52.38	 288.54 
9700	 288.57 	1 	288.20 	0.37 	0 	-3	 47.18	 288.56 
9800	 289.28 	1 	288.74 	0.54 	0 	-3	 42.53	 289.06 
9900	 288.92 	1 	288.83 	0.09 	0 	-3	 38.32	 288.96 
10000	 288.65 	1 	288.74 	0.09 	0 	-3	 34.51	 288.74 
10100	 287.85 	1 	288.30 	0.45 	0 	-3	 31.14	 288.12 
