#Time(ms)	 xPos 	 yPos 	 zPos 	 xValid 	 yValid 	 zValid 	 validreasons x-y-z 
200	 0.00	 0.00	 0.00	 0	 0	 0	 -2	 -2	 -2
300	 0.00	 0.00	 0.00	 0	 0	 0	 -2	 -2	 -2
400	 0.00	 0.00	 0.00	 1	 1	 1	 -3	 -3	 -3
500	 -0.08	 0.01	 -1.87	 1	 1	 1	 -3	 -3	 -3
600	 -0.12	 -0.07	 -2.93	 1	 1	 1	 -3	 -3	 -3
700	 0.62	 -0.22	 -3.00	 1	 1	 1	 -3	 -3	 -3
800	 -0.10	 -0.07	 -3.21	 1	 1	 1	 -3	 -3	 -3
900	 -0.58	 0.00	 -3.83	 1	 1	 1	 -3	 -3	 -3
1000	 0.48	 -0.46	 -2.89	 1	 1	 1	 -3	 -3	 -3
1100	 -0.17	 0.02	 -2.80	 1	 1	 1	 -3	 -3	 -3
1200	 -0.47	 0.03	 -3.71	 1	 1	 1	 -3	 -3	 -3
1300	 -0.15	 -0.14	 -3.06	 1	 1	 1	 -3	 -3	 -3
1400	 -0.02	 0.11	 -2.55	 1	 1	 1	 -3	 -3	 -3
1500	 -0.24	 -0.08	 -3.62	 1	 1	 1	 -3	 -3	 -3
1600	 -0.31	 -4.67	 -3.58	 1	 1	 1	 -3	 -3	 -3
1700	 -0.45	 -3.95	 -3.95	 1	 1	 1	 -3	 -3	 -3
1800	 -0.17	 -4.10	 -4.04	 1	 1	 1	 -3	 -3	 -3
1900	 -0.08	 -4.32	 -3.57	 1	 1	 1	 -3	 -3	 -3
2000	 -0.13	 -11.79	 -3.54	 1	 1	 1	 -3	 -3	 -3
2100	 -0.26	 -3.62	 -3.59	 1	 1	 1	 -3	 -3	 -3
2200	 0.35	 -3.85	 -3.44	 1	 1	 1	 -3	 -3	 -3
2300	 0.50	 -9.57	 -3.34	 1	 1	 1	 -3	 -3	 -3
2400	 0.40	 -6.60	 -3.82	 1	 1	 1	 -3	 -3	 -3
2500	 1.45	 -4.53	 -2.85	 1	 1	 1	 -3	 -3	 -3
2600	 0.22	 -4.84	 -2.79	 1	 1	 1	 -3	 -3	 -3
2700	 0.43	 -1.69	 -2.65	 1	 1	 1	 -3	 -3	 -3
2800	 -0.38	 -3.99	 -3.10	 1	 1	 1	 -3	 -3	 -3
2900	 -0.43	 -4.59	 -3.24	 1	 1	 1	 -3	 -3	 -3
3000	 -0.65	 -3.97	 -3.86	 1	 1	 1	 -3	 -3	 -3
3100	 0.42	 -6.55	 -2.51	 1	 1	 1	 -3	 -3	 -3
3200	 -0.39	 -4.18	 -3.11	 1	 1	 1	 -3	 -3	 -3
3300	 -0.27	 -3.45	 -3.05	 1	 1	 1	 -3	 -3	 -3
3400	 -1.02	 -2.22	 -3.25	 1	 1	 1	 -3	 -3	 -3
3500	 -1.14	 -2.03	 -2.50	 1	 1	 1	 -3	 -3	 -3
3600	 -1.35	 -4.22	 -2.89	 1	 1	 1	 -3	 -3	 -3
3700	 -0.28	 -6.68	 -3.20	 1	 1	 1	 -3	 -3	 -3
3800	 -0.06	 -6.48	 -3.08	 1	 1	 1	 -3	 -3	 -3
3900	 0.03	 -4.43	 -3.04	 1	 1	 1	 -3	 -3	 -3
4000	 0.05	 -3.49	 -3.03	 1	 1	 1	 -3	 -3	 -3
4100	 -1.14	 -3.30	 -2.91	 1	 1	 1	 -3	 -3	 -3
4200	 -1.31	 -3.11	 -3.18	 1	 1	 1	 -3	 -3	 -3
4300	 -1.53	 -2.77	 -3.24	 1	 1	 1	 -3	 -3	 -3
4400	 -1.48	 -2.94	 -3.22	 1	 1	 1	 -3	 -3	 -3
4500	 -1.46	 -3.46	 -2.49	 1	 1	 1	 -3	 -3	 -3
4600	 -2.21	 -3.29	 -2.59	 1	 1	 1	 -3	 -3	 -3
4700	 -2.30	 -2.47	 -2.96	 1	 1	 1	 -3	 -3	 -3
4800	 -2.30	 -3.72	 -2.91	 1	 1	 1	 -3	 -3	 -3
4900	 -2.65	 -4.13	 -3.31	 1	 1	 1	 -3	 -3	 -3
5000	 -1.29	 -4.33	 -3.05	 1	 1	 1	 -3	 -3	 -3
5100	 -1.59	 -4.66	 -3.63	 1	 1	 1	 -3	 -3	 -3
5200	 -0.98	 -3.16	 -2.71	 1	 1	 1	 -3	 -3	 -3
5300	 -1.03	 -3.85	 -3.68	 1	 1	 1	 -3	 -3	 -3
5400	 0.49	 -3.15	 -2.42	 1	 1	 1	 -3	 -3	 -3
5500	 -0.41	 -3.17	 -2.66	 1	 1	 1	 -3	 -3	 -3
5600	 -0.55	 -3.45	 -2.73	 1	 1	 1	 -3	 -3	 -3
5700	 -0.60	 -2.86	 -3.13	 1	 1	 1	 -3	 -3	 -3
5800	 -0.58	 -2.86	 -3.24	 1	 1	 1	 -3	 -3	 -3
5900	 -0.47	 -3.58	 -2.73	 1	 1	 1	 -3	 -3	 -3
6000	 -0.51	 -3.24	 -2.90	 1	 1	 1	 -3	 -3	 -3
6100	 -0.61	 -3.47	 -3.70	 1	 1	 1	 -3	 -3	 -3
6200	 -0.06	 -4.41	 -3.43	 1	 1	 1	 -3	 -3	 -3
6300	 0.09	 -3.50	 -2.78	 1	 1	 1	 -3	 -3	 -3
6400	 -0.41	 -3.37	 -3.76	 1	 1	 1	 -3	 -3	 -3
6500	 -0.31	 -5.04	 -4.06	 1	 1	 1	 -3	 -3	 -3
6600	 0.20	 -5.14	 -3.15	 1	 1	 1	 -3	 -3	 -3
6700	 -0.00	 -3.79	 -3.25	 1	 1	 1	 -3	 -3	 -3
6800	 0.11	 -4.64	 -3.09	 1	 1	 1	 -3	 -3	 -3
6900	 -0.15	 -4.68	 -3.79	 1	 1	 1	 -3	 -3	 -3
7000	 -0.23	 -3.96	 -3.08	 1	 1	 1	 -3	 -3	 -3
7100	 0.10	 -3.89	 -2.63	 1	 1	 1	 -3	 -3	 -3
7200	 0.34	 -4.02	 -2.15	 1	 1	 1	 -3	 -3	 -3
7300	 -0.29	 -3.92	 -3.52	 1	 1	 1	 -3	 -3	 -3
7400	 -0.04	 -4.49	 -3.05	 1	 1	 1	 -3	 -3	 -3
7500	 -0.02	 -3.98	 -2.91	 1	 1	 1	 -3	 -3	 -3
7600	 0.26	 -4.77	 -2.25	 1	 1	 1	 -3	 -3	 -3
7700	 -0.81	 -4.58	 -2.61	 1	 1	 1	 -3	 -3	 -3
7800	 -0.92	 -3.70	 -2.40	 1	 1	 1	 -3	 -3	 -3
7900	 -0.93	 -3.68	 -2.06	 1	 1	 1	 -3	 -3	 -3
8000	 -1.13	 -3.44	 -2.47	 1	 1	 1	 -3	 -3	 -3
8100	 -1.24	 -3.55	 -3.42	 1	 1	 1	 -3	 -3	 -3
8200	 -1.39	 -10.20	 -3.73	 1	 1	 1	 -3	 -3	 -3
8300	 0.31	 -3.95	 -2.94	 1	 1	 1	 -3	 -3	 -3
8400	 -0.12	 -5.05	 -3.38	 1	 1	 1	 -3	 -3	 -3
8500	 -0.09	 -10.48	 -3.08	 1	 1	 1	 -3	 -3	 -3
8600	 -0.15	 -5.50	 -2.73	 1	 1	 1	 -3	 -3	 -3
8700	 -0.16	 -2.83	 -2.62	 1	 1	 1	 -3	 -3	 -3
8800	 -0.22	 -7.88	 -2.13	 1	 1	 1	 -3	 -3	 -3
8900	 -0.29	 -12.69	 -1.83	 1	 1	 1	 -3	 -3	 -3
9000	 -1.29	 -3.50	 -2.63	 1	 1	 1	 -3	 -3	 -3
9100	 -1.07	 -3.14	 -2.79	 1	 1	 1	 -3	 -3	 -3
9200	 -0.97	 -2.66	 -3.14	 1	 1	 1	 -3	 -3	 -3
9300	 -0.95	 -3.06	 -2.50	 1	 1	 1	 -3	 -3	 -3
9400	 -1.09	 -4.08	 -3.06	 1	 1	 1	 -3	 -3	 -3
9500	 -1.06	 -6.08	 -3.78	 1	 1	 1	 -3	 -3	 -3
9600	 0.76	 -2.75	 -3.25	 1	 1	 1	 -3	 -3	 -3
9700	 0.07	 -4.04	 -3.83	 1	 1	 1	 -3	 -3	 -3
9800	 0.13	 -4.67	 -3.15	 1	 1	 1	 -3	 -3	 -3
9900	 0.10	 -2.82	 -3.84	 1	 1	 1	 -3	 -3	 -3
10000	 0.25	 -2.45	 -3.16	 1	 1	 1	 -3	 -3	 -3
10100	 0.65	 -2.46	 -2.99	 1	 1	 1	 -3	 -3	 -3
10200	 0.80	 -3.90	 -2.58	 1	 1	 1	 -3	 -3	 -3
10300	 -0.21	 -4.82	 -2.82	 1	 1	 1	 -3	 -3	 -3
10400	 -0.60	 -5.20	 -2.42	 1	 1	 1	 -3	 -3	 -3
10500	 -0.62	 -4.98	 -2.13	 1	 1	 1	 -3	 -3	 -3
10600	 -1.67	 -2.29	 -2.62	 1	 1	 1	 -3	 -3	 -3
10700	 -1.94	 -3.48	 -3.68	 1	 1	 1	 -3	 -3	 -3
10800	 -1.17	 -3.96	 -3.09	 1	 1	 1	 -3	 -3	 -3
10900	 -1.06	 -3.59	 -2.55	 1	 1	 1	 -3	 -3	 -3
11000	 -0.82	 -2.57	 -2.14	 1	 1	 1	 -3	 -3	 -3
11100	 -1.64	 -1.89	 -2.58	 1	 1	 1	 -3	 -3	 -3
11200	 -1.08	 -2.12	 -2.46	 1	 1	 1	 -3	 -3	 -3
11300	 -1.60	 -3.34	 -2.30	 1	 1	 1	 -3	 -3	 -3
11400	 -1.86	 -4.09	 -3.54	 1	 1	 1	 -3	 -3	 -3
11500	 -0.78	 -2.67	 -2.81	 1	 1	 1	 -3	 -3	 -3
11600	 -1.57	 -2.14	 -2.78	 1	 1	 1	 -3	 -3	 -3
11700	 -1.81	 -3.18	 -3.35	 1	 1	 1	 -3	 -3	 -3
11800	 -0.33	 -3.61	 -2.18	 1	 1	 1	 -3	 -3	 -3
11900	 -1.12	 -2.35	 -2.19	 1	 1	 1	 -3	 -3	 -3
12000	 -1.00	 -3.08	 -1.66	 1	 1	 1	 -3	 -3	 -3
12100	 -0.78	 -2.69	 -2.06	 1	 1	 1	 -3	 -3	 -3
12200	 -0.19	 -2.45	 -1.80	 1	 1	 1	 -3	 -3	 -3
12300	 -0.54	 -2.65	 -2.78	 1	 1	 1	 -3	 -3	 -3
12400	 1.10	 -2.42	 -1.55	 1	 1	 1	 -3	 -3	 -3
12500	 -0.19	 -2.70	 -1.58	 1	 1	 1	 -3	 -3	 -3
12600	 -0.35	 -2.55	 -2.46	 1	 1	 1	 -3	 -3	 -3
12700	 -0.16	 -3.22	 -2.02	 1	 1	 1	 -3	 -3	 -3
12800	 -0.48	 -2.68	 -3.51	 1	 1	 1	 -3	 -3	 -3
12900	 -0.30	 -2.02	 -3.06	 1	 1	 1	 -3	 -3	 -3
13000	 0.15	 -1.99	 -3.28	 1	 1	 1	 -3	 -3	 -3
13100	 -0.11	 -2.13	 -3.29	 1	 1	 1	 -3	 -3	 -3
13200	 -0.21	 -2.45	 -3.85	 1	 1	 1	 -3	 -3	 -3
13300	 0.02	 -2.85	 -3.34	 1	 1	 1	 -3	 -3	 -3
13400	 0.35	 -2.44	 -3.12	 1	 1	 1	 -3	 -3	 -3
13500	 -0.57	 -2.48	 -3.24	 1	 1	 1	 -3	 -3	 -3
13600	 -0.74	 -1.89	 -3.18	 1	 1	 1	 -3	 -3	 -3
13700	 -0.95	 -2.30	 -3.82	 1	 1	 1	 -3	 -3	 -3
13800	 -0.07	 -2.16	 -3.08	 1	 1	 1	 -3	 -3	 -3
13900	 -0.21	 -2.11	 -2.48	 1	 1	 1	 -3	 -3	 -3
14000	 -0.27	 -1.97	 -3.24	 1	 1	 1	 -3	 -3	 -3
14100	 1.12	 -2.60	 -2.72	 1	 1	 1	 -3	 -3	 -3
14200	 0.80	 -2.48	 -3.68	 1	 1	 1	 -3	 -3	 -3
14300	 0.29	 -4.73	 -3.97	 1	 1	 1	 -3	 -3	 -3
14400	 1.66	 -3.76	 -2.95	 1	 1	 1	 -3	 -3	 -3
14500	 0.74	 -4.03	 -3.26	 1	 1	 1	 -3	 -3	 -3
14600	 0.64	 -3.30	 -3.29	 1	 1	 1	 -3	 -3	 -3
14700	 0.74	 -3.74	 -2.73	 1	 1	 1	 -3	 -3	 -3
14800	 -0.35	 -3.64	 -2.82	 1	 1	 1	 -3	 -3	 -3
14900	 -0.62	 -3.28	 -3.34	 1	 1	 1	 -3	 -3	 -3
15000	 0.84	 -3.41	 -2.14	 1	 1	 1	 -3	 -3	 -3
15100	 -0.16	 -3.76	 -2.33	 1	 1	 1	 -3	 -3	 -3
