#Time(ms)	 Value 	 Validity 	 avgValue 	 Diff 	 Outliers 	 invalidReason 
200	 -1.00 	0 	0.00 	1.00 	0 	0 
300	 -1.00 	0 	0.00 	1.00 	1 	0 
400	 -1.00 	0 	0.00 	1.00 	2 	0 
500	 -1.00 	0 	0.00 	1.00 	3 	0 
600	 -1.00 	0 	0.00 	1.00 	4 	0 
700	 -1.00 	0 	0.00 	1.00 	5 	0 
800	 151.17 	0 	45.35 	105.82 	5 	105.82 
900	 154.19 	0 	78.00 	76.19 	0 	76.19 
1000	 156.15 	0 	101.45 	54.70 	0 	54.70 
1100	 169.86 	0 	121.97 	47.89 	0 	47.89 
1200	 169.86 	0 	121.97 	47.89 	1 	47.89 
1300	 170.39 	0 	136.50 	33.89 	0 	33.89 
1400	 173.24 	0 	147.52 	25.72 	0 	25.72 
1500	 171.10 	0 	154.59 	16.51 	0 	16.51 
1600	 172.08 	0 	159.84 	12.24 	0 	12.24 
1700	 169.41 	0 	162.71 	6.70 	0 	6.70 
1800	 169.41 	0 	162.71 	6.70 	1 	6.70 
1900	 171.64 	0 	165.39 	6.25 	0 	6.25 
2000	 171.64 	0 	165.39 	6.25 	1 	6.25 
2100	 171.64 	0 	165.39 	6.25 	2 	6.25 
2200	 171.01 	0 	167.08 	3.93 	0 	3.93 
2300	 169.86 	1 	167.91 	1.95 	0 	-3 
2400	 169.32 	1 	168.33 	0.99 	0 	-3 
2500	 -1.00 	0 	168.33 	169.33 	0 	169.33 
2600	 -1.00 	0 	168.33 	169.33 	0 	169.33 
2700	 -1.00 	0 	168.33 	169.33 	1 	169.33 
2800	 -1.00 	0 	168.33 	169.33 	2 	169.33 
2900	 -1.00 	0 	168.33 	169.33 	3 	169.33 
3000	 -1.00 	0 	168.33 	169.33 	4 	169.33 
3100	 -1.00 	0 	168.33 	169.33 	5 	169.33 
3200	 171.55 	1 	169.30 	2.25 	5 	-3 
3300	 169.86 	1 	169.47 	0.39 	0 	-3 
3400	 170.75 	1 	169.85 	0.90 	0 	-3 
3500	 153.04 	0 	164.81 	11.77 	0 	11.77 
3600	 170.48 	0 	166.51 	3.97 	0 	3.97 
3700	 172.17 	0 	168.21 	3.96 	0 	3.96 
3800	 169.94 	1 	168.73 	1.21 	0 	-3 
3900	 169.94 	1 	168.73 	1.21 	1 	-3 
4000	 169.94 	1 	168.73 	1.21 	2 	-3 
4100	 169.86 	1 	169.07 	0.79 	0 	-3 
4200	 -1.00 	0 	169.07 	170.07 	0 	170.07 
4300	 -1.00 	0 	169.07 	170.07 	0 	170.07 
4400	 -1.00 	0 	169.07 	170.07 	1 	170.07 
4500	 -1.00 	0 	169.07 	170.07 	2 	170.07 
4600	 -1.00 	0 	169.07 	170.07 	3 	170.07 
4700	 -1.00 	0 	169.07 	170.07 	4 	170.07 
4800	 -1.00 	0 	169.07 	170.07 	5 	170.07 
4900	 176.53 	0 	171.31 	5.22 	5 	5.22 
5000	 174.57 	1 	172.29 	2.28 	0 	-3 
5100	 172.26 	1 	172.28 	0.02 	0 	-3 
5200	 174.84 	1 	173.05 	1.79 	0 	-3 
5300	 169.94 	1 	172.11 	2.17 	0 	-3 
5400	 171.99 	1 	172.08 	0.09 	0 	-3 
5500	 171.99 	1 	172.08 	0.09 	1 	-3 
5600	 173.24 	1 	172.43 	0.81 	0 	-3 
5700	 173.24 	1 	172.43 	0.81 	1 	-3 
5800	 172.08 	1 	172.32 	0.24 	0 	-3 
5900	 169.41 	1 	171.45 	2.04 	0 	-3 
6000	 170.48 	1 	171.16 	0.68 	0 	-3 
6100	 172.79 	1 	171.65 	1.14 	0 	-3 
6200	 171.28 	1 	171.54 	0.26 	0 	-3 
6300	 172.35 	1 	171.78 	0.57 	0 	-3 
6400	 173.50 	1 	172.30 	1.20 	0 	-3 
6500	 172.61 	1 	172.39 	0.22 	0 	-3 
6600	 156.15 	0 	167.52 	11.37 	0 	11.37 
6700	 172.08 	0 	168.89 	3.19 	0 	3.19 
6800	 168.16 	1 	168.67 	0.51 	0 	-3 
6900	 168.16 	1 	168.67 	0.51 	1 	-3 
7000	 172.26 	1 	169.75 	2.51 	0 	-3 
7100	 172.26 	1 	169.75 	2.51 	1 	-3 
7200	 -1.00 	0 	169.75 	170.75 	1 	170.75 
7300	 -1.00 	0 	169.75 	170.75 	2 	170.75 
7400	 -1.00 	0 	169.75 	170.75 	2 	170.75 
7500	 -1.00 	0 	169.75 	170.75 	2 	170.75 
7600	 -1.00 	0 	169.75 	170.75 	3 	170.75 
7700	 -1.00 	0 	169.75 	170.75 	4 	170.75 
7800	 -1.00 	0 	169.75 	170.75 	5 	170.75 
7900	 172.61 	1 	170.61 	2.00 	5 	-3 
8000	 220.76 	0 	185.65 	35.11 	5 	35.11 
8100	 169.32 	0 	180.75 	11.43 	5 	11.43 
8200	 169.32 	0 	177.32 	8.00 	0 	8.00 
8300	 174.04 	1 	176.34 	2.30 	0 	-3 
8400	 170.48 	0 	174.58 	4.10 	0 	4.10 
8500	 152.77 	0 	168.04 	15.27 	0 	15.27 
8600	 152.77 	0 	168.04 	15.27 	1 	15.27 
8700	 152.77 	0 	168.04 	15.27 	2 	15.27 
8800	 152.77 	0 	168.04 	15.27 	3 	15.27 
8900	 169.94 	1 	168.61 	1.33 	0 	-3 
9000	 170.66 	1 	169.22 	1.44 	0 	-3 
9100	 175.19 	0 	171.01 	4.18 	0 	4.18 
9200	 171.81 	1 	171.25 	0.56 	0 	-3 
9300	 171.81 	1 	171.25 	0.56 	1 	-3 
9400	 170.39 	1 	170.99 	0.60 	0 	-3 
9500	 169.41 	1 	170.52 	1.11 	0 	-3 
9600	 170.75 	1 	170.59 	0.16 	0 	-3 
9700	 153.39 	0 	165.43 	12.04 	0 	12.04 
9800	 169.32 	1 	166.60 	2.72 	0 	-3 
9900	 170.92 	0 	167.89 	3.03 	0 	3.03 
10000	 174.57 	0 	169.90 	4.67 	0 	4.67 
10100	 173.24 	1 	170.90 	2.34 	0 	-3 
