#Time(ms)	 Value 	 Validity 	 avgValue 	 Diff 	 Outliers 	 invalidReason 
200	 -1.00 	0 	0.00 	1.00 	0 	0 
300	 -1.00 	0 	0.00 	1.00 	1 	0 
400	 -1.00 	0 	0.00 	1.00 	2 	0 
500	 -1.00 	0 	0.00 	1.00 	3 	0 
600	 -1.00 	0 	0.00 	1.00 	4 	0 
700	 -1.00 	0 	0.00 	1.00 	5 	0 
800	 175.19 	0 	52.56 	122.63 	5 	122.63 
900	 169.05 	0 	87.50 	81.55 	0 	81.55 
1000	 169.68 	0 	112.16 	57.52 	0 	57.52 
1100	 172.61 	0 	130.29 	42.32 	0 	42.32 
1200	 172.61 	0 	142.99 	29.62 	0 	29.62 
1300	 170.83 	0 	151.34 	19.49 	0 	19.49 
1400	 169.86 	0 	156.90 	12.96 	0 	12.96 
1500	 170.75 	0 	161.05 	9.70 	0 	9.70 
1600	 171.81 	0 	164.28 	7.53 	0 	7.53 
1700	 171.55 	0 	166.46 	5.09 	0 	5.09 
1800	 174.13 	0 	168.76 	5.37 	0 	5.37 
1900	 168.52 	1 	168.69 	0.17 	0 	-3 
2000	 169.23 	1 	168.85 	0.38 	0 	-3 
2100	 169.86 	1 	169.15 	0.71 	0 	-3 
2200	 170.92 	1 	169.68 	1.24 	0 	-3 
2300	 169.59 	1 	169.66 	0.07 	0 	-3 
2400	 171.37 	1 	170.17 	1.20 	0 	-3 
2500	 169.94 	1 	170.10 	0.16 	0 	-3 
2600	 171.28 	1 	170.45 	0.83 	0 	-3 
2700	 172.44 	1 	171.05 	1.39 	0 	-3 
2800	 171.81 	1 	171.28 	0.53 	0 	-3 
2900	 177.24 	0 	173.07 	4.17 	0 	4.17 
3000	 176.53 	1 	174.11 	2.42 	0 	-3 
3100	 169.86 	1 	172.83 	2.97 	0 	-3 
3200	 167.63 	0 	171.27 	3.64 	0 	3.64 
3300	 169.86 	1 	170.85 	0.99 	0 	-3 
3400	 167.72 	1 	169.91 	2.19 	0 	-3 
3500	 168.08 	1 	169.36 	1.28 	0 	-3 
3600	 170.12 	1 	169.59 	0.53 	0 	-3 
3700	 168.52 	1 	169.27 	0.75 	0 	-3 
3800	 177.42 	0 	171.71 	5.71 	0 	5.71 
3900	 171.55 	1 	171.66 	0.11 	0 	-3 
4000	 167.99 	1 	170.56 	2.57 	0 	-3 
4100	 169.59 	1 	170.27 	0.68 	0 	-3 
4200	 168.88 	1 	169.85 	0.97 	0 	-3 
4300	 177.78 	0 	172.23 	5.55 	0 	5.55 
4400	 178.31 	0 	174.05 	4.26 	0 	4.26 
4500	 171.28 	1 	173.22 	1.94 	0 	-3 
4600	 171.28 	1 	173.22 	1.94 	1 	-3 
4700	 171.46 	1 	172.69 	1.23 	0 	-3 
4800	 170.75 	1 	172.11 	1.36 	0 	-3 
4900	 167.63 	0 	170.77 	3.14 	0 	3.14 
5000	 171.55 	1 	171.00 	0.55 	0 	-3 
5100	 169.23 	1 	170.47 	1.24 	0 	-3 
5200	 168.70 	1 	169.94 	1.24 	0 	-3 
5300	 171.28 	1 	170.34 	0.94 	0 	-3 
5400	 168.08 	1 	169.66 	1.58 	0 	-3 
5500	 168.70 	1 	169.37 	0.67 	0 	-3 
5600	 173.41 	1 	170.58 	2.83 	0 	-3 
5700	 167.63 	1 	169.70 	2.07 	0 	-3 
5800	 168.16 	1 	169.24 	1.08 	0 	-3 
5900	 169.05 	1 	169.18 	0.13 	0 	-3 
6000	 171.90 	1 	170.00 	1.90 	0 	-3 
6100	 168.25 	1 	169.47 	1.22 	0 	-3 
6200	 168.25 	1 	169.11 	0.86 	0 	-3 
6300	 169.32 	1 	169.17 	0.15 	0 	-3 
6400	 170.39 	1 	169.54 	0.85 	0 	-3 
6500	 169.05 	1 	169.39 	0.34 	0 	-3 
6600	 170.12 	1 	169.61 	0.51 	0 	-3 
6700	 171.81 	1 	170.27 	1.54 	0 	-3 
6800	 170.30 	1 	170.28 	0.02 	0 	-3 
6900	 168.52 	1 	169.75 	1.23 	0 	-3 
7000	 169.32 	1 	169.62 	0.30 	0 	-3 
7100	 176.44 	0 	171.67 	4.77 	0 	4.77 
7200	 174.30 	1 	172.46 	1.84 	0 	-3 
7300	 175.46 	1 	173.36 	2.10 	0 	-3 
7400	 169.14 	1 	172.09 	2.95 	0 	-3 
7500	 169.05 	1 	171.18 	2.13 	0 	-3 
7600	 174.57 	1 	172.20 	2.37 	0 	-3 
7700	 171.10 	1 	171.87 	0.77 	0 	-3 
7800	 167.63 	1 	170.60 	2.97 	0 	-3 
7900	 172.35 	1 	171.12 	1.23 	0 	-3 
8000	 169.77 	1 	170.72 	0.95 	0 	-3 
8100	 169.05 	1 	170.22 	1.17 	0 	-3 
8200	 169.05 	1 	169.87 	0.82 	0 	-3 
8300	 171.01 	1 	170.21 	0.80 	0 	-3 
8400	 171.55 	1 	170.61 	0.94 	0 	-3 
8500	 171.01 	1 	170.73 	0.28 	0 	-3 
8600	 171.01 	1 	170.73 	0.28 	1 	-3 
8700	 168.16 	1 	169.96 	1.80 	0 	-3 
8800	 171.55 	1 	170.44 	1.11 	0 	-3 
8900	 169.86 	1 	170.26 	0.40 	0 	-3 
9000	 167.99 	1 	169.58 	1.59 	0 	-3 
9100	 172.44 	1 	170.44 	2.00 	0 	-3 
9200	 169.05 	1 	170.02 	0.97 	0 	-3 
9300	 174.84 	0 	171.47 	3.37 	0 	3.37 
9400	 170.92 	1 	171.30 	0.38 	0 	-3 
9500	 169.23 	1 	170.68 	1.45 	0 	-3 
9600	 171.28 	1 	170.86 	0.42 	0 	-3 
9700	 177.42 	0 	172.83 	4.59 	0 	4.59 
9800	 169.05 	1 	171.70 	2.65 	0 	-3 
9900	 170.66 	1 	171.38 	0.72 	0 	-3 
10000	 171.46 	1 	171.41 	0.05 	0 	-3 
10100	 169.14 	1 	170.73 	1.59 	0 	-3 
