#Time(ms)	 xPos 	 yPos 	 zPos 	 xValid 	 yValid 	 zValid 	 validreasons x-y-z 
200	 0.00	 0.00	 0.00	 0	 1	 0	 -2	 -3	 -2
300	 0.00	 0.00	 0.00	 0	 1	 0	 -2	 -3	 -2
400	 0.00	 0.00	 0.00	 0	 1	 0	 -2	 -3	 -2
500	 0.00	 0.00	 0.00	 0	 1	 0	 -2	 -3	 -2
600	 0.00	 0.00	 2.85	 0	 1	 1	 -2	 -3	 -3
700	 0.00	 0.00	 2.00	 0	 0	 1	 -2	 -2	 -3
800	 0.00	 0.00	 1.21	 0	 0	 1	 -2	 -2	 -3
900	 0.00	 0.00	 0.66	 0	 0	 1	 -2	 -2	 -3
1000	 0.00	 0.00	 0.28	 0	 0	 1	 -2	 -2	 -3
1100	 0.00	 0.00	 0.19	 0	 0	 1	 -2	 -2	 -3
1200	 0.00	 0.00	 0.11	 0	 0	 1	 -2	 -2	 -3
1300	 0.00	 0.00	 0.05	 0	 0	 1	 -2	 -2	 -3
1400	 0.00	 0.00	 0.03	 0	 0	 1	 -2	 -2	 -3
1500	 0.00	 0.00	 -0.00	 0	 0	 1	 -2	 -2	 -3
1600	 0.00	 0.00	 -0.03	 0	 0	 1	 -2	 -2	 -3
1700	 0.00	 2.00	 -0.02	 0	 1	 1	 -2	 -3	 -3
1800	 2.76	 0.94	 -0.02	 1	 1	 0	 -3	 -3	 -2
1900	 2.12	 0.24	 -0.80	 1	 1	 1	 -3	 -3	 -3
2000	 1.19	 0.03	 -0.55	 1	 1	 1	 -3	 -3	 -3
2100	 0.99	 -0.03	 -0.38	 1	 1	 1	 -3	 -3	 -3
2200	 0.21	 -0.03	 -0.26	 1	 0	 1	 -3	 2.12	 -3
2300	 -0.86	 -0.03	 -0.19	 1	 0	 1	 -3	 2.12	 -3
2400	 -0.57	 -0.03	 0.05	 1	 0	 1	 -3	 2.95	 -3
2500	 -1.03	 -0.03	 0.06	 1	 0	 1	 -3	 2.46	 -3
2600	 -0.88	 -0.03	 -0.00	 1	 0	 1	 -3	 2.78	 -3
2700	 -0.43	 -0.03	 0.00	 1	 0	 1	 -3	 3.62	 -3
2800	 -0.62	 -0.03	 -0.03	 1	 0	 1	 -3	 3.94	 -3
2900	 -0.89	 -1.43	 0.53	 1	 1	 1	 -3	 -3	 -3
3000	 -1.27	 -1.70	 0.46	 1	 1	 1	 -3	 -3	 -3
3100	 -0.89	 -2.28	 0.41	 1	 1	 1	 -3	 -3	 -3
3200	 -0.89	 -1.46	 0.21	 0	 1	 1	 2.01	 -3	 -3
3300	 -0.89	 -1.46	 0.14	 0	 0	 1	 2.37	 2.72	 -3
3400	 -0.89	 -0.57	 0.28	 0	 1	 1	 2.32	 -3	 -3
3500	 -0.37	 -0.69	 0.14	 1	 1	 1	 -3	 -3	 -3
3600	 -0.40	 -0.57	 0.19	 1	 1	 1	 -3	 -3	 -3
3700	 -0.28	 -0.62	 0.28	 1	 1	 1	 -3	 -3	 -3
3800	 -0.75	 -1.05	 0.48	 1	 1	 1	 -3	 -3	 -3
3900	 -1.31	 -0.15	 0.34	 1	 1	 1	 -3	 -3	 -3
4000	 -1.06	 -0.87	 0.18	 1	 1	 1	 -3	 -3	 -3
4100	 -0.70	 -0.90	 0.11	 1	 1	 1	 -3	 -3	 -3
4200	 -1.17	 -1.26	 0.30	 1	 1	 1	 -3	 -3	 -3
4300	 -0.79	 -1.45	 0.52	 1	 1	 1	 -3	 -3	 -3
4400	 -1.01	 -1.42	 0.84	 1	 1	 1	 -3	 -3	 -3
4500	 -1.19	 -1.42	 0.81	 1	 0	 1	 -3	 4.37	 -3
4600	 -1.19	 -1.42	 0.96	 1	 0	 1	 -3	 4.02	 -3
4700	 -1.15	 -1.42	 0.89	 1	 0	 1	 -3	 3.12	 -3
4800	 -0.78	 -1.42	 0.91	 1	 0	 1	 -3	 2.63	 -3
4900	 -1.03	 -0.67	 1.00	 1	 1	 1	 -3	 -3	 -3
5000	 -1.03	 0.00	 1.07	 0	 1	 1	 2.59	 -3	 -3
5100	 -1.03	 -0.37	 0.86	 0	 1	 1	 2.17	 -3	 -3
5200	 -1.60	 -0.52	 0.98	 1	 1	 1	 -3	 -3	 -3
5300	 -1.60	 -0.48	 0.56	 0	 1	 1	 2.68	 -3	 -3
5400	 -1.60	 -0.94	 0.41	 0	 1	 1	 3.36	 -3	 -3
5500	 -1.60	 -1.17	 0.37	 0	 1	 1	 2.74	 -3	 -3
5600	 -1.60	 -0.70	 0.52	 0	 1	 1	 2.12	 -3	 -3
5700	 -1.60	 -0.93	 0.60	 0	 1	 1	 2.08	 -3	 -3
5800	 -2.34	 -1.26	 0.67	 1	 1	 1	 -3	 -3	 -3
5900	 -2.34	 -1.36	 0.63	 0	 1	 1	 3.19	 -3	 -3
6000	 -2.34	 -1.05	 1.15	 0	 1	 1	 3.77	 -3	 -3
6100	 -2.34	 -1.25	 1.10	 0	 1	 1	 2.97	 -3	 -3
6200	 -2.34	 -1.38	 0.86	 0	 1	 1	 3.56	 -3	 -3
6300	 -2.34	 -1.40	 0.88	 0	 1	 1	 2.83	 -3	 -3
6400	 -2.34	 -1.25	 0.96	 0	 1	 1	 2.47	 -3	 -3
6500	 -2.34	 -1.14	 0.81	 0	 1	 1	 2.63	 -3	 -3
6600	 -0.57	 -1.09	 1.01	 1	 1	 1	 -3	 -3	 -3
6700	 -0.40	 -0.65	 1.00	 1	 1	 1	 -3	 -3	 -3
6800	 0.01	 -0.75	 0.82	 1	 1	 1	 -3	 -3	 -3
6900	 -0.39	 -1.14	 0.37	 1	 1	 1	 -3	 -3	 -3
7000	 0.20	 -1.23	 0.36	 1	 1	 1	 -3	 -3	 -3
7100	 0.20	 -1.40	 0.37	 1	 1	 1	 -3	 -3	 -3
7200	 -2.02	 -1.30	 0.31	 1	 1	 1	 -3	 -3	 -3
7300	 -2.22	 -0.85	 0.29	 1	 1	 1	 -3	 -3	 -3
7400	 -2.70	 -1.57	 0.43	 1	 1	 1	 -3	 -3	 -3
7500	 -2.21	 -1.87	 0.30	 1	 1	 1	 -3	 -3	 -3
7600	 -1.71	 -1.35	 0.05	 1	 1	 1	 -3	 -3	 -3
7700	 -1.20	 -1.66	 0.50	 1	 1	 1	 -3	 -3	 -3
7800	 -0.65	 -2.35	 0.41	 1	 1	 1	 -3	 -3	 -3
7900	 -0.65	 -1.97	 0.45	 0	 1	 1	 2.39	 -3	 -3
8000	 -0.16	 -2.26	 0.56	 1	 1	 1	 -3	 -3	 -3
8100	 0.23	 -2.26	 0.54	 1	 0	 1	 -3	 2.61	 -3
8200	 -0.13	 -2.26	 0.45	 1	 0	 1	 -3	 2.78	 -3
8300	 -0.13	 -2.26	 0.40	 0	 0	 1	 2.42	 2.32	 -3
8400	 -0.85	 -2.40	 0.45	 1	 1	 1	 -3	 -3	 -3
8500	 -1.26	 -2.47	 0.53	 1	 1	 1	 -3	 -3	 -3
8600	 -1.26	 -2.27	 0.52	 1	 1	 1	 -3	 -3	 -3
8700	 -0.72	 -2.27	 0.54	 1	 0	 1	 -3	 2.68	 -3
8800	 -0.51	 -2.27	 0.37	 1	 0	 1	 -3	 2.24	 -3
8900	 -1.18	 -2.27	 0.25	 1	 0	 1	 -3	 2.63	 -3
9000	 -0.89	 -2.27	 0.15	 1	 0	 1	 -3	 3.38	 -3
9100	 -0.39	 -2.27	 0.77	 1	 0	 1	 -3	 2.20	 -3
9200	 -0.69	 -2.27	 1.01	 1	 0	 1	 -3	 2.39	 -3
9300	 -0.94	 -1.54	 0.93	 1	 1	 1	 -3	 -3	 -3
9400	 -1.01	 -1.54	 0.96	 1	 0	 1	 -3	 2.92	 -3
9500	 -1.68	 -0.28	 0.99	 1	 1	 1	 -3	 -3	 -3
9600	 -1.61	 -0.13	 0.71	 1	 1	 1	 -3	 -3	 -3
9700	 -1.61	 -1.05	 0.42	 0	 1	 1	 -2	 -3	 -3
9800	 -4.33	 -1.05	 0.35	 1	 0	 1	 -3	 3.96	 -3
9900	 -4.33	 -1.05	 0.29	 0	 0	 1	 -2	 3.54	 -3
10000	 -4.33	 -1.05	 0.26	 0	 0	 1	 -2	 3.46	 -3
10100	 -6.67	 -1.05	 0.21	 1	 0	 1	 -3	 3.00	 -3
