#Time(ms)	 Value 	 Validity 	 avgValue 	 Diff 	 Outliers 	 invalidReason	 SD 
200	 -1.00 	0 	0.00 	1.00 	0 	0	 0.00	 0.00 
300	 -1.00 	0 	0.00 	1.00 	0 	0	 0.00	 0.00 
400	 139.24 	0 	69.62 	69.62 	0 	69.62	 14.02	 97.47 
500	 110.59 	0 	90.11 	20.48 	0 	20.48	 15.49	 106.65 
600	 140.76 	0 	115.43 	25.33 	0 	25.33	 16.95	 130.53 
700	 136.84 	1 	126.14 	10.70 	0 	-3	 15.65	 134.95 
800	 111.48 	1 	118.81 	7.33 	0 	-3	 16.62	 118.52 
900	 103.92 	1 	111.36 	7.44 	0 	-3	 15.72	 108.30 
1000	 102.40 	1 	106.88 	4.48 	0 	-3	 14.30	 104.17 
1100	 101.69 	1 	104.29 	2.60 	0 	-3	 12.94	 102.43 
1200	 103.38 	1 	103.83 	0.45 	0 	-3	 11.81	 103.10 
1300	 96.00 	1 	99.92 	3.92 	0 	-3	 11.37	 98.13 
1400	 137.55 	1 	118.73 	18.82 	0 	-3	 14.39	 125.72 
1500	 138.71 	1 	128.72 	9.99 	0 	-3	 13.06	 134.81 
1600	 95.37 	1 	112.05 	16.68 	0 	-3	 16.09	 107.20 
1700	 139.60 	1 	125.82 	13.78 	0 	-3	 18.91	 129.88 
1800	 103.38 	1 	114.60 	11.22 	0 	-3	 20.64	 111.33 
1900	 104.00 	1 	109.30 	5.30 	0 	-3	 18.64	 106.20 
2000	 128.48 	1 	118.89 	9.59 	0 	-3	 19.22	 121.80 
2100	 102.31 	1 	110.60 	8.29 	0 	-3	 19.92	 108.16 
2200	 129.81 	1 	120.21 	9.60 	0 	-3	 20.67	 123.31 
2300	 141.56 	1 	130.88 	10.68 	0 	-3	 19.78	 136.09 
2400	 104.36 	1 	117.62 	13.26 	0 	-3	 21.52	 113.88 
2500	 138.80 	1 	128.21 	10.59 	0 	-3	 22.81	 131.32 
2600	 128.48 	1 	128.35 	0.13 	0 	-3	 21.57	 129.33 
2700	 92.79 	1 	110.57 	17.78 	0 	-3	 22.98	 103.75 
2800	 137.64 	1 	124.10 	13.54 	0 	-3	 25.17	 127.47 
2900	 139.24 	1 	131.67 	7.57 	0 	-3	 22.81	 135.71 
3000	 138.18 	1 	134.93 	3.25 	0 	-3	 20.63	 137.44 
3100	 139.87 	1 	137.40 	2.47 	0 	-3	 18.74	 139.14 
3200	 95.02 	1 	116.21 	21.19 	0 	-3	 21.35	 108.26 
3300	 103.83 	1 	110.02 	6.19 	0 	-3	 20.10	 105.16 
3400	 139.87 	1 	124.94 	14.93 	0 	-3	 21.69	 129.46 
3500	 104.81 	1 	114.88 	10.07 	0 	-3	 23.03	 112.20 
3600	 104.00 	1 	109.44 	5.44 	0 	-3	 20.81	 106.46 
3700	 104.36 	1 	106.90 	2.54 	0 	-3	 18.76	 104.99 
3800	 141.47 	1 	124.18 	17.29 	0 	-3	 20.60	 130.53 
3900	 142.00 	1 	133.09 	8.91 	0 	-3	 18.59	 138.56 
4000	 95.02 	1 	114.06 	19.04 	0 	-3	 21.43	 108.08 
4100	 142.00 	1 	128.03 	13.97 	0 	-3	 23.98	 131.82 
4200	 94.30 	1 	111.16 	16.86 	0 	-3	 26.36	 105.56 
4300	 105.43 	1 	108.30 	2.87 	0 	-3	 24.83	 105.47 
4400	 92.17 	1 	100.23 	8.06 	0 	-3	 23.68	 96.16 
4500	 148.32 	1 	124.28 	24.04 	0 	-3	 26.92	 132.67 
4600	 137.82 	1 	131.05 	6.77 	0 	-3	 25.28	 136.28 
4700	 140.93 	1 	135.99 	4.94 	0 	-3	 23.06	 139.53 
4800	 102.85 	1 	119.42 	16.57 	0 	-3	 24.57	 113.86 
4900	 142.63 	1 	131.02 	11.61 	0 	-3	 26.09	 134.00 
5000	 93.24 	1 	112.13 	18.89 	0 	-3	 28.42	 105.47 
5100	 141.47 	1 	126.80 	14.67 	0 	-3	 30.40	 130.67 
5200	 139.24 	1 	133.02 	6.22 	0 	-3	 27.58	 136.67 
5300	 93.86 	1 	113.44 	19.58 	0 	-3	 29.36	 106.70 
5400	 101.78 	1 	107.61 	5.83 	0 	-3	 27.22	 103.26 
5500	 114.24 	1 	110.93 	3.31 	0 	-3	 25.74	 110.95 
5600	 130.26 	1 	120.59 	9.67 	0 	-3	 24.77	 124.47 
5700	 137.64 	1 	129.12 	8.52 	0 	-3	 23.03	 133.69 
5800	 101.51 	1 	115.31 	13.80 	0 	-3	 24.34	 111.16 
5900	 113.17 	1 	114.24 	1.07 	0 	-3	 23.07	 112.57 
6000	 102.85 	1 	108.55 	5.70 	0 	-3	 21.80	 105.77 
6100	 137.64 	1 	123.09 	14.55 	0 	-3	 23.10	 128.08 
6200	 92.70 	1 	107.90 	15.20 	0 	-3	 25.28	 103.31 
6300	 104.00 	1 	105.95 	1.95 	0 	-3	 23.88	 103.79 
6400	 101.78 	1 	103.86 	2.08 	0 	-3	 21.72	 102.38 
6500	 103.47 	1 	103.67 	0.20 	0 	-3	 19.71	 103.14 
6600	 107.30 	1 	105.48 	1.82 	0 	-3	 18.13	 106.05 
6700	 139.33 	1 	122.41 	16.92 	0 	-3	 19.52	 129.35 
6800	 -1.00 	0 	122.41 	123.41 	0 	0	 19.52	 129.35 
6900	 141.38 	1 	131.89 	9.49 	0 	-3	 31.80	 137.77 
7000	 138.80 	1 	135.35 	3.45 	0 	-3	 28.88	 138.49 
7100	 94.30 	1 	114.82 	20.52 	0 	-3	 30.44	 107.56 
7200	 141.56 	1 	128.19 	13.37 	0 	-3	 32.12	 131.36 
7300	 106.14 	1 	117.17 	11.03 	0 	-3	 32.45	 113.71 
7400	 99.91 	1 	108.54 	8.63 	0 	-3	 29.83	 104.05 
7500	 129.19 	1 	118.86 	10.33 	0 	-3	 29.78	 121.65 
7600	 113.35 	1 	116.11 	2.76 	0 	-3	 28.38	 115.84 
7700	 101.69 	1 	108.90 	7.21 	0 	-3	 26.71	 105.93 
7800	 102.31 	1 	105.60 	3.29 	0 	-3	 24.10	 103.40 
7900	 99.38 	1 	102.49 	3.11 	0 	-3	 21.98	 100.59 
8000	 127.50 	1 	115.00 	12.50 	0 	-3	 22.60	 119.43 
8100	 138.71 	1 	126.85 	11.86 	0 	-3	 21.46	 132.92 
8200	 103.38 	1 	115.12 	11.74 	0 	-3	 22.85	 112.24 
8300	 103.47 	1 	109.29 	5.82 	0 	-3	 20.57	 106.10 
8400	 106.85 	1 	108.07 	1.22 	0 	-3	 18.85	 106.63 
8500	 104.54 	1 	106.31 	1.77 	0 	-3	 17.20	 105.17 
8600	 103.47 	1 	104.89 	1.42 	0 	-3	 15.58	 103.98 
8700	 110.32 	1 	107.60 	2.72 	0 	-3	 14.71	 108.42 
8800	 101.78 	1 	104.69 	2.91 	0 	-3	 14.09	 103.77 
8900	 138.18 	1 	121.44 	16.74 	0 	-3	 16.32	 127.86 
9000	 102.58 	1 	112.01 	9.43 	0 	-3	 18.25	 110.16 
9100	 129.72 	1 	120.86 	8.86 	0 	-3	 19.14	 123.85 
9200	 140.40 	1 	130.63 	9.77 	0 	-3	 18.29	 135.44 
9300	 130.26 	1 	130.45 	0.19 	0 	-3	 17.48	 131.81 
9400	 137.02 	1 	133.73 	3.29 	0 	-3	 16.41	 135.46 
9500	 137.11 	1 	135.42 	1.69 	0 	-3	 14.78	 136.61 
9600	 104.27 	1 	119.85 	15.58 	0 	-3	 16.58	 113.97 
9700	 102.94 	1 	111.39 	8.45 	0 	-3	 15.06	 106.25 
9800	 105.52 	1 	108.46 	2.94 	0 	-3	 13.81	 105.74 
9900	 104.36 	1 	106.41 	2.05 	0 	-3	 12.54	 104.77 
10000	 -1.00 	0 	106.41 	107.41 	0 	0	 12.54	 104.77 
10100	 -1.00 	0 	106.41 	107.41 	0 	0	 12.54	 104.77 
