#Time(ms)	 Value 	 Validity 	 avgValue 	 Diff 	 Outliers 	 invalidReason	 SD 
200	 -1.00 	0 	0.00 	1.00 	0 	0	 0.00	 0.00 
300	 9.32 	0 	4.66 	4.66 	0 	4.66	 1.03	 6.52 
400	 8.88 	0 	6.77 	2.11 	0 	2.11	 0.97	 8.17 
500	 8.88 	1 	7.83 	1.05 	0 	-3	 0.88	 8.67 
600	 -1.00 	0 	7.83 	8.83 	0 	0	 0.88	 8.67 
700	 10.57 	1 	9.20 	1.37 	0 	-3	 1.94	 10.00 
800	 10.66 	1 	9.93 	0.73 	0 	-3	 1.76	 10.46 
900	 8.88 	1 	9.40 	0.52 	0 	-3	 1.76	 9.35 
1000	 8.88 	1 	9.14 	0.26 	0 	-3	 1.59	 9.02 
1100	 8.88 	1 	9.01 	0.13 	0 	-3	 1.43	 8.92 
1200	 8.88 	1 	8.95 	0.07 	0 	-3	 1.28	 8.89 
1300	 11.28 	1 	10.11 	1.17 	0 	-3	 1.40	 10.56 
1400	 8.97 	1 	9.54 	0.57 	0 	-3	 1.49	 9.45 
1500	 8.88 	1 	9.21 	0.33 	0 	-3	 1.35	 9.05 
1600	 11.19 	1 	10.20 	0.99 	0 	-3	 1.44	 10.55 
1700	 10.66 	1 	10.43 	0.23 	0 	-3	 1.35	 10.63 
1800	 8.88 	1 	9.66 	0.78 	0 	-3	 1.40	 9.40 
1900	 8.88 	1 	9.27 	0.39 	0 	-3	 1.26	 9.04 
2000	 -1.00 	0 	9.27 	10.27 	0 	0	 1.26	 9.04 
2100	 8.88 	1 	9.07 	0.19 	0 	-3	 2.12	 8.93 
2200	 11.19 	1 	10.13 	1.06 	0 	-3	 2.14	 10.51 
2300	 8.88 	1 	9.51 	0.63 	0 	-3	 2.15	 9.37 
2400	 10.57 	1 	10.04 	0.53 	0 	-3	 2.11	 10.21 
2500	 8.88 	1 	9.46 	0.58 	0 	-3	 2.07	 9.28 
2600	 11.28 	1 	10.37 	0.91 	0 	-3	 2.10	 10.68 
2700	 11.28 	1 	10.82 	0.46 	0 	-3	 1.89	 11.10 
2800	 8.97 	1 	9.90 	0.93 	0 	-3	 1.93	 9.61 
2900	 8.97 	1 	9.43 	0.46 	0 	-3	 1.74	 9.16 
3000	 8.88 	1 	9.16 	0.28 	0 	-3	 1.57	 8.96 
3100	 8.88 	1 	9.02 	0.14 	0 	-3	 1.42	 8.91 
3200	 11.28 	1 	10.15 	1.13 	0 	-3	 1.51	 10.57 
3300	 8.97 	1 	9.56 	0.59 	0 	-3	 1.59	 9.45 
3400	 8.97 	1 	9.26 	0.29 	0 	-3	 1.43	 9.11 
3500	 10.57 	1 	9.92 	0.65 	0 	-3	 1.45	 10.13 
3600	 8.88 	1 	9.40 	0.52 	0 	-3	 1.48	 9.26 
3700	 10.57 	1 	9.98 	0.59 	0 	-3	 1.50	 10.18 
3800	 8.88 	1 	9.43 	0.55 	0 	-3	 1.52	 9.27 
3900	 8.88 	1 	9.16 	0.28 	0 	-3	 1.36	 9.00 
4000	 11.19 	1 	10.17 	1.02 	0 	-3	 1.46	 10.53 
4100	 8.88 	1 	9.53 	0.65 	0 	-3	 1.54	 9.38 
4200	 11.28 	1 	10.40 	0.88 	0 	-3	 1.63	 10.71 
4300	 10.57 	1 	10.49 	0.08 	0 	-3	 1.54	 10.61 
4400	 11.28 	1 	10.88 	0.40 	0 	-3	 1.45	 11.08 
4500	 11.28 	1 	11.08 	0.20 	0 	-3	 1.31	 11.22 
4600	 10.66 	1 	10.87 	0.21 	0 	-3	 1.24	 10.83 
4700	 8.97 	1 	9.92 	0.95 	0 	-3	 1.29	 9.53 
4800	 8.97 	1 	9.45 	0.48 	0 	-3	 1.16	 9.14 
4900	 8.97 	1 	9.21 	0.24 	0 	-3	 1.04	 9.02 
5000	 11.28 	1 	10.24 	1.04 	0 	-3	 1.17	 10.60 
5100	 8.88 	1 	9.56 	0.68 	0 	-3	 1.29	 9.40 
5200	 8.88 	1 	9.22 	0.34 	0 	-3	 1.16	 9.03 
5300	 11.28 	1 	10.25 	1.03 	0 	-3	 1.29	 10.61 
5400	 8.88 	1 	9.57 	0.69 	0 	-3	 1.40	 9.40 
5500	 -1.00 	0 	9.57 	10.57 	0 	0	 1.40	 9.40 
5600	 11.28 	1 	10.42 	0.86 	0 	-3	 2.49	 10.72 
5700	 8.97 	1 	9.70 	0.73 	0 	-3	 2.47	 9.49 
5800	 11.19 	1 	10.44 	0.75 	0 	-3	 2.44	 10.68 
5900	 10.66 	1 	10.55 	0.11 	0 	-3	 2.25	 10.67 
6000	 8.88 	1 	9.72 	0.84 	0 	-3	 2.20	 9.42 
6100	 8.97 	1 	9.34 	0.37 	0 	-3	 1.99	 9.10 
6200	 11.19 	1 	10.27 	0.92 	0 	-3	 2.02	 10.56 
6300	 8.97 	1 	9.62 	0.65 	0 	-3	 2.04	 9.45 
6400	 8.88 	1 	9.25 	0.37 	0 	-3	 1.84	 9.05 
6500	 8.88 	1 	9.06 	0.18 	0 	-3	 1.66	 8.93 
6600	 8.88 	1 	8.97 	0.09 	0 	-3	 1.49	 8.90 
6700	 8.79 	1 	8.88 	0.09 	0 	-3	 1.35	 8.82 
6800	 8.88 	1 	8.88 	0.00 	0 	-3	 1.23	 8.86 
6900	 10.92 	1 	9.90 	1.02 	0 	-3	 1.31	 10.30 
7000	 8.88 	1 	9.39 	0.51 	0 	-3	 1.38	 9.31 
7100	 11.19 	1 	10.29 	0.90 	0 	-3	 1.47	 10.63 
7200	 8.88 	1 	9.59 	0.71 	0 	-3	 1.56	 9.40 
7300	 8.88 	1 	9.23 	0.35 	0 	-3	 1.40	 9.04 
7400	 11.19 	1 	10.21 	0.98 	0 	-3	 1.49	 10.54 
7500	 11.28 	1 	10.75 	0.53 	0 	-3	 1.35	 11.06 
7600	 8.97 	1 	9.86 	0.89 	0 	-3	 1.45	 9.60 
7700	 8.97 	1 	9.41 	0.44 	0 	-3	 1.30	 9.16 
7800	 8.88 	1 	9.15 	0.27 	0 	-3	 1.18	 8.96 
7900	 11.28 	1 	10.21 	1.07 	0 	-3	 1.30	 10.59 
8000	 11.19 	1 	10.70 	0.49 	0 	-3	 1.18	 11.01 
8100	 8.88 	1 	9.79 	0.91 	0 	-3	 1.29	 9.52 
8200	 8.88 	1 	9.34 	0.46 	0 	-3	 1.17	 9.07 
8300	 8.97 	1 	9.15 	0.18 	0 	-3	 1.06	 9.00 
8400	 8.97 	1 	9.06 	0.09 	0 	-3	 0.95	 8.98 
8500	 8.97 	1 	9.02 	0.05 	0 	-3	 0.86	 8.97 
8600	 8.97 	1 	8.99 	0.02 	0 	-3	 0.77	 8.97 
8700	 10.66 	1 	9.83 	0.83 	0 	-3	 0.86	 10.15 
8800	 8.88 	1 	9.35 	0.47 	0 	-3	 0.95	 9.26 
8900	 8.97 	1 	9.16 	0.19 	0 	-3	 0.87	 9.06 
9000	 -1.00 	0 	9.16 	10.16 	0 	0	 0.87	 9.06 
9100	 11.28 	1 	10.22 	1.06 	0 	-3	 2.01	 10.61 
9200	 8.97 	1 	9.60 	0.63 	0 	-3	 2.04	 9.46 
9300	 11.28 	1 	10.44 	0.84 	0 	-3	 2.07	 10.73 
9400	 8.97 	1 	9.70 	0.73 	0 	-3	 2.09	 9.50 
9500	 8.97 	1 	9.34 	0.37 	0 	-3	 1.88	 9.13 
9600	 10.66 	1 	10.00 	0.66 	0 	-3	 1.86	 10.20 
9700	 8.88 	1 	9.44 	0.56 	0 	-3	 1.85	 9.28 
9800	 10.66 	1 	10.05 	0.61 	0 	-3	 1.85	 10.24 
9900	 10.66 	1 	10.35 	0.31 	0 	-3	 1.66	 10.54 
10000	 10.66 	1 	10.51 	0.15 	0 	-3	 1.50	 10.62 
10100	 9.23 	1 	9.87 	0.64 	0 	-3	 1.49	 9.65 
