#Time(ms)	  xPos 	 yPos 	 zPos 	 xVal 	 yVal 	 zVal 	 State 	 oRoll 	 oPitch 	 oYaw 	 oThrottle 	 spX 	 spY 	 spZ 
200	 0.00	 0.00	 0.00	 0	 0	 0	 hover	 1500	 1500	 1500	 1000	 0.00	 0.00	 0.00
300	 0.00	 0.00	 0.00	 0	 0	 0	 hover	 1500	 1500	 1500	 1000	 0.00	 0.00	 0.00
400	 0.00	 0.00	 0.00	 0	 0	 0	 hover	 1500	 1500	 1500	 1000	 0.00	 0.00	 0.00
500	 0.00	 0.00	 0.00	 1	 1	 1	 hover	 1500	 1500	 1500	 1000	 0.00	 0.00	 0.00
600	 0.00	 -0.65	 2.08	 0	 1	 1	 hover	 1500	 1500	 1500	 1022	 0.00	 0.00	 0.00
700	 0.00	 -1.07	 3.13	 1	 1	 1	 hover	 1501	 1500	 1500	 1036	 0.00	 0.00	 0.00
800	 -1.19	 -1.53	 1.97	 1	 1	 1	 hover	 1501	 1501	 1500	 1026	 0.00	 0.00	 0.00
900	 -26.65	 -0.56	 2.73	 1	 1	 1	 hover	 1500	 1526	 1500	 1037	 0.00	 0.00	 0.00
1000	 -27.25	 0.78	 3.06	 1	 1	 1	 hover	 1499	 1527	 1500	 1043	 0.00	 0.00	 0.00
1100	 -28.02	 1.16	 3.15	 1	 1	 1	 hover	 1498	 1528	 1500	 1047	 0.00	 0.00	 0.00
1200	 -28.07	 0.62	 3.12	 1	 1	 1	 hover	 1499	 1528	 1500	 1050	 0.00	 0.00	 0.00
1300	 -36.82	 -0.60	 1.83	 1	 1	 1	 hover	 1500	 1536	 1500	 1039	 0.00	 0.00	 0.00
1400	 -31.46	 -0.65	 3.80	 1	 1	 1	 hover	 1500	 1531	 1500	 1062	 0.00	 0.00	 0.00
1500	 -30.91	 -0.12	 3.29	 1	 1	 1	 hover	 1500	 1530	 1500	 1061	 0.00	 0.00	 0.00
1600	 -27.74	 -1.13	 1.93	 1	 1	 1	 hover	 1501	 1527	 1500	 1049	 0.00	 0.00	 0.00
1700	 -24.29	 -1.30	 1.73	 1	 1	 1	 hover	 1501	 1524	 1500	 1049	 0.00	 0.00	 0.00
1800	 -23.62	 -0.61	 2.74	 1	 1	 1	 hover	 1500	 1523	 1500	 1062	 0.00	 0.00	 0.00
1900	 -24.45	 -0.46	 3.04	 1	 1	 1	 hover	 1500	 1524	 1500	 1067	 0.00	 0.00	 0.00
2000	 -13.15	 -1.02	 5.89	 1	 1	 1	 hover	 1501	 1513	 1500	 1102	 0.00	 0.00	 0.00
2100	 -15.78	 -0.56	 5.41	 1	 1	 1	 hover	 1500	 1515	 1500	 1103	 0.00	 0.00	 0.00
2200	 -11.63	 -1.35	 4.13	 1	 1	 1	 hover	 1501	 1511	 1500	 1094	 0.00	 0.00	 0.00
2300	 1.14	 -1.21	 4.89	 1	 1	 1	 hover	 1501	 1498	 1500	 1106	 0.00	 0.00	 0.00
2400	 -21.07	 -0.66	 4.34	 1	 1	 1	 hover	 1500	 1521	 1500	 1105	 0.00	 0.00	 0.00
2500	 -3.62	 -0.50	 5.15	 1	 1	 1	 hover	 1500	 1503	 1500	 1118	 0.00	 0.00	 0.00
2600	 -5.61	 -1.15	 4.36	 1	 1	 1	 hover	 1501	 1505	 1500	 1115	 0.00	 0.00	 0.00
2700	 -10.97	 -1.52	 3.76	 1	 1	 1	 hover	 1501	 1510	 1500	 1113	 0.00	 0.00	 0.00
2800	 -7.47	 -1.19	 6.77	 1	 1	 1	 hover	 1501	 1507	 1500	 1149	 0.00	 0.00	 0.00
2900	 -5.80	 -0.79	 5.81	 1	 1	 1	 hover	 1500	 1505	 1500	 1146	 0.00	 0.00	 0.00
3000	 -5.95	 -0.41	 5.57	 1	 1	 1	 hover	 1500	 1505	 1500	 1149	 0.00	 0.00	 0.00
3100	 -5.73	 0.24	 5.42	 1	 1	 1	 hover	 1499	 1505	 1500	 1153	 0.00	 0.00	 0.00
3200	 -26.69	 -0.97	 4.24	 1	 1	 1	 hover	 1500	 1526	 1500	 1145	 0.00	 0.00	 0.00
3300	 -27.37	 -0.24	 4.86	 1	 1	 1	 hover	 1500	 1527	 1500	 1156	 0.00	 0.00	 0.00
3400	 -23.89	 -0.06	 5.33	 1	 1	 1	 hover	 1500	 1523	 1500	 1166	 0.00	 0.00	 0.00
3500	 -22.74	 -0.25	 4.75	 1	 1	 1	 hover	 1500	 1522	 1500	 1165	 0.00	 0.00	 0.00
3600	 -24.02	 -0.79	 5.32	 1	 1	 1	 hover	 1500	 1524	 1500	 1176	 0.00	 0.00	 0.00
3700	 -29.96	 -1.21	 5.00	 1	 1	 1	 hover	 1501	 1529	 1500	 1178	 0.00	 0.00	 0.00
3800	 -23.74	 -0.77	 8.24	 1	 1	 1	 hover	 1500	 1523	 1500	 1219	 0.00	 0.00	 0.00
3900	 -22.99	 -0.81	 5.99	 1	 1	 1	 hover	 1500	 1522	 1500	 1202	 0.00	 0.00	 0.00
4000	 -26.87	 -0.84	 4.38	 1	 1	 1	 hover	 1500	 1526	 1500	 1190	 0.00	 0.00	 0.00
4100	 -21.69	 -0.83	 4.76	 1	 1	 1	 hover	 1500	 1521	 1500	 1199	 0.00	 0.00	 0.00
4200	 -29.39	 -1.06	 4.40	 1	 1	 1	 hover	 1501	 1529	 1500	 1200	 0.00	 0.00	 0.00
4300	 -29.41	 -1.31	 4.64	 1	 1	 1	 hover	 1501	 1529	 1500	 1207	 0.00	 0.00	 0.00
4400	 -30.87	 -1.17	 6.52	 1	 1	 1	 hover	 1501	 1530	 1500	 1232	 0.00	 0.00	 0.00
4500	 -24.63	 -1.44	 4.54	 1	 1	 1	 hover	 1501	 1524	 1500	 1217	 0.00	 0.00	 0.00
4600	 -24.13	 -0.59	 4.23	 1	 1	 1	 hover	 1500	 1524	 1500	 1218	 0.00	 0.00	 0.00
4700	 4.59	 -0.13	 5.64	 1	 1	 1	 hover	 1500	 1495	 1500	 1238	 0.00	 0.00	 0.00
4800	 0.55	 -0.82	 5.36	 1	 1	 1	 hover	 1500	 1499	 1500	 1240	 0.00	 0.00	 0.00
4900	 3.31	 -0.47	 5.29	 1	 1	 1	 hover	 1500	 1496	 1500	 1245	 0.00	 0.00	 0.00
5000	 -29.48	 -0.66	 4.28	 1	 1	 1	 hover	 1500	 1529	 1500	 1239	 0.00	 0.00	 0.00
5100	 -25.83	 -0.90	 4.97	 1	 1	 1	 hover	 1500	 1525	 1500	 1251	 0.00	 0.00	 0.00
5200	 -26.14	 -0.68	 5.17	 1	 1	 1	 hover	 1500	 1526	 1500	 1258	 0.00	 0.00	 0.00
5300	 -28.24	 -0.38	 5.03	 1	 1	 1	 hover	 1500	 1528	 1500	 1262	 0.00	 0.00	 0.00
5400	 -28.83	 -0.41	 5.88	 1	 1	 1	 hover	 1500	 1528	 1500	 1276	 0.00	 0.00	 0.00
5500	 -24.00	 -0.53	 5.05	 1	 1	 1	 hover	 1500	 1524	 1500	 1273	 0.00	 0.00	 0.00
5600	 -21.58	 0.13	 4.39	 1	 1	 1	 hover	 1499	 1521	 1500	 1271	 0.00	 0.00	 0.00
5700	 -1.26	 -0.31	 5.34	 1	 1	 1	 hover	 1500	 1501	 1500	 1286	 0.00	 0.00	 0.00
5800	 -23.78	 -0.88	 4.93	 1	 1	 1	 hover	 1500	 1523	 1500	 1286	 0.00	 0.00	 0.00
5900	 -23.51	 -1.28	 5.26	 1	 1	 1	 hover	 1501	 1523	 1500	 1295	 0.00	 0.00	 0.00
6000	 -29.18	 0.06	 6.35	 1	 1	 1	 hover	 1499	 1529	 1500	 1312	 0.00	 0.00	 0.00
6100	 -24.96	 0.66	 6.06	 1	 1	 1	 hover	 1499	 1524	 1500	 1315	 0.00	 0.00	 0.00
6200	 -31.63	 -0.69	 4.54	 1	 1	 1	 hover	 1500	 1531	 1500	 1305	 0.00	 0.00	 0.00
6300	 -31.53	 -0.43	 6.32	 1	 1	 1	 hover	 1500	 1531	 1500	 1329	 0.00	 0.00	 0.00
6400	 -32.94	 -0.44	 6.72	 1	 1	 1	 hover	 1500	 1532	 1500	 1340	 0.00	 0.00	 0.00
6500	 -33.17	 -0.49	 6.82	 1	 1	 1	 hover	 1500	 1533	 1500	 1347	 0.00	 0.00	 0.00
6600	 -32.71	 -0.50	 8.09	 1	 1	 1	 hover	 1500	 1532	 1500	 1368	 0.00	 0.00	 0.00
6700	 -28.89	 -0.38	 7.27	 1	 1	 1	 hover	 1500	 1528	 1500	 1367	 0.00	 0.00	 0.00
6800	 -33.74	 -0.19	 7.04	 1	 1	 1	 hover	 1500	 1533	 1500	 1372	 0.00	 0.00	 0.00
6900	 -33.74	 -0.61	 5.61	 1	 1	 1	 hover	 1500	 1533	 1500	 1363	 0.00	 0.00	 0.00
7000	 -33.64	 -0.82	 6.39	 1	 1	 1	 hover	 1500	 1533	 1500	 1377	 0.00	 0.00	 0.00
7100	 -63.95	 -1.35	 5.30	 1	 1	 1	 hover	 1501	 1563	 1500	 1372	 0.00	 0.00	 0.00
7200	 -60.35	 -1.08	 6.91	 1	 1	 1	 hover	 1501	 1560	 1500	 1395	 0.00	 0.00	 0.00
7300	 -64.48	 -0.78	 6.73	 1	 1	 1	 hover	 1500	 1564	 1500	 1400	 0.00	 0.00	 0.00
7400	 -67.46	 -0.35	 5.22	 1	 1	 1	 hover	 1500	 1567	 1500	 1390	 0.00	 0.00	 0.00
7500	 -64.88	 -1.46	 4.74	 1	 1	 1	 hover	 1501	 1564	 1500	 1390	 0.00	 0.00	 0.00
7600	 -55.67	 -1.05	 6.00	 1	 1	 1	 hover	 1501	 1555	 1500	 1408	 0.00	 0.00	 0.00
7700	 -57.22	 -0.43	 6.29	 1	 1	 1	 hover	 1500	 1557	 1500	 1418	 0.00	 0.00	 0.00
7800	 -58.11	 -0.28	 6.41	 1	 1	 1	 hover	 1500	 1558	 1500	 1425	 0.00	 0.00	 0.00
7900	 -70.92	 -1.26	 4.90	 1	 1	 1	 hover	 1501	 1570	 1500	 1415	 0.00	 0.00	 0.00
8000	 -67.77	 -0.96	 5.07	 1	 1	 1	 hover	 1500	 1567	 1500	 1422	 0.00	 0.00	 0.00
8100	 -38.58	 -0.32	 6.05	 1	 1	 1	 hover	 1500	 1538	 1500	 1438	 0.00	 0.00	 0.00
8200	 -41.99	 -0.26	 6.33	 1	 1	 1	 hover	 1500	 1541	 1500	 1447	 0.00	 0.00	 0.00
8300	 -43.44	 -0.31	 6.70	 1	 1	 1	 hover	 1500	 1543	 1500	 1457	 0.00	 0.00	 0.00
8400	 -43.43	 -0.32	 6.70	 1	 1	 1	 hover	 1500	 1543	 1500	 1464	 0.00	 0.00	 0.00
8500	 -43.71	 -1.02	 6.60	 1	 1	 1	 hover	 1501	 1543	 1500	 1470	 0.00	 0.00	 0.00
8600	 -43.90	 0.23	 6.47	 1	 1	 1	 hover	 1499	 1543	 1500	 1475	 0.00	 0.00	 0.00
8700	 -63.09	 -0.50	 5.67	 1	 1	 1	 hover	 1500	 1563	 1500	 1472	 0.00	 0.00	 0.00
8800	 -64.16	 -0.64	 6.26	 1	 1	 1	 hover	 1500	 1564	 1500	 1485	 0.00	 0.00	 0.00
8900	 -60.56	 -0.89	 7.11	 1	 1	 1	 hover	 1500	 1560	 1500	 1500	 0.00	 0.00	 0.00
9000	 -61.35	 -1.11	 5.24	 1	 1	 1	 hover	 1501	 1561	 1500	 1487	 0.00	 0.00	 0.00
9100	 -59.00	 -0.52	 5.07	 1	 1	 1	 hover	 1500	 1558	 1500	 1490	 0.00	 0.00	 0.00
9200	 -36.07	 -0.59	 8.33	 1	 1	 1	 hover	 1500	 1536	 1500	 1531	 0.00	 0.00	 0.00
9300	 -39.70	 -0.07	 8.70	 1	 1	 1	 hover	 1500	 1539	 1500	 1543	 0.00	 0.00	 0.00
9400	 -36.05	 -0.25	 10.16	 1	 1	 1	 hover	 1500	 1536	 1500	 1568	 0.00	 0.00	 0.00
9500	 -35.76	 0.06	 7.28	 1	 1	 1	 hover	 1499	 1535	 1500	 1547	 0.00	 0.00	 0.00
9600	 -57.54	 -0.85	 5.54	 1	 1	 1	 hover	 1500	 1557	 1500	 1535	 0.00	 0.00	 0.00
9700	 -59.70	 -0.18	 6.36	 1	 1	 1	 hover	 1500	 1559	 1500	 1549	 0.00	 0.00	 0.00
9800	 -65.77	 -1.05	 8.49	 1	 1	 1	 hover	 1501	 1565	 1500	 1579	 0.00	 0.00	 0.00
9900	 -66.07	 -1.43	 6.15	 1	 1	 1	 hover	 1501	 1566	 1500	 1562	 0.00	 0.00	 0.00
10000	 -65.33	 -0.87	 7.71	 1	 1	 1	 hover	 1500	 1565	 1500	 1585	 0.00	 0.00	 0.00
10100	 -65.33	 -0.36	 8.06	 0	 1	 1	 hover	 1500	 1500	 1500	 1597	 0.00	 0.00	 0.00
