#Time(ms)	 Value 	 Validity 	 avgValue 	 Diff 	 Outliers 	 invalidReason	 SD 
200	 -1.00 	0 	0.00 	1.00 	0 	0	 0.00	 0.00 
300	 18.75 	0 	9.38 	9.38 	0 	9.38	 1.98	 13.12 
400	 18.67 	0 	14.02 	4.65 	0 	4.65	 1.79	 17.01 
500	 18.75 	1 	16.39 	2.36 	0 	-3	 1.61	 18.23 
600	 9.05 	0 	12.72 	3.67 	0 	3.67	 2.42	 11.80 
700	 9.14 	1 	10.93 	1.79 	0 	-3	 2.19	 9.94 
800	 9.05 	1 	9.99 	0.94 	0 	-3	 1.98	 9.32 
900	 18.58 	0 	14.28 	4.30 	0 	4.30	 2.74	 15.80 
1000	 18.67 	1 	16.48 	2.19 	0 	-3	 2.47	 17.81 
1100	 18.67 	1 	17.57 	1.10 	0 	-3	 2.22	 18.41 
1200	 18.67 	1 	18.12 	0.55 	0 	-3	 2.00	 18.59 
1300	 8.97 	0 	13.55 	4.58 	0 	4.58	 2.77	 11.86 
1400	 18.67 	1 	16.11 	2.56 	0 	-3	 3.46	 16.63 
1500	 18.67 	1 	17.39 	1.28 	0 	-3	 3.12	 18.06 
1600	 9.05 	0 	13.22 	4.17 	0 	4.17	 3.77	 11.75 
1700	 9.05 	1 	11.13 	2.08 	0 	-3	 3.39	 9.86 
1800	 18.67 	0 	14.90 	3.77 	0 	3.77	 4.01	 16.03 
1900	 18.67 	1 	16.79 	1.88 	0 	-3	 3.61	 17.88 
2000	 9.05 	0 	12.92 	3.87 	0 	3.87	 4.21	 11.70 
2100	 18.67 	1 	15.79 	2.88 	0 	-3	 4.75	 16.58 
2200	 8.97 	0 	12.38 	3.41 	0 	3.41	 5.25	 11.25 
2300	 18.67 	0 	15.53 	3.14 	0 	3.14	 5.69	 16.44 
2400	 9.14 	0 	12.33 	3.19 	0 	3.19	 6.08	 11.33 
2500	 18.67 	0 	15.50 	3.17 	0 	3.17	 6.42	 16.47 
2600	 8.97 	0 	12.24 	3.27 	0 	3.27	 6.75	 11.22 
2700	 9.14 	1 	10.69 	1.55 	0 	-3	 6.09	 9.76 
2800	 18.67 	0 	14.68 	3.99 	0 	3.99	 6.44	 16.00 
2900	 18.67 	1 	16.67 	2.00 	0 	-3	 5.79	 17.87 
3000	 18.75 	1 	17.71 	1.04 	0 	-3	 5.22	 18.49 
3100	 18.67 	1 	18.19 	0.48 	0 	-3	 4.71	 18.61 
3200	 9.05 	0 	13.62 	4.57 	0 	4.57	 5.20	 11.92 
3300	 18.58 	1 	16.10 	2.48 	0 	-3	 5.63	 16.58 
3400	 18.75 	1 	17.43 	1.32 	0 	-3	 5.09	 18.10 
3500	 9.05 	0 	13.24 	4.19 	0 	4.19	 5.55	 11.76 
3600	 18.67 	1 	15.95 	2.72 	0 	-3	 5.95	 16.60 
3700	 9.14 	0 	12.55 	3.41 	0 	3.41	 6.31	 11.38 
3800	 18.58 	1 	15.56 	3.02 	0 	-3	 6.62	 16.42 
3900	 18.67 	1 	17.12 	1.55 	0 	-3	 5.97	 17.99 
4000	 8.97 	0 	13.04 	4.07 	0 	4.07	 6.34	 11.68 
4100	 18.67 	1 	15.86 	2.81 	0 	-3	 6.68	 16.57 
4200	 9.05 	0 	12.45 	3.40 	0 	3.40	 6.97	 11.31 
4300	 9.05 	1 	10.75 	1.70 	0 	-3	 6.28	 9.73 
4400	 9.14 	1 	9.95 	0.81 	0 	-3	 5.66	 9.32 
4500	 9.14 	1 	9.54 	0.40 	0 	-3	 5.09	 9.19 
4600	 9.05 	1 	9.30 	0.25 	0 	-3	 4.59	 9.09 
4700	 18.67 	0 	13.98 	4.69 	0 	4.69	 5.09	 15.80 
4800	 18.67 	1 	16.33 	2.34 	0 	-3	 4.59	 17.81 
4900	 18.67 	1 	17.50 	1.17 	0 	-3	 4.13	 18.41 
5000	 9.14 	0 	13.32 	4.18 	0 	4.18	 4.67	 11.92 
5100	 18.67 	1 	15.99 	2.68 	0 	-3	 5.15	 16.65 
5200	 18.58 	1 	17.29 	1.29 	0 	-3	 4.65	 18.00 
5300	 9.05 	0 	13.17 	4.12 	0 	4.12	 5.14	 11.73 
5400	 18.67 	1 	15.92 	2.75 	0 	-3	 5.58	 16.59 
5500	 8.97 	0 	12.44 	3.47 	0 	3.47	 6.00	 11.26 
5600	 9.05 	1 	10.75 	1.70 	0 	-3	 5.40	 9.71 
5700	 18.67 	0 	14.71 	3.96 	0 	3.96	 5.83	 15.98 
5800	 9.05 	0 	11.88 	2.83 	0 	2.83	 6.20	 11.13 
5900	 9.05 	1 	10.46 	1.41 	0 	-3	 5.58	 9.67 
6000	 18.58 	0 	14.52 	4.06 	0 	4.06	 5.98	 15.91 
6100	 18.67 	1 	16.60 	2.07 	0 	-3	 5.39	 17.84 
6200	 9.05 	0 	12.82 	3.77 	0 	3.77	 5.81	 11.69 
6300	 18.67 	1 	15.75 	2.92 	0 	-3	 6.19	 16.58 
6400	 18.58 	1 	17.16 	1.42 	0 	-3	 5.58	 17.98 
6500	 18.67 	1 	17.92 	0.75 	0 	-3	 5.03	 18.46 
6600	 18.67 	1 	18.29 	0.38 	0 	-3	 4.53	 18.61 
6700	 18.75 	1 	18.52 	0.23 	0 	-3	 4.09	 18.71 
6800	 18.67 	1 	18.60 	0.07 	0 	-3	 3.69	 18.68 
6900	 8.97 	0 	13.78 	4.81 	0 	4.81	 4.29	 11.88 
7000	 18.67 	1 	16.23 	2.44 	0 	-3	 4.83	 16.63 
7100	 9.05 	0 	12.64 	3.59 	0 	3.59	 5.31	 11.33 
7200	 18.58 	1 	15.61 	2.97 	0 	-3	 5.73	 16.40 
7300	 18.67 	1 	17.14 	1.53 	0 	-3	 5.17	 17.99 
7400	 9.05 	0 	13.09 	4.04 	0 	4.04	 5.61	 11.73 
7500	 9.68 	1 	11.39 	1.71 	0 	-3	 5.11	 10.30 
7600	 18.67 	0 	15.03 	3.64 	0 	3.64	 5.50	 16.16 
7700	 18.67 	1 	16.85 	1.82 	0 	-3	 4.95	 17.92 
7800	 18.75 	1 	17.80 	0.95 	0 	-3	 4.46	 18.50 
7900	 9.05 	0 	13.42 	4.37 	0 	4.37	 4.99	 11.88 
8000	 9.68 	1 	11.55 	1.87 	0 	-3	 4.55	 10.34 
8100	 18.58 	0 	15.07 	3.51 	0 	3.51	 4.99	 16.11 
8200	 18.67 	1 	16.87 	1.80 	0 	-3	 4.50	 17.90 
8300	 18.67 	1 	17.77 	0.90 	0 	-3	 4.05	 18.44 
8400	 18.67 	1 	18.22 	0.45 	0 	-3	 3.64	 18.60 
8500	 18.75 	1 	18.48 	0.27 	0 	-3	 3.29	 18.71 
8600	 18.75 	1 	18.62 	0.13 	0 	-3	 2.96	 18.74 
8700	 9.05 	0 	13.83 	4.78 	0 	4.78	 3.63	 11.96 
8800	 18.67 	1 	16.25 	2.42 	0 	-3	 4.23	 16.66 
8900	 18.67 	1 	17.46 	1.21 	0 	-3	 3.81	 18.07 
9000	 8.97 	0 	13.22 	4.25 	0 	4.25	 4.40	 11.70 
9100	 9.05 	1 	11.13 	2.08 	0 	-3	 3.97	 9.84 
9200	 18.67 	0 	14.90 	3.77 	0 	3.77	 4.53	 16.02 
9300	 9.05 	0 	11.98 	2.93 	0 	2.93	 5.04	 11.14 
9400	 18.67 	0 	15.32 	3.35 	0 	3.35	 5.50	 16.41 
9500	 18.75 	1 	17.04 	1.71 	0 	-3	 4.96	 18.05 
9600	 9.05 	0 	13.04 	3.99 	0 	3.99	 5.43	 11.75 
9700	 18.67 	1 	15.86 	2.81 	0 	-3	 5.85	 16.59 
9800	 9.05 	0 	12.45 	3.40 	0 	3.40	 6.23	 11.31 
9900	 8.97 	1 	10.71 	1.74 	0 	-3	 5.61	 9.67 
10000	 9.05 	1 	9.88 	0.83 	0 	-3	 5.06	 9.24 
10100	 18.58 	0 	14.23 	4.35 	0 	4.35	 5.51	 15.78 
