#Time(ms)	 Roll 	 Pitch 	 Yaw 	 gX 	 Gy 	 gZ 
200	 0.00	 0.00	 0.00	 0.00	 0.00	 0.00
300	 -21.37	 42.76	 107.94	 23.00	 46.00	 -47.00
400	 -21.27	 42.54	 108.13	 -110.00	 18.00	 -14.00
500	 -21.27	 42.54	 108.13	 -110.00	 18.00	 -14.00
600	 -17.06	 36.69	 112.56	 -116.00	 10.00	 -6.00
700	 -16.84	 36.54	 112.69	 -42.00	 53.00	 -40.00
800	 -16.84	 36.54	 112.69	 -42.00	 53.00	 -40.00
900	 -13.08	 31.25	 115.59	 -27.00	 56.00	 -41.00
1000	 -12.98	 31.07	 115.68	 15.00	 20.00	 -16.00
1100	 -12.98	 31.07	 115.68	 15.00	 20.00	 -16.00
1200	 -9.69	 26.71	 117.66	 -59.00	 57.00	 -12.00
1300	 -9.56	 26.58	 117.73	 20.00	 32.00	 -30.00
1400	 -9.56	 26.58	 117.73	 20.00	 32.00	 -30.00
1500	 -6.86	 22.83	 119.18	 8.00	 60.00	 -42.00
1600	 -6.84	 22.72	 119.22	 -7.00	 33.00	 -54.00
1700	 -6.84	 22.72	 119.22	 -7.00	 33.00	 -54.00
1800	 -4.57	 19.74	 120.35	 39.00	 39.00	 -48.00
1900	 -4.56	 19.63	 120.38	 -102.00	 43.00	 -13.00
2000	 -4.56	 19.63	 120.38	 -102.00	 43.00	 -13.00
2100	 -2.76	 17.14	 121.30	 -52.00	 45.00	 -28.00
2200	 -2.70	 17.03	 121.32	 -75.00	 48.00	 -25.00
2300	 -2.70	 17.03	 121.32	 -75.00	 48.00	 -25.00
2400	 -1.30	 15.09	 122.09	 -3.00	 42.00	 -15.00
2500	 -1.28	 15.02	 122.11	 -107.00	 28.00	 -20.00
2600	 -1.28	 15.02	 122.11	 -107.00	 28.00	 -20.00
2700	 -0.11	 13.41	 122.80	 -43.00	 20.00	 -24.00
2800	 -0.07	 13.37	 122.82	 -169.00	 39.00	 -33.00
2900	 -0.07	 13.37	 122.82	 -169.00	 39.00	 -33.00
3000	 0.76	 12.13	 123.43	 -71.00	 16.00	 -32.00
3100	 0.83	 12.07	 123.46	 -31.00	 62.00	 -33.00
3200	 0.83	 12.07	 123.46	 -31.00	 62.00	 -33.00
3300	 1.51	 11.04	 124.03	 -24.00	 1.00	 0.00
3400	 1.59	 11.01	 124.05	 -69.00	 35.00	 -17.00
3500	 1.59	 11.01	 124.05	 -69.00	 35.00	 -17.00
3600	 2.08	 10.18	 124.59	 -79.00	 33.00	 -35.00
3700	 2.10	 10.17	 124.61	 -134.00	 47.00	 -41.00
3800	 2.10	 10.17	 124.61	 -134.00	 47.00	 -41.00
3900	 2.54	 9.52	 125.15	 -55.00	 34.00	 -15.00
4000	 2.60	 9.46	 125.16	 -92.00	 71.00	 -36.00
4100	 2.60	 9.46	 125.16	 -92.00	 71.00	 -36.00
4200	 2.87	 8.95	 125.68	 -47.00	 19.00	 -21.00
4300	 2.94	 8.89	 125.70	 -85.00	 41.00	 2.00
4400	 2.94	 8.89	 125.70	 -85.00	 41.00	 2.00
4500	 3.22	 8.52	 126.20	 -31.00	 32.00	 -21.00
4600	 3.20	 8.52	 126.21	 -55.00	 40.00	 -27.00
4700	 3.20	 8.52	 126.21	 -55.00	 40.00	 -27.00
4800	 3.46	 8.16	 126.71	 54.00	 68.00	 -37.00
4900	 3.40	 8.15	 126.74	 -86.00	 24.00	 -34.00
5000	 3.40	 8.15	 126.74	 -86.00	 24.00	 -34.00
5100	 3.65	 7.91	 127.23	 -3.00	 56.00	 -68.00
5200	 3.60	 7.88	 127.25	 -27.00	 41.00	 -43.00
5300	 3.60	 7.88	 127.25	 -27.00	 41.00	 -43.00
5400	 3.75	 7.67	 127.75	 -82.00	 36.00	 -31.00
5500	 3.74	 7.65	 127.75	 -56.00	 9.00	 -18.00
5600	 3.74	 7.65	 127.75	 -56.00	 9.00	 -18.00
5700	 3.86	 7.46	 128.24	 -112.00	 38.00	 -21.00
5800	 3.89	 7.46	 128.26	 -25.00	 42.00	 -36.00
5900	 3.89	 7.46	 128.26	 -25.00	 42.00	 -36.00
6000	 3.92	 7.36	 128.74	 -118.00	 19.00	 -21.00
6100	 4.02	 7.37	 128.77	 -29.00	 65.00	 -32.00
6200	 4.02	 7.37	 128.77	 -29.00	 65.00	 -32.00
6300	 3.98	 7.25	 129.25	 -103.00	 28.00	 -29.00
6400	 4.03	 7.22	 129.27	 6.00	 31.00	 -28.00
6500	 4.03	 7.22	 129.27	 6.00	 31.00	 -28.00
6600	 4.08	 7.13	 129.75	 -60.00	 30.00	 -13.00
6700	 4.07	 7.11	 129.77	 -61.00	 54.00	 -29.00
6800	 4.07	 7.11	 129.77	 -61.00	 54.00	 -29.00
6900	 4.12	 7.05	 130.26	 -53.00	 45.00	 -21.00
7000	 4.07	 7.04	 130.27	 -67.00	 34.00	 2.00
7100	 4.07	 7.04	 130.27	 -67.00	 34.00	 2.00
7200	 4.17	 7.01	 130.76	 -24.00	 20.00	 -7.00
7300	 4.10	 7.02	 130.77	 62.00	 26.00	 -11.00
7400	 4.10	 7.02	 130.77	 62.00	 26.00	 -11.00
7500	 4.15	 6.98	 131.26	 -110.00	 9.00	 -26.00
7600	 4.18	 6.98	 131.27	 6.00	 71.00	 -32.00
7700	 4.18	 6.98	 131.27	 6.00	 71.00	 -32.00
7800	 4.19	 6.94	 131.76	 -107.00	 13.00	 -2.00
7900	 4.20	 6.95	 131.77	 -34.00	 51.00	 -22.00
8000	 4.20	 6.95	 131.77	 -34.00	 51.00	 -22.00
8100	 4.24	 6.93	 132.27	 27.00	 34.00	 -15.00
8200	 4.15	 6.90	 132.27	 -16.00	 24.00	 -14.00
8300	 4.15	 6.90	 132.27	 -16.00	 24.00	 -14.00
8400	 4.25	 6.88	 132.77	 -46.00	 38.00	 -34.00
8500	 4.25	 6.88	 132.79	 19.00	 54.00	 -28.00
8600	 4.25	 6.88	 132.79	 19.00	 54.00	 -28.00
8700	 4.22	 6.87	 133.27	 -83.00	 13.00	 -19.00
8800	 4.26	 6.83	 133.28	 7.00	 59.00	 -27.00
8900	 4.26	 6.83	 133.28	 7.00	 59.00	 -27.00
9000	 4.29	 6.87	 133.77	 -24.00	 32.00	 -41.00
9100	 4.22	 6.84	 133.80	 -47.00	 46.00	 -16.00
9200	 4.22	 6.84	 133.80	 -47.00	 46.00	 -16.00
9300	 4.31	 6.78	 134.29	 -53.00	 26.00	 -31.00
9400	 4.25	 6.80	 134.30	 69.00	 68.00	 -38.00
9500	 4.25	 6.80	 134.30	 69.00	 68.00	 -38.00
9600	 4.29	 6.81	 134.79	 -80.00	 31.00	 -37.00
9700	 4.26	 6.84	 134.81	 -63.00	 41.00	 -49.00
9800	 4.26	 6.84	 134.81	 -63.00	 41.00	 -49.00
9900	 4.35	 6.80	 135.30	 -85.00	 30.00	 -27.00
10000	 4.27	 6.85	 135.31	 -33.00	 40.00	 -28.00
10100	 4.27	 6.85	 135.31	 -33.00	 40.00	 -28.00
