#Time(ms)	 Value 	 Validity 	 avgValue 	 Diff 	 Outliers 	 invalidReason	 SD 
200	 -1.00 	0 	0.00 	1.00 	0 	0	 0.00	 0.00 
300	 25.52 	0 	12.76 	12.76 	0 	12.76	 2.65	 17.86 
400	 25.52 	0 	19.14 	6.38 	0 	6.38	 2.39	 23.22 
500	 25.52 	1 	22.33 	3.19 	0 	-3	 2.15	 24.83 
600	 23.65 	1 	22.99 	0.66 	0 	-3	 2.12	 24.00 
700	 23.47 	1 	23.23 	0.24 	0 	-3	 1.93	 23.63 
800	 22.85 	1 	23.04 	0.19 	0 	-3	 1.80	 23.08 
900	 25.34 	1 	24.19 	1.15 	0 	-3	 1.87	 24.66 
1000	 25.96 	1 	25.07 	0.89 	0 	-3	 1.74	 25.57 
1100	 25.43 	1 	25.25 	0.18 	0 	-3	 1.62	 25.47 
1200	 25.52 	1 	25.39 	0.13 	0 	-3	 1.47	 25.51 
1300	 23.74 	1 	24.56 	0.82 	0 	-3	 1.50	 24.27 
1400	 24.89 	1 	24.73 	0.16 	0 	-3	 1.46	 24.70 
1500	 25.34 	1 	25.03 	0.31 	0 	-3	 1.36	 25.15 
1600	 23.74 	1 	24.39 	0.65 	0 	-3	 1.39	 24.16 
1700	 23.47 	1 	23.93 	0.46 	0 	-3	 1.27	 23.68 
1800	 25.52 	1 	24.72 	0.80 	0 	-3	 1.35	 24.97 
1900	 25.43 	1 	25.08 	0.35 	0 	-3	 1.23	 25.29 
2000	 24.18 	1 	24.63 	0.45 	0 	-3	 1.23	 24.51 
2100	 25.43 	1 	25.03 	0.40 	0 	-3	 1.23	 25.16 
2200	 23.20 	1 	24.11 	0.91 	0 	-3	 1.33	 23.79 
2300	 25.34 	1 	24.73 	0.61 	0 	-3	 1.41	 24.87 
2400	 23.38 	1 	24.05 	0.67 	0 	-3	 1.47	 23.83 
2500	 25.43 	1 	24.74 	0.69 	0 	-3	 1.52	 24.95 
2600	 23.20 	1 	23.97 	0.77 	0 	-3	 1.59	 23.72 
2700	 23.20 	1 	23.59 	0.39 	0 	-3	 1.44	 23.36 
2800	 25.34 	1 	24.46 	0.88 	0 	-3	 1.51	 24.75 
2900	 24.89 	1 	24.68 	0.21 	0 	-3	 1.40	 24.85 
3000	 25.52 	1 	25.10 	0.42 	0 	-3	 1.32	 25.32 
3100	 26.05 	1 	25.57 	0.48 	0 	-3	 1.24	 25.83 
3200	 23.20 	1 	24.39 	1.19 	0 	-3	 1.40	 23.99 
3300	 25.96 	1 	25.17 	0.79 	0 	-3	 1.54	 25.37 
3400	 25.43 	1 	25.30 	0.13 	0 	-3	 1.44	 25.41 
3500	 23.38 	1 	24.34 	0.96 	0 	-3	 1.50	 23.99 
3600	 24.98 	1 	24.66 	0.32 	0 	-3	 1.51	 24.68 
3700	 23.47 	1 	24.07 	0.60 	0 	-3	 1.51	 23.83 
3800	 24.81 	1 	24.44 	0.37 	0 	-3	 1.49	 24.52 
3900	 25.43 	1 	24.93 	0.50 	0 	-3	 1.41	 25.16 
4000	 23.74 	1 	24.34 	0.60 	0 	-3	 1.43	 24.16 
4100	 25.34 	1 	24.84 	0.50 	0 	-3	 1.45	 24.99 
4200	 23.74 	1 	24.29 	0.55 	0 	-3	 1.47	 24.11 
4300	 24.00 	1 	24.14 	0.14 	0 	-3	 1.35	 24.03 
4400	 23.74 	1 	23.94 	0.20 	0 	-3	 1.24	 23.83 
4500	 23.83 	1 	23.89 	0.06 	0 	-3	 1.12	 23.83 
4600	 23.47 	1 	23.68 	0.21 	0 	-3	 1.05	 23.58 
4700	 25.43 	1 	24.55 	0.88 	0 	-3	 1.14	 24.87 
4800	 24.89 	1 	24.72 	0.17 	0 	-3	 1.08	 24.89 
4900	 25.43 	1 	25.08 	0.35 	0 	-3	 1.02	 25.27 
5000	 23.65 	1 	24.36 	0.71 	0 	-3	 1.10	 24.13 
5100	 25.43 	1 	24.90 	0.53 	0 	-3	 1.17	 25.04 
5200	 24.89 	1 	24.89 	0.00 	0 	-3	 1.10	 24.94 
5300	 23.20 	1 	24.05 	0.85 	0 	-3	 1.16	 23.72 
5400	 25.43 	1 	24.74 	0.69 	0 	-3	 1.27	 24.92 
5500	 24.27 	1 	24.50 	0.23 	0 	-3	 1.26	 24.46 
5600	 23.20 	1 	23.85 	0.65 	0 	-3	 1.24	 23.58 
5700	 25.43 	1 	24.64 	0.79 	0 	-3	 1.34	 24.87 
5800	 23.20 	1 	23.92 	0.72 	0 	-3	 1.43	 23.70 
5900	 22.85 	1 	23.39 	0.54 	0 	-3	 1.32	 23.11 
6000	 25.43 	1 	24.41 	1.02 	0 	-3	 1.45	 24.73 
6100	 25.34 	1 	24.87 	0.47 	0 	-3	 1.31	 25.16 
6200	 23.74 	1 	24.31 	0.57 	0 	-3	 1.34	 24.17 
6300	 25.43 	1 	24.87 	0.56 	0 	-3	 1.37	 25.05 
6400	 25.52 	1 	25.19 	0.33 	0 	-3	 1.25	 25.38 
6500	 25.43 	1 	25.31 	0.12 	0 	-3	 1.13	 25.41 
6600	 25.43 	1 	25.37 	0.06 	0 	-3	 1.02	 25.43 
6700	 24.98 	1 	25.18 	0.20 	0 	-3	 0.96	 25.11 
6800	 25.43 	1 	25.30 	0.13 	0 	-3	 0.91	 25.34 
6900	 22.94 	1 	24.12 	1.18 	0 	-3	 1.07	 23.66 
7000	 24.89 	1 	24.51 	0.38 	0 	-3	 1.16	 24.52 
7100	 23.74 	1 	24.12 	0.38 	0 	-3	 1.16	 23.97 
7200	 25.43 	1 	24.78 	0.65 	0 	-3	 1.21	 24.99 
7300	 25.43 	1 	25.10 	0.33 	0 	-3	 1.09	 25.30 
7400	 25.16 	1 	25.13 	0.03 	0 	-3	 1.01	 25.20 
7500	 23.20 	1 	24.17 	0.97 	0 	-3	 1.10	 23.80 
7600	 25.43 	1 	24.80 	0.63 	0 	-3	 1.21	 24.94 
7700	 25.43 	1 	25.11 	0.32 	0 	-3	 1.09	 25.28 
7800	 25.52 	1 	25.32 	0.20 	0 	-3	 0.99	 25.45 
7900	 23.20 	1 	24.26 	1.06 	0 	-3	 1.13	 23.87 
8000	 23.74 	1 	24.00 	0.26 	0 	-3	 1.07	 23.78 
8100	 24.81 	1 	24.40 	0.41 	0 	-3	 1.07	 24.50 
8200	 25.52 	1 	24.96 	0.56 	0 	-3	 1.03	 25.21 
8300	 25.43 	1 	25.20 	0.23 	0 	-3	 0.94	 25.37 
8400	 25.43 	1 	25.31 	0.12 	0 	-3	 0.84	 25.41 
8500	 24.89 	1 	25.10 	0.21 	0 	-3	 0.81	 25.05 
8600	 25.43 	1 	25.27 	0.16 	0 	-3	 0.79	 25.31 
8700	 24.00 	1 	24.63 	0.63 	0 	-3	 0.85	 24.39 
8800	 24.89 	1 	24.76 	0.13 	0 	-3	 0.85	 24.74 
8900	 25.43 	1 	25.10 	0.33 	0 	-3	 0.82	 25.22 
9000	 23.65 	1 	24.37 	0.72 	0 	-3	 0.92	 24.12 
9100	 23.74 	1 	24.06 	0.32 	0 	-3	 0.84	 23.85 
9200	 25.43 	1 	24.74 	0.69 	0 	-3	 0.92	 24.96 
9300	 23.20 	1 	23.97 	0.77 	0 	-3	 1.05	 23.73 
9400	 25.43 	1 	24.70 	0.73 	0 	-3	 1.17	 24.92 
9500	 25.43 	1 	25.07 	0.36 	0 	-3	 1.05	 25.28 
9600	 23.38 	1 	24.22 	0.84 	0 	-3	 1.15	 23.95 
9700	 25.43 	1 	24.83 	0.60 	0 	-3	 1.24	 24.99 
9800	 23.47 	1 	24.15 	0.68 	0 	-3	 1.31	 23.92 
9900	 23.47 	1 	23.81 	0.34 	0 	-3	 1.18	 23.61 
10000	 24.00 	1 	23.90 	0.10 	0 	-3	 1.12	 23.88 
10100	 25.43 	1 	24.67 	0.76 	0 	-3	 1.15	 24.97 
