#Time(ms)	 Value 	 Validity 	 avgValue 	 Diff 	 Outliers 	 invalidReason	 SD 
200	 -1.00 	0 	0.00 	1.00 	0 	0	 0.00	 0.00 
300	 30.50 	0 	15.25 	15.25 	0 	15.25	 3.15	 21.35 
400	 94.48 	0 	54.87 	39.62 	0 	39.62	 9.23	 72.54 
500	 95.19 	0 	75.03 	20.16 	0 	20.16	 8.38	 88.40 
600	 93.95 	1 	84.49 	9.46 	0 	-3	 7.67	 92.28 
700	 93.15 	1 	88.82 	4.33 	0 	-3	 6.98	 92.89 
800	 93.15 	1 	90.98 	2.17 	0 	-3	 6.28	 93.07 
900	 94.48 	1 	92.73 	1.75 	0 	-3	 5.79	 94.06 
1000	 90.21 	1 	91.47 	1.26 	0 	-3	 5.64	 91.36 
1100	 88.61 	1 	90.04 	1.43 	0 	-3	 5.23	 89.44 
1200	 92.88 	1 	91.46 	1.42 	0 	-3	 5.14	 91.85 
1300	 93.50 	1 	92.48 	1.02 	0 	-3	 4.68	 93.00 
1400	 95.11 	1 	93.80 	1.31 	0 	-3	 4.38	 94.48 
1500	 93.41 	1 	93.60 	0.19 	0 	-3	 4.11	 93.73 
1600	 95.11 	1 	94.36 	0.75 	0 	-3	 3.87	 94.70 
1700	 93.68 	1 	94.02 	0.34 	0 	-3	 3.62	 93.98 
1800	 95.11 	1 	94.56 	0.55 	0 	-3	 3.40	 94.77 
1900	 95.19 	1 	94.88 	0.31 	0 	-3	 3.07	 95.06 
2000	 94.84 	1 	94.86 	0.02 	0 	-3	 2.80	 94.91 
2100	 94.57 	1 	94.71 	0.14 	0 	-3	 2.55	 94.67 
2200	 93.95 	1 	94.33 	0.38 	0 	-3	 2.35	 94.17 
2300	 96.17 	1 	95.25 	0.92 	0 	-3	 2.34	 95.57 
2400	 90.92 	1 	93.09 	2.17 	0 	-3	 2.63	 92.31 
2500	 94.57 	1 	93.83 	0.74 	0 	-3	 2.73	 93.89 
2600	 93.33 	1 	93.58 	0.25 	0 	-3	 2.58	 93.50 
2700	 94.04 	1 	93.81 	0.23 	0 	-3	 2.40	 93.88 
2800	 95.73 	1 	94.77 	0.96 	0 	-3	 2.33	 95.17 
2900	 94.04 	1 	94.40 	0.36 	0 	-3	 2.26	 94.38 
3000	 93.95 	1 	94.18 	0.23 	0 	-3	 2.05	 94.08 
3100	 92.88 	1 	93.53 	0.65 	0 	-3	 1.95	 93.24 
3200	 93.50 	1 	93.51 	0.01 	0 	-3	 1.81	 93.42 
3300	 93.33 	1 	93.42 	0.09 	0 	-3	 1.65	 93.36 
3400	 92.88 	1 	93.15 	0.27 	0 	-3	 1.53	 93.02 
3500	 91.46 	1 	92.31 	0.85 	0 	-3	 1.52	 91.93 
3600	 94.57 	1 	93.44 	1.13 	0 	-3	 1.68	 93.78 
3700	 93.68 	1 	93.56 	0.12 	0 	-3	 1.60	 93.71 
3800	 93.41 	1 	93.48 	0.07 	0 	-3	 1.47	 93.50 
3900	 94.57 	1 	94.03 	0.54 	0 	-3	 1.44	 94.25 
4000	 92.88 	1 	93.45 	0.57 	0 	-3	 1.46	 93.29 
4100	 94.48 	1 	93.97 	0.51 	0 	-3	 1.48	 94.12 
4200	 93.50 	1 	93.73 	0.23 	0 	-3	 1.43	 93.69 
4300	 94.30 	1 	94.02 	0.28 	0 	-3	 1.36	 94.12 
4400	 93.41 	1 	93.71 	0.30 	0 	-3	 1.32	 93.62 
4500	 94.48 	1 	94.10 	0.38 	0 	-3	 1.29	 94.22 
4600	 90.92 	1 	92.51 	1.59 	0 	-3	 1.52	 91.91 
4700	 92.97 	1 	92.74 	0.23 	0 	-3	 1.57	 92.65 
4800	 95.19 	1 	93.96 	1.23 	0 	-3	 1.64	 94.43 
4900	 94.04 	1 	94.00 	0.04 	0 	-3	 1.59	 94.16 
5000	 92.35 	1 	93.18 	0.83 	0 	-3	 1.60	 92.89 
5100	 95.73 	1 	94.45 	1.28 	0 	-3	 1.78	 94.88 
5200	 93.95 	1 	94.20 	0.25 	0 	-3	 1.78	 94.23 
5300	 90.21 	1 	92.21 	2.00 	0 	-3	 1.97	 91.42 
5400	 94.48 	1 	93.34 	1.14 	0 	-3	 2.20	 93.56 
5500	 92.88 	1 	93.11 	0.23 	0 	-3	 2.14	 93.08 
5600	 87.90 	1 	90.51 	2.61 	0 	-3	 2.43	 89.46 
5700	 95.02 	1 	92.76 	2.26 	0 	-3	 2.90	 93.35 
5800	 92.35 	1 	92.56 	0.21 	0 	-3	 2.87	 92.65 
5900	 92.70 	1 	92.63 	0.07 	0 	-3	 2.62	 92.69 
6000	 91.64 	1 	92.13 	0.49 	0 	-3	 2.46	 91.95 
6100	 90.66 	1 	91.40 	0.74 	0 	-3	 2.32	 91.05 
6200	 93.86 	1 	92.63 	1.23 	0 	-3	 2.40	 93.02 
6300	 94.04 	1 	93.33 	0.71 	0 	-3	 2.18	 93.73 
6400	 94.57 	1 	93.95 	0.62 	0 	-3	 2.02	 94.32 
6500	 94.57 	1 	94.26 	0.31 	0 	-3	 1.82	 94.49 
6600	 94.57 	1 	94.42 	0.15 	0 	-3	 1.63	 94.55 
6700	 93.41 	1 	93.91 	0.50 	0 	-3	 1.59	 93.75 
6800	 93.50 	1 	93.71 	0.21 	0 	-3	 1.44	 93.58 
6900	 91.46 	1 	92.58 	1.12 	0 	-3	 1.50	 92.09 
7000	 94.57 	1 	93.58 	0.99 	0 	-3	 1.66	 93.83 
7100	 94.48 	1 	94.03 	0.45 	0 	-3	 1.50	 94.28 
7200	 95.02 	1 	94.52 	0.50 	0 	-3	 1.41	 94.80 
7300	 94.48 	1 	94.50 	0.02 	0 	-3	 1.32	 94.58 
7400	 93.15 	1 	93.83 	0.68 	0 	-3	 1.32	 93.58 
7500	 94.57 	1 	94.20 	0.37 	0 	-3	 1.33	 94.27 
7600	 94.57 	1 	94.38 	0.19 	0 	-3	 1.20	 94.48 
7700	 93.33 	1 	93.86 	0.53 	0 	-3	 1.20	 93.68 
7800	 93.50 	1 	93.68 	0.18 	0 	-3	 1.10	 93.55 
7900	 93.95 	1 	93.81 	0.14 	0 	-3	 1.03	 93.83 
8000	 92.88 	1 	93.35 	0.47 	0 	-3	 1.04	 93.17 
8100	 92.35 	1 	92.85 	0.50 	0 	-3	 0.99	 92.59 
8200	 93.41 	1 	93.13 	0.28 	0 	-3	 0.99	 93.17 
8300	 93.50 	1 	93.31 	0.19 	0 	-3	 0.90	 93.40 
8400	 93.50 	1 	93.41 	0.09 	0 	-3	 0.81	 93.47 
8500	 95.19 	1 	94.30 	0.89 	0 	-3	 0.90	 94.67 
8600	 91.46 	1 	92.88 	1.42 	0 	-3	 1.18	 92.42 
8700	 93.06 	1 	92.97 	0.09 	0 	-3	 1.23	 92.87 
8800	 94.04 	1 	93.50 	0.54 	0 	-3	 1.20	 93.69 
8900	 95.73 	1 	94.62 	1.11 	0 	-3	 1.25	 95.12 
9000	 93.50 	1 	94.06 	0.56 	0 	-3	 1.35	 93.99 
9100	 91.19 	1 	92.62 	1.43 	0 	-3	 1.44	 92.03 
9200	 95.11 	1 	93.87 	1.24 	0 	-3	 1.69	 94.19 
9300	 88.52 	1 	91.19 	2.67 	0 	-3	 2.18	 90.22 
9400	 94.57 	1 	92.88 	1.69 	0 	-3	 2.57	 93.26 
9500	 93.06 	1 	92.97 	0.09 	0 	-3	 2.46	 93.12 
9600	 93.06 	1 	93.02 	0.04 	0 	-3	 2.22	 93.08 
9700	 92.97 	1 	92.99 	0.02 	0 	-3	 2.00	 93.00 
9800	 93.77 	1 	93.38 	0.39 	0 	-3	 1.88	 93.54 
9900	 94.22 	1 	93.80 	0.42 	0 	-3	 1.74	 94.02 
10000	 92.61 	1 	93.21 	0.60 	0 	-3	 1.73	 93.03 
10100	 93.50 	1 	93.35 	0.15 	0 	-3	 1.64	 93.36 
