#Time(ms)	 Value 	 Validity 	 avgValue 	 Diff 	 Outliers 	 invalidReason	 SD 
200	 -1.00 	0 	0.00 	1.00 	0 	0	 0.00	 0.00 
300	 36.11 	0 	18.05 	18.05 	0 	18.05	 3.71	 25.28 
400	 127.41 	0 	72.73 	54.68 	0 	54.68	 12.47	 96.77 
500	 108.45 	1 	90.59 	17.86 	0 	-3	 13.12	 104.95 
600	 107.92 	1 	99.26 	8.66 	0 	-3	 11.86	 107.03 
700	 117.44 	1 	108.35 	9.09 	0 	-3	 11.63	 114.32 
800	 107.03 	1 	107.69 	0.66 	0 	-3	 11.50	 109.22 
900	 -1.00 	0 	107.69 	108.69 	0 	0	 11.50	 109.22 
1000	 -1.00 	0 	107.69 	108.69 	0 	0	 11.50	 109.22 
1100	 104.45 	1 	106.07 	1.62 	0 	-3	 20.90	 105.88 
1200	 104.54 	1 	105.30 	0.76 	0 	-3	 18.82	 104.94 
1300	 110.14 	1 	107.72 	2.42 	0 	-3	 17.50	 108.58 
1400	 125.18 	1 	116.45 	8.73 	0 	-3	 17.25	 120.20 
1500	 104.98 	1 	110.72 	5.74 	0 	-3	 17.55	 109.55 
1600	 108.99 	1 	109.85 	0.86 	0 	-3	 16.19	 109.16 
1700	 106.94 	1 	108.40 	1.46 	0 	-3	 14.78	 107.61 
1800	 105.61 	1 	107.00 	1.39 	0 	-3	 13.43	 106.21 
1900	 105.61 	1 	106.31 	0.70 	0 	-3	 12.09	 105.79 
2000	 109.97 	1 	108.14 	1.83 	0 	-3	 11.32	 108.72 
2100	 104.54 	1 	106.34 	1.80 	0 	-3	 10.73	 105.79 
2200	 106.23 	1 	106.28 	0.05 	0 	-3	 9.82	 106.10 
2300	 105.07 	1 	105.68 	0.61 	0 	-3	 8.96	 105.38 
2400	 106.41 	1 	106.04 	0.37 	0 	-3	 8.20	 106.10 
2500	 106.76 	1 	106.40 	0.36 	0 	-3	 7.41	 106.56 
2600	 108.45 	1 	107.43 	1.02 	0 	-3	 6.84	 107.88 
2700	 106.23 	1 	106.83 	0.60 	0 	-3	 6.38	 106.73 
2800	 118.87 	1 	112.85 	6.02 	0 	-3	 7.00	 115.23 
2900	 106.76 	1 	109.80 	3.04 	0 	-3	 7.51	 109.30 
3000	 106.23 	1 	108.02 	1.79 	0 	-3	 6.82	 107.15 
3100	 105.61 	1 	106.81 	1.20 	0 	-3	 6.20	 106.07 
3200	 107.39 	1 	107.10 	0.29 	0 	-3	 5.75	 106.99 
3300	 105.52 	1 	106.31 	0.79 	0 	-3	 5.37	 105.96 
3400	 107.21 	1 	106.76 	0.45 	0 	-3	 5.00	 106.84 
3500	 108.19 	1 	107.48 	0.71 	0 	-3	 4.60	 107.78 
3600	 107.30 	1 	107.39 	0.09 	0 	-3	 4.23	 107.45 
3700	 109.34 	1 	108.36 	0.98 	0 	-3	 4.01	 108.77 
3800	 125.18 	1 	116.77 	8.41 	0 	-3	 5.19	 120.26 
3900	 105.07 	1 	110.92 	5.85 	0 	-3	 6.68	 109.63 
4000	 106.67 	1 	108.80 	2.13 	0 	-3	 6.17	 107.56 
4100	 103.92 	1 	106.36 	2.44 	0 	-3	 5.83	 105.01 
4200	 109.61 	1 	107.98 	1.63 	0 	-3	 5.82	 108.23 
4300	 109.25 	1 	108.62 	0.63 	0 	-3	 5.27	 108.94 
4400	 127.41 	1 	118.01 	9.40 	0 	-3	 6.56	 121.87 
4500	 109.08 	1 	113.55 	4.47 	0 	-3	 7.74	 112.92 
4600	 106.50 	1 	110.02 	3.52 	0 	-3	 7.22	 108.43 
4700	 111.12 	1 	110.57 	0.55 	0 	-3	 6.96	 110.31 
4800	 104.45 	1 	107.51 	3.06 	0 	-3	 6.93	 106.21 
4900	 104.54 	1 	106.03 	1.49 	0 	-3	 6.25	 105.04 
5000	 108.45 	1 	107.24 	1.21 	0 	-3	 6.01	 107.43 
5100	 105.07 	1 	106.15 	1.08 	0 	-3	 5.75	 105.78 
5200	 104.98 	1 	105.57 	0.59 	0 	-3	 5.18	 105.22 
5300	 114.06 	1 	109.81 	4.25 	0 	-3	 5.57	 111.41 
5400	 110.06 	1 	109.94 	0.12 	0 	-3	 5.42	 110.46 
5500	 106.76 	1 	108.35 	1.59 	0 	-3	 5.21	 107.87 
5600	 105.07 	1 	106.71 	1.64 	0 	-3	 4.85	 105.91 
5700	 106.67 	1 	106.69 	0.02 	0 	-3	 4.53	 106.44 
5800	 107.92 	1 	107.30 	0.62 	0 	-3	 4.20	 107.48 
5900	 108.72 	1 	108.01 	0.71 	0 	-3	 3.86	 108.35 
6000	 109.52 	1 	108.77 	0.75 	0 	-3	 3.55	 109.17 
6100	 107.30 	1 	108.03 	0.73 	0 	-3	 3.42	 107.86 
6200	 105.61 	1 	106.82 	1.21 	0 	-3	 3.25	 106.29 
6300	 -1.00 	0 	106.82 	107.82 	0 	0	 3.25	 106.29 
6400	 -1.00 	0 	106.82 	107.82 	0 	0	 3.25	 106.29 
6500	 107.30 	1 	107.06 	0.24 	0 	-3	 13.75	 107.00 
6600	 125.63 	1 	116.35 	9.28 	0 	-3	 14.21	 120.04 
6700	 107.30 	1 	111.82 	4.52 	0 	-3	 14.62	 111.12 
6800	 107.83 	1 	109.83 	2.00 	0 	-3	 13.21	 108.82 
6900	 106.50 	1 	108.16 	1.66 	0 	-3	 12.03	 107.20 
7000	 105.61 	1 	106.89 	1.28 	0 	-3	 10.91	 106.09 
7100	 106.85 	1 	106.87 	0.02 	0 	-3	 9.94	 106.62 
7200	 112.19 	1 	109.53 	2.66 	0 	-3	 9.48	 110.52 
7300	 -1.00 	0 	109.53 	110.53 	0 	0	 9.48	 110.52 
7400	 -1.00 	0 	109.53 	110.53 	0 	0	 9.48	 110.52 
7500	 108.45 	1 	108.99 	0.54 	0 	-3	 19.48	 109.07 
7600	 107.21 	1 	108.10 	0.89 	0 	-3	 17.66	 107.77 
7700	 105.52 	1 	106.81 	1.29 	0 	-3	 16.06	 106.19 
7800	 105.07 	1 	105.94 	0.87 	0 	-3	 14.50	 105.41 
7900	 106.14 	1 	106.04 	0.10 	0 	-3	 13.16	 105.92 
8000	 115.04 	1 	110.54 	4.50 	0 	-3	 12.73	 112.30 
8100	 106.14 	1 	108.34 	2.20 	0 	-3	 12.35	 107.99 
8200	 106.14 	1 	107.24 	1.10 	0 	-3	 11.11	 106.69 
8300	 111.21 	1 	109.22 	1.99 	0 	-3	 10.51	 109.86 
8400	 109.52 	1 	109.37 	0.15 	0 	-3	 9.63	 109.62 
8500	 107.92 	1 	108.65 	0.73 	0 	-3	 8.82	 108.43 
8600	 106.23 	1 	107.44 	1.21 	0 	-3	 8.11	 106.89 
8700	 111.39 	1 	109.41 	1.98 	0 	-3	 7.82	 110.04 
8800	 107.39 	1 	108.40 	1.01 	0 	-3	 7.43	 108.19 
8900	 117.26 	1 	112.83 	4.43 	0 	-3	 7.68	 114.54 
9000	 106.76 	1 	109.80 	3.04 	0 	-3	 7.96	 109.09 
9100	 107.92 	1 	108.86 	0.94 	0 	-3	 7.28	 108.27 
9200	 125.09 	1 	116.97 	8.12 	0 	-3	 8.27	 120.04 
9300	 128.57 	1 	122.77 	5.80 	0 	-3	 7.79	 126.01 
9400	 127.41 	1 	125.09 	2.32 	0 	-3	 7.13	 126.99 
9500	 107.83 	1 	116.46 	8.63 	0 	-3	 8.37	 113.58 
9600	 106.94 	1 	111.70 	4.76 	0 	-3	 7.62	 108.93 
9700	 109.52 	1 	110.61 	1.09 	0 	-3	 7.12	 109.34 
9800	 133.19 	1 	121.90 	11.29 	0 	-3	 8.77	 126.04 
9900	 110.41 	1 	116.16 	5.75 	0 	-3	 10.18	 115.10 
10000	 138.26 	1 	127.21 	11.05 	0 	-3	 11.94	 131.31 
10100	 125.01 	1 	126.11 	1.10 	0 	-3	 12.07	 126.90 
