#Time(ms)	 Value 	 Validity 	 avgValue 	 Diff 	 Outliers 	 invalidReason	 SD 
200	 -1.00 	0 	0.00 	1.00 	1 	0	 0.00	 0.00 
300	 67.52 	0 	33.76 	33.76 	1 	33.76	 6.85	 47.26 
400	 68.14 	1 	50.95 	17.19 	0 	-3	 6.23	 61.88 
500	 70.10 	1 	60.52 	9.57 	0 	-3	 5.80	 67.63 
600	 68.23 	1 	64.38 	3.85 	0 	-3	 5.41	 68.05 
700	 70.28 	1 	67.33 	2.95 	0 	-3	 5.07	 69.61 
800	 67.70 	1 	67.51 	0.19 	0 	-3	 4.82	 68.27 
900	 68.23 	1 	67.87 	0.36 	0 	-3	 4.39	 68.24 
1000	 68.23 	1 	68.05 	0.18 	0 	-3	 3.95	 68.23 
1100	 71.43 	1 	69.74 	1.69 	0 	-3	 3.88	 70.47 
1200	 70.55 	1 	70.15 	0.40 	0 	-3	 3.58	 70.53 
1300	 71.43 	1 	70.79 	0.64 	0 	-3	 3.31	 71.16 
1400	 67.07 	1 	68.93 	1.86 	0 	-3	 3.41	 68.30 
1500	 70.63 	1 	69.78 	0.85 	0 	-3	 3.43	 69.93 
1600	 71.35 	1 	70.56 	0.79 	0 	-3	 3.16	 70.92 
1700	 70.63 	1 	70.60 	0.03 	0 	-3	 2.91	 70.72 
1800	 68.23 	1 	69.41 	1.18 	0 	-3	 2.86	 68.98 
1900	 71.43 	1 	70.42 	1.01 	0 	-3	 2.90	 70.69 
2000	 68.23 	1 	69.33 	1.10 	0 	-3	 2.93	 68.97 
2100	 68.85 	1 	69.09 	0.24 	0 	-3	 2.70	 68.89 
2200	 69.74 	1 	69.41 	0.33 	0 	-3	 2.52	 69.48 
2300	 70.01 	1 	69.71 	0.30 	0 	-3	 2.29	 69.85 
2400	 70.10 	1 	69.91 	0.19 	0 	-3	 2.07	 70.03 
2500	 68.23 	1 	69.07 	0.84 	0 	-3	 2.05	 68.77 
2600	 68.32 	1 	68.69 	0.37 	0 	-3	 1.85	 68.45 
2700	 71.35 	1 	70.02 	1.33 	0 	-3	 1.97	 70.48 
2800	 71.43 	1 	70.73 	0.70 	0 	-3	 1.78	 71.15 
2900	 70.63 	1 	70.68 	0.05 	0 	-3	 1.68	 70.78 
3000	 68.23 	1 	69.45 	1.22 	0 	-3	 1.76	 69.00 
3100	 71.43 	1 	70.44 	0.99 	0 	-3	 1.90	 70.70 
3200	 68.23 	1 	69.34 	1.11 	0 	-3	 2.03	 68.97 
3300	 68.32 	1 	68.83 	0.51 	0 	-3	 1.84	 68.52 
3400	 68.23 	1 	68.53 	0.30 	0 	-3	 1.66	 68.32 
3500	 71.35 	1 	69.94 	1.41 	0 	-3	 1.81	 70.44 
3600	 71.35 	1 	70.64 	0.71 	0 	-3	 1.63	 71.08 
3700	 70.55 	1 	70.60 	0.05 	0 	-3	 1.54	 70.71 
3800	 71.43 	1 	71.01 	0.42 	0 	-3	 1.48	 71.21 
3900	 68.23 	1 	69.62 	1.39 	0 	-3	 1.65	 69.13 
4000	 71.35 	1 	70.49 	0.86 	0 	-3	 1.80	 70.68 
4100	 68.23 	1 	69.36 	1.13 	0 	-3	 1.93	 68.97 
4200	 70.01 	1 	69.68 	0.33 	0 	-3	 1.91	 69.70 
4300	 70.63 	1 	70.16 	0.47 	0 	-3	 1.78	 70.35 
4400	 70.55 	1 	70.35 	0.20 	0 	-3	 1.61	 70.49 
4500	 68.23 	1 	69.29 	1.06 	0 	-3	 1.69	 68.91 
4600	 70.63 	1 	69.96 	0.67 	0 	-3	 1.76	 70.11 
4700	 70.55 	1 	70.26 	0.29 	0 	-3	 1.59	 70.42 
4800	 68.23 	1 	69.24 	1.01 	0 	-3	 1.66	 68.89 
4900	 70.63 	1 	69.94 	0.69 	0 	-3	 1.74	 70.11 
5000	 71.43 	1 	70.68 	0.75 	0 	-3	 1.64	 71.03 
5100	 68.23 	1 	69.46 	1.23 	0 	-3	 1.80	 69.07 
5200	 70.55 	1 	70.00 	0.55 	0 	-3	 1.85	 70.11 
5300	 68.23 	1 	69.12 	0.89 	0 	-3	 1.90	 68.79 
5400	 67.07 	1 	68.09 	1.02 	0 	-3	 1.82	 67.59 
5500	 71.43 	1 	69.76 	1.67 	0 	-3	 2.08	 70.28 
5600	 71.35 	1 	70.56 	0.79 	0 	-3	 1.88	 71.03 
5700	 71.35 	1 	70.95 	0.40 	0 	-3	 1.69	 71.25 
5800	 68.23 	1 	69.59 	1.36 	0 	-3	 1.83	 69.14 
5900	 70.10 	1 	69.85 	0.25 	0 	-3	 1.84	 69.81 
6000	 71.43 	1 	70.64 	0.79 	0 	-3	 1.79	 70.94 
6100	 68.23 	1 	69.43 	1.20 	0 	-3	 1.93	 69.04 
6200	 68.23 	1 	68.83 	0.60 	0 	-3	 1.73	 68.47 
6300	 71.43 	1 	70.13 	1.30 	0 	-3	 1.88	 70.54 
6400	 71.43 	1 	70.78 	0.65 	0 	-3	 1.69	 71.16 
6500	 68.14 	1 	69.46 	1.32 	0 	-3	 1.85	 69.05 
6600	 71.35 	1 	70.41 	0.94 	0 	-3	 1.99	 70.66 
6700	 70.63 	1 	70.52 	0.11 	0 	-3	 1.86	 70.64 
6800	 71.43 	1 	70.97 	0.46 	0 	-3	 1.76	 71.19 
6900	 70.63 	1 	70.80 	0.17 	0 	-3	 1.66	 70.80 
7000	 68.14 	1 	69.47 	1.33 	0 	-3	 1.74	 68.94 
7100	 68.23 	1 	68.85 	0.62 	0 	-3	 1.58	 68.44 
7200	 71.35 	1 	70.10 	1.25 	0 	-3	 1.73	 70.48 
7300	 68.23 	1 	69.17 	0.94 	0 	-3	 1.87	 68.90 
7400	 68.14 	1 	68.65 	0.51 	0 	-3	 1.69	 68.37 
7500	 71.35 	1 	70.00 	1.35 	0 	-3	 1.84	 70.46 
7600	 71.43 	1 	70.72 	0.71 	0 	-3	 1.67	 71.14 
7700	 70.63 	1 	70.67 	0.04 	0 	-3	 1.58	 70.78 
7800	 68.23 	1 	69.45 	1.22 	0 	-3	 1.66	 69.00 
7900	 70.01 	1 	69.73 	0.28 	0 	-3	 1.67	 69.71 
8000	 70.55 	1 	70.14 	0.41 	0 	-3	 1.56	 70.30 
8100	 71.35 	1 	70.75 	0.60 	0 	-3	 1.49	 71.03 
8200	 70.63 	1 	70.69 	0.06 	0 	-3	 1.41	 70.75 
8300	 71.43 	1 	71.06 	0.37 	0 	-3	 1.35	 71.23 
8400	 68.32 	1 	69.69 	1.37 	0 	-3	 1.52	 69.19 
8500	 71.35 	1 	70.52 	0.83 	0 	-3	 1.67	 70.70 
8600	 70.55 	1 	70.53 	0.02 	0 	-3	 1.59	 70.60 
8700	 68.23 	1 	69.38 	1.15 	0 	-3	 1.66	 68.94 
8800	 71.43 	1 	70.41 	1.02 	0 	-3	 1.81	 70.68 
8900	 71.43 	1 	70.92 	0.51 	0 	-3	 1.63	 71.21 
9000	 68.23 	1 	69.57 	1.34 	0 	-3	 1.79	 69.12 
9100	 68.23 	1 	68.90 	0.67 	0 	-3	 1.61	 68.50 
9200	 70.55 	1 	69.73 	0.82 	0 	-3	 1.68	 69.93 
9300	 68.23 	1 	68.98 	0.75 	0 	-3	 1.75	 68.74 
9400	 68.23 	1 	68.60 	0.37 	0 	-3	 1.57	 68.38 
9500	 70.63 	1 	69.62 	1.01 	0 	-3	 1.65	 69.96 
9600	 70.63 	1 	70.12 	0.51 	0 	-3	 1.49	 70.43 
9700	 70.55 	1 	70.34 	0.21 	0 	-3	 1.35	 70.51 
9800	 68.23 	1 	69.28 	1.05 	0 	-3	 1.44	 68.92 
9900	 70.63 	1 	69.96 	0.67 	0 	-3	 1.54	 70.12 
10000	 68.23 	1 	69.09 	0.86 	0 	-3	 1.63	 68.80 
10100	 69.48 	1 	69.29 	0.19 	0 	-3	 1.59	 69.27 
10200	 70.63 	1 	69.96 	0.67 	0 	-3	 1.54	 70.22 
10300	 70.01 	1 	69.98 	0.03 	0 	-3	 1.45	 70.07 
10400	 67.70 	1 	68.84 	1.14 	0 	-3	 1.54	 68.41 
10500	 68.14 	1 	68.49 	0.35 	0 	-3	 1.43	 68.22 
10600	 70.01 	1 	69.25 	0.76 	0 	-3	 1.47	 69.47 
10700	 68.32 	1 	68.79 	0.47 	0 	-3	 1.49	 68.67 
10800	 68.23 	1 	68.51 	0.28 	0 	-3	 1.35	 68.36 
10900	 68.23 	1 	68.37 	0.14 	0 	-3	 1.22	 68.27 
11000	 71.35 	1 	69.86 	1.49 	0 	-3	 1.41	 70.43 
11100	 71.35 	1 	70.60 	0.75 	0 	-3	 1.27	 71.07 
11200	 67.70 	1 	69.15 	1.45 	0 	-3	 1.51	 68.71 
11300	 70.01 	1 	69.58 	0.43 	0 	-3	 1.59	 69.62 
11400	 68.23 	1 	68.91 	0.68 	0 	-3	 1.61	 68.65 
11500	 67.79 	1 	68.35 	0.56 	0 	-3	 1.49	 68.05 
11600	 71.43 	1 	69.89 	1.54 	0 	-3	 1.70	 70.42 
11700	 71.43 	1 	70.66 	0.77 	0 	-3	 1.53	 71.13 
11800	 70.55 	1 	70.60 	0.05 	0 	-3	 1.47	 70.72 
11900	 68.23 	1 	69.42 	1.19 	0 	-3	 1.55	 68.98 
12000	 70.63 	1 	70.02 	0.61 	0 	-3	 1.64	 70.13 
12100	 70.10 	1 	70.06 	0.04 	0 	-3	 1.53	 70.11 
12200	 70.10 	1 	70.08 	0.02 	0 	-3	 1.37	 70.10 
12300	 70.63 	1 	70.36 	0.27 	0 	-3	 1.29	 70.47 
12400	 68.23 	1 	69.29 	1.06 	0 	-3	 1.40	 68.90 
12500	 68.23 	1 	68.76 	0.53 	0 	-3	 1.26	 68.43 
12600	 68.14 	1 	68.45 	0.31 	0 	-3	 1.14	 68.23 
12700	 67.79 	1 	68.12 	0.33 	0 	-3	 1.06	 67.92 
12800	 71.43 	1 	69.78 	1.65 	0 	-3	 1.32	 70.38 
12900	 68.23 	1 	69.00 	0.77 	0 	-3	 1.51	 68.87 
13000	 71.43 	1 	70.22 	1.21 	0 	-3	 1.68	 70.66 
13100	 68.23 	1 	69.22 	0.99 	0 	-3	 1.83	 68.96 
13200	 70.63 	1 	69.93 	0.70 	0 	-3	 1.89	 70.13 
13300	 68.32 	1 	69.12 	0.80 	0 	-3	 1.93	 68.86 
13400	 68.23 	1 	68.68 	0.45 	0 	-3	 1.75	 68.42 
13500	 68.23 	1 	68.45 	0.22 	0 	-3	 1.57	 68.29 
13600	 71.43 	1 	69.94 	1.49 	0 	-3	 1.73	 70.49 
13700	 68.23 	1 	69.09 	0.86 	0 	-3	 1.88	 68.91 
13800	 68.23 	1 	68.66 	0.43 	0 	-3	 1.69	 68.43 
13900	 70.55 	1 	69.60 	0.95 	0 	-3	 1.76	 69.91 
14000	 71.35 	1 	70.48 	0.87 	0 	-3	 1.66	 70.92 
14100	 68.23 	1 	69.35 	1.12 	0 	-3	 1.81	 69.04 
14200	 68.23 	1 	68.79 	0.56 	0 	-3	 1.63	 68.47 
14300	 71.43 	1 	70.11 	1.32 	0 	-3	 1.78	 70.54 
14400	 70.55 	1 	70.33 	0.22 	0 	-3	 1.69	 70.55 
14500	 71.43 	1 	70.88 	0.55 	0 	-3	 1.61	 71.17 
14600	 71.43 	1 	71.16 	0.27 	0 	-3	 1.45	 71.35 
14700	 70.10 	1 	70.63 	0.53 	0 	-3	 1.44	 70.48 
14800	 68.14 	1 	69.38 	1.24 	0 	-3	 1.49	 68.84 
14900	 68.23 	1 	68.81 	0.58 	0 	-3	 1.35	 68.41 
15000	 68.23 	1 	68.52 	0.29 	0 	-3	 1.22	 68.28 
15100	 70.72 	1 	69.62 	1.10 	0 	-3	 1.34	 69.99 
