#Time(ms)	 Value 	 Validity 	 avgValue 	 Diff 	 Outliers 	 invalidReason	 SD 
200	 -1.00 	0 	0.00 	1.00 	1 	0	 0.00	 0.00 
300	 265.78 	0 	132.89 	132.89 	1 	132.89	 26.68	 186.05 
400	 263.11 	1 	198.00 	65.11 	0 	-3	 24.28	 239.99 
500	 262.22 	1 	230.11 	32.11 	0 	-3	 21.94	 255.55 
600	 261.96 	1 	246.03 	15.92 	0 	-3	 19.77	 260.04 
700	 262.14 	1 	254.09 	8.05 	0 	-3	 17.81	 261.51 
800	 269.17 	1 	261.63 	7.54 	0 	-3	 16.73	 266.87 
900	 263.56 	1 	262.59 	0.97 	0 	-3	 15.62	 264.55 
1000	 265.25 	1 	263.92 	1.33 	0 	-3	 14.23	 265.04 
1100	 261.69 	1 	262.81 	1.12 	0 	-3	 13.16	 262.70 
1200	 262.14 	1 	262.47 	0.33 	0 	-3	 11.89	 262.31 
1300	 261.69 	1 	262.08 	0.39 	0 	-3	 10.75	 261.87 
1400	 262.58 	1 	262.33 	0.25 	0 	-3	 9.76	 262.37 
1500	 262.22 	1 	262.28 	0.06 	0 	-3	 8.82	 262.26 
1600	 262.14 	1 	262.21 	0.07 	0 	-3	 7.95	 262.18 
1700	 263.83 	1 	263.02 	0.81 	0 	-3	 7.32	 263.33 
1800	 261.96 	1 	262.49 	0.53 	0 	-3	 6.78	 262.37 
1900	 262.76 	1 	262.62 	0.14 	0 	-3	 6.18	 262.64 
2000	 261.42 	1 	262.02 	0.60 	0 	-3	 5.69	 261.79 
2100	 267.65 	1 	264.84 	2.81 	0 	-3	 5.75	 265.89 
2200	 264.45 	1 	264.64 	0.19 	0 	-3	 5.49	 264.88 
2300	 265.52 	1 	265.08 	0.44 	0 	-3	 5.05	 265.33 
2400	 262.76 	1 	263.92 	1.16 	0 	-3	 4.82	 263.53 
2500	 261.87 	1 	262.90 	1.03 	0 	-3	 4.43	 262.37 
2600	 262.58 	1 	262.74 	0.16 	0 	-3	 4.06	 262.52 
2700	 262.76 	1 	262.75 	0.01 	0 	-3	 3.67	 262.69 
2800	 262.85 	1 	262.80 	0.05 	0 	-3	 3.31	 262.80 
2900	 262.76 	1 	262.78 	0.02 	0 	-3	 2.99	 262.77 
3000	 263.11 	1 	262.94 	0.17 	0 	-3	 2.73	 263.01 
3100	 261.16 	1 	262.05 	0.89 	0 	-3	 2.65	 261.71 
3200	 264.72 	1 	263.39 	1.33 	0 	-3	 2.74	 263.82 
3300	 260.80 	1 	262.09 	1.29 	0 	-3	 2.86	 261.71 
3400	 261.96 	1 	262.03 	0.07 	0 	-3	 2.69	 261.88 
3500	 261.07 	1 	261.55 	0.48 	0 	-3	 2.51	 261.31 
3600	 264.36 	1 	262.95 	1.41 	0 	-3	 2.59	 263.45 
3700	 266.67 	1 	264.81 	1.86 	0 	-3	 2.56	 265.70 
3800	 262.94 	1 	263.88 	0.94 	0 	-3	 2.68	 263.77 
3900	 264.72 	1 	264.30 	0.42 	0 	-3	 2.59	 264.43 
4000	 263.83 	1 	264.06 	0.23 	0 	-3	 2.42	 264.01 
4100	 261.42 	1 	262.74 	1.32 	0 	-3	 2.42	 262.20 
4200	 263.29 	1 	263.02 	0.27 	0 	-3	 2.36	 262.96 
4300	 265.07 	1 	264.04 	1.03 	0 	-3	 2.30	 264.44 
4400	 264.45 	1 	264.25 	0.20 	0 	-3	 2.13	 264.45 
4500	 262.58 	1 	263.41 	0.83 	0 	-3	 2.11	 263.14 
4600	 263.29 	1 	263.35 	0.06 	0 	-3	 1.97	 263.24 
4700	 264.98 	1 	264.17 	0.81 	0 	-3	 1.94	 264.46 
4800	 260.89 	1 	262.53 	1.64 	0 	-3	 2.16	 261.96 
4900	 263.38 	1 	262.95 	0.43 	0 	-3	 2.19	 262.95 
5000	 261.78 	1 	262.37 	0.59 	0 	-3	 2.13	 262.13 
5100	 262.49 	1 	262.43 	0.06 	0 	-3	 1.99	 262.38 
5200	 262.22 	1 	262.32 	0.10 	0 	-3	 1.82	 262.27 
5300	 260.98 	1 	261.65 	0.67 	0 	-3	 1.76	 261.37 
5400	 265.34 	1 	263.50 	1.84 	0 	-3	 2.02	 264.15 
5500	 262.31 	1 	262.90 	0.59 	0 	-3	 2.12	 262.86 
5600	 261.69 	1 	262.30 	0.61 	0 	-3	 1.97	 262.04 
5700	 261.16 	1 	261.73 	0.57 	0 	-3	 1.83	 261.42 
5800	 261.96 	1 	261.84 	0.12 	0 	-3	 1.72	 261.80 
5900	 266.14 	1 	263.99 	2.15 	0 	-3	 1.97	 264.84 
6000	 261.16 	1 	262.58 	1.42 	0 	-3	 2.27	 262.26 
6100	 261.96 	1 	262.27 	0.31 	0 	-3	 2.12	 262.05 
6200	 262.05 	1 	262.16 	0.11 	0 	-3	 1.92	 262.05 
6300	 261.07 	1 	261.61 	0.54 	0 	-3	 1.83	 261.36 
6400	 264.45 	1 	263.03 	1.42 	0 	-3	 1.98	 263.52 
6500	 264.81 	1 	263.92 	0.89 	0 	-3	 1.82	 264.42 
6600	 268.81 	1 	266.37 	2.44 	0 	-3	 2.04	 267.49 
6700	 262.76 	1 	264.56 	1.80 	0 	-3	 2.44	 264.18 
6800	 262.85 	1 	263.71 	0.86 	0 	-3	 2.20	 263.25 
6900	 265.78 	1 	264.74 	1.04 	0 	-3	 2.28	 265.02 
7000	 261.51 	1 	263.13 	1.62 	0 	-3	 2.48	 262.56 
7100	 262.05 	1 	262.59 	0.54 	0 	-3	 2.28	 262.20 
7200	 261.69 	1 	262.14 	0.45 	0 	-3	 2.09	 261.84 
7300	 267.47 	1 	264.80 	2.67 	0 	-3	 2.46	 265.78 
7400	 262.05 	1 	263.43 	1.38 	0 	-3	 2.75	 263.17 
7500	 264.54 	1 	263.98 	0.56 	0 	-3	 2.73	 264.13 
7600	 264.45 	1 	264.22 	0.23 	0 	-3	 2.46	 264.35 
7700	 264.00 	1 	264.11 	0.11 	0 	-3	 2.26	 264.11 
7800	 261.51 	1 	262.81 	1.30 	0 	-3	 2.29	 262.29 
7900	 262.85 	1 	262.83 	0.02 	0 	-3	 2.19	 262.68 
8000	 265.61 	1 	264.22 	1.39 	0 	-3	 2.25	 264.73 
8100	 262.58 	1 	263.40 	0.82 	0 	-3	 2.33	 263.23 
8200	 262.76 	1 	263.08 	0.32 	0 	-3	 2.11	 262.90 
8300	 262.40 	1 	262.74 	0.34 	0 	-3	 1.94	 262.55 
8400	 262.49 	1 	262.61 	0.12 	0 	-3	 1.75	 262.51 
8500	 262.85 	1 	262.73 	0.12 	0 	-3	 1.61	 262.75 
8600	 263.92 	1 	263.33 	0.59 	0 	-3	 1.56	 263.57 
8700	 261.96 	1 	262.64 	0.68 	0 	-3	 1.60	 262.44 
8800	 260.53 	1 	261.59 	1.06 	0 	-3	 1.58	 261.10 
8900	 260.62 	1 	261.10 	0.48 	0 	-3	 1.43	 260.77 
9000	 262.58 	1 	261.84 	0.74 	0 	-3	 1.49	 262.04 
9100	 262.58 	1 	262.21 	0.37 	0 	-3	 1.34	 262.42 
9200	 265.61 	1 	263.91 	1.70 	0 	-3	 1.51	 264.65 
9300	 262.14 	1 	263.03 	0.89 	0 	-3	 1.70	 262.89 
9400	 264.36 	1 	263.69 	0.67 	0 	-3	 1.75	 263.92 
9500	 265.07 	1 	264.38 	0.69 	0 	-3	 1.65	 264.73 
9600	 263.92 	1 	264.15 	0.23 	0 	-3	 1.60	 264.16 
9700	 263.92 	1 	264.04 	0.12 	0 	-3	 1.44	 263.99 
9800	 266.41 	1 	265.22 	1.19 	0 	-3	 1.54	 265.68 
9900	 261.96 	1 	263.59 	1.63 	0 	-3	 1.84	 263.08 
10000	 262.05 	1 	262.82 	0.77 	0 	-3	 1.66	 262.36 
10100	 266.14 	1 	264.48 	1.66 	0 	-3	 1.90	 265.01 
10200	 262.40 	1 	263.44 	1.04 	0 	-3	 2.09	 263.18 
10300	 264.98 	1 	264.21 	0.77 	0 	-3	 2.14	 264.44 
10400	 262.05 	1 	263.13 	1.08 	0 	-3	 2.22	 262.77 
10500	 262.58 	1 	262.86 	0.28 	0 	-3	 2.05	 262.64 
10600	 262.22 	1 	262.54 	0.32 	0 	-3	 1.88	 262.34 
10700	 263.65 	1 	263.09 	0.56 	0 	-3	 1.83	 263.26 
10800	 261.51 	1 	262.30 	0.79 	0 	-3	 1.86	 262.03 
10900	 261.96 	1 	262.13 	0.17 	0 	-3	 1.72	 261.98 
11000	 261.69 	1 	261.91 	0.22 	0 	-3	 1.58	 261.78 
11100	 268.36 	1 	265.14 	3.22 	0 	-3	 2.09	 266.39 
11200	 262.58 	1 	263.86 	1.28 	0 	-3	 2.46	 263.72 
11300	 263.29 	1 	263.57 	0.28 	0 	-3	 2.28	 263.42 
11400	 262.58 	1 	263.08 	0.50 	0 	-3	 2.12	 262.83 
11500	 261.42 	1 	262.25 	0.83 	0 	-3	 2.03	 261.84 
11600	 263.38 	1 	262.81 	0.57 	0 	-3	 2.02	 262.92 
11700	 261.69 	1 	262.25 	0.56 	0 	-3	 1.99	 262.06 
11800	 265.52 	1 	263.89 	1.63 	0 	-3	 2.17	 264.48 
11900	 264.18 	1 	264.03 	0.15 	0 	-3	 2.09	 264.27 
12000	 263.29 	1 	263.66 	0.37 	0 	-3	 1.97	 263.58 
12100	 262.22 	1 	262.94 	0.72 	0 	-3	 1.88	 262.63 
12200	 263.38 	1 	263.16 	0.22 	0 	-3	 1.81	 263.15 
12300	 264.98 	1 	264.07 	0.91 	0 	-3	 1.79	 264.43 
12400	 262.58 	1 	263.33 	0.75 	0 	-3	 1.85	 263.14 
12500	 261.33 	1 	262.33 	1.00 	0 	-3	 1.79	 261.87 
12600	 263.11 	1 	262.72 	0.39 	0 	-3	 1.79	 262.74 
12700	 264.18 	1 	263.45 	0.73 	0 	-3	 1.72	 263.75 
12800	 266.05 	1 	264.75 	1.30 	0 	-3	 1.73	 265.36 
12900	 265.78 	1 	265.26 	0.52 	0 	-3	 1.58	 265.65 
13000	 263.92 	1 	264.59 	0.67 	0 	-3	 1.61	 264.44 
13100	 263.11 	1 	263.85 	0.74 	0 	-3	 1.53	 263.51 
13200	 264.98 	1 	264.42 	0.56 	0 	-3	 1.57	 264.54 
13300	 265.87 	1 	265.14 	0.73 	0 	-3	 1.50	 265.47 
13400	 263.11 	1 	264.13 	1.02 	0 	-3	 1.62	 263.82 
13500	 262.05 	1 	263.09 	1.04 	0 	-3	 1.57	 262.58 
13600	 267.21 	1 	265.15 	2.06 	0 	-3	 1.93	 265.82 
13700	 261.87 	1 	263.51 	1.64 	0 	-3	 2.27	 263.06 
13800	 263.03 	1 	263.27 	0.24 	0 	-3	 2.16	 263.04 
13900	 267.12 	1 	265.19 	1.93 	0 	-3	 2.35	 265.90 
14000	 262.76 	1 	263.98 	1.22 	0 	-3	 2.55	 263.70 
14100	 264.27 	1 	264.12 	0.15 	0 	-3	 2.45	 264.10 
14200	 268.10 	1 	266.11 	1.99 	0 	-3	 2.59	 266.90 
14300	 262.76 	1 	264.44 	1.68 	0 	-3	 2.86	 264.00 
14400	 270.50 	1 	267.47 	3.03 	0 	-3	 3.35	 268.55 
14500	 267.74 	1 	267.60 	0.14 	0 	-3	 3.29	 267.98 
14600	 265.52 	1 	266.56 	1.04 	0 	-3	 3.18	 266.26 
14700	 268.28 	1 	267.42 	0.86 	0 	-3	 3.14	 267.67 
14800	 267.47 	1 	267.45 	0.02 	0 	-3	 2.91	 267.53 
14900	 261.96 	1 	264.70 	2.74 	0 	-3	 3.17	 263.63 
15000	 274.86 	1 	269.78 	5.08 	0 	-3	 4.14	 271.49 
15100	 266.59 	1 	268.19 	1.60 	0 	-3	 4.55	 268.06 
