#Time(ms)	  xPos 	 yPos 	 zPos 	 xVal 	 yVal 	 zVal 	 State 	 oRoll 	 oPitch 	 oYaw 	 oThrottle 	 spX 	 spY 	 spZ 
200	 0.00	 0.00	 0.00	 0	 0	 0	 0	 1500	 1500	 1500	 1000	 0.00	 0.00	 0.00
300	 0.00	 0.00	 0.00	 0	 0	 0	 0	 1500	 1500	 1500	 1000	 0.00	 0.00	 0.00
400	 0.00	 0.00	 0.00	 1	 1	 1	 0	 1500	 1500	 1500	 1000	 0.00	 0.00	 0.00
500	 -0.16	 0.21	 0.08	 1	 1	 1	 0	 1499	 1499	 1500	 1000	 0.00	 0.00	 0.00
600	 0.37	 0.71	 -0.11	 1	 1	 1	 0	 1498	 1500	 1500	 998	 0.00	 0.00	 0.00
700	 0.78	 0.85	 -0.13	 1	 1	 1	 0	 1498	 1501	 1500	 998	 0.00	 0.00	 0.00
800	 0.04	 0.89	 -0.44	 1	 1	 1	 0	 1498	 1500	 1500	 994	 0.00	 0.00	 0.00
900	 0.29	 0.92	 0.07	 1	 1	 1	 0	 1498	 1500	 1500	 999	 0.00	 0.00	 0.00
1000	 0.33	 0.89	 0.10	 1	 1	 1	 0	 1498	 1500	 1500	 1000	 0.00	 0.00	 0.00
1100	 0.99	 0.87	 -0.09	 1	 1	 1	 0	 1498	 1501	 1500	 998	 0.00	 0.00	 0.00
1200	 0.24	 0.91	 -0.08	 1	 1	 1	 0	 1498	 1500	 1500	 997	 0.00	 0.00	 0.00
1300	 1.17	 0.63	 0.17	 1	 1	 1	 0	 1498	 1502	 1500	 1000	 0.00	 0.00	 0.00
1400	 -0.22	 0.47	 0.28	 1	 1	 1	 0	 1499	 1499	 1500	 1002	 0.00	 0.00	 0.00
1500	 -0.54	 0.53	 0.07	 1	 1	 1	 0	 1498	 1498	 1500	 1000	 0.00	 0.00	 0.00
1600	 0.85	 0.51	 0.14	 1	 1	 1	 0	 1498	 1501	 1500	 1001	 0.00	 0.00	 0.00
1700	 0.31	 0.50	 -0.15	 1	 1	 1	 0	 1498	 1500	 1500	 998	 0.00	 0.00	 0.00
1800	 0.71	 0.48	 -0.20	 1	 1	 1	 0	 1499	 1501	 1500	 997	 0.00	 0.00	 0.00
1900	 1.25	 0.48	 -0.42	 1	 1	 1	 0	 1499	 1502	 1500	 994	 0.00	 0.00	 0.00
2000	 0.22	 0.48	 -0.27	 1	 1	 1	 0	 1499	 1500	 1500	 995	 0.00	 0.00	 0.00
2100	 -0.50	 0.42	 -0.65	 1	 1	 1	 0	 1499	 1498	 1500	 990	 0.00	 0.00	 0.00
2200	 0.71	 0.41	 -0.17	 1	 1	 1	 0	 1499	 1501	 1500	 994	 0.00	 0.00	 0.00
2300	 0.76	 1.17	 -0.29	 1	 1	 1	 0	 1497	 1501	 1500	 992	 0.00	 0.00	 0.00
2400	 0.74	 1.32	 0.14	 1	 1	 1	 0	 1497	 1501	 1500	 997	 0.00	 0.00	 0.00
2500	 0.58	 1.24	 0.37	 1	 1	 1	 0	 1497	 1501	 1500	 1000	 0.00	 0.00	 0.00
2600	 0.56	 1.24	 0.44	 1	 1	 1	 0	 1497	 1501	 1500	 1002	 0.00	 0.00	 0.00
2700	 1.04	 1.18	 0.40	 1	 1	 1	 0	 1497	 1502	 1500	 1002	 0.00	 0.00	 0.00
2800	 1.24	 1.13	 0.17	 1	 1	 1	 0	 1497	 1502	 1500	 1000	 0.00	 0.00	 0.00
2900	 0.64	 1.08	 -0.73	 1	 1	 1	 0	 1497	 1501	 1500	 990	 0.00	 0.00	 0.00
3000	 0.60	 0.99	 -0.94	 1	 1	 1	 0	 1498	 1501	 1500	 986	 0.00	 0.00	 0.00
3100	 0.97	 0.98	 -0.96	 1	 1	 1	 0	 1498	 1501	 1500	 983	 0.00	 0.00	 0.00
3200	 0.28	 0.92	 -0.86	 1	 1	 1	 0	 1498	 1500	 1500	 983	 0.00	 0.00	 0.00
3300	 0.07	 0.90	 -0.17	 1	 1	 1	 0	 1498	 1500	 1500	 989	 0.00	 0.00	 0.00
3400	 -0.01	 0.77	 -0.10	 1	 1	 1	 0	 1498	 1499	 1500	 990	 0.00	 0.00	 0.00
3500	 0.24	 0.74	 -0.11	 1	 1	 1	 0	 1498	 1500	 1500	 990	 0.00	 0.00	 0.00
3600	 0.59	 0.73	 -0.09	 1	 1	 1	 0	 1498	 1501	 1500	 989	 0.00	 0.00	 0.00
3700	 0.11	 0.61	 -0.64	 1	 1	 1	 0	 1498	 1500	 1500	 983	 0.00	 0.00	 0.00
3800	 1.51	 0.56	 0.03	 1	 1	 1	 0	 1498	 1503	 1500	 989	 0.00	 0.00	 0.00
3900	 0.58	 0.50	 0.22	 1	 1	 1	 0	 1498	 1501	 1500	 992	 0.00	 0.00	 0.00
4000	 0.77	 0.50	 -0.88	 1	 1	 1	 0	 1499	 1501	 1500	 979	 0.00	 0.00	 0.00
4100	 -0.35	 0.39	 -0.58	 1	 1	 1	 0	 1499	 1499	 1500	 981	 0.00	 0.00	 0.00
4200	 -0.74	 1.35	 -0.39	 1	 1	 1	 0	 1497	 1498	 1500	 982	 0.00	 0.00	 0.00
4300	 -0.94	 1.43	 -1.84	 1	 1	 1	 0	 1497	 1498	 1500	 964	 0.00	 0.00	 0.00
4400	 -1.07	 1.77	 -2.05	 1	 1	 1	 0	 1496	 1497	 1500	 958	 0.00	 0.00	 0.00
4500	 -0.24	 1.68	 -1.55	 1	 1	 1	 0	 1496	 1499	 1500	 960	 0.00	 0.00	 0.00
4600	 -0.24	 1.39	 -2.66	 1	 1	 1	 0	 1497	 1499	 1500	 943	 0.00	 0.00	 0.00
4700	 0.04	 1.32	 -3.02	 1	 1	 1	 0	 1497	 1500	 1500	 934	 0.00	 0.00	 0.00
4800	 0.51	 1.24	 -1.83	 1	 1	 1	 0	 1497	 1501	 1500	 942	 0.00	 0.00	 0.00
4900	 0.44	 1.01	 -2.76	 1	 1	 1	 0	 1497	 1500	 1500	 927	 0.00	 0.00	 0.00
5000	 1.90	 0.98	 -2.58	 1	 1	 1	 0	 1498	 1503	 1500	 924	 0.00	 0.00	 0.00
5100	 0.96	 0.96	 -2.48	 1	 1	 1	 0	 1498	 1501	 1500	 920	 0.00	 0.00	 0.00
5200	 0.72	 0.75	 -3.11	 1	 1	 1	 0	 1498	 1501	 1500	 907	 0.00	 0.00	 0.00
5300	 0.54	 0.68	 -2.73	 1	 1	 1	 0	 1498	 1501	 1500	 905	 0.00	 0.00	 0.00
5400	 0.37	 0.70	 -2.17	 1	 1	 1	 0	 1498	 1500	 1500	 907	 0.00	 0.00	 0.00
5500	 0.98	 0.65	 -1.35	 1	 1	 1	 0	 1498	 1501	 1500	 912	 0.00	 0.00	 0.00
5600	 1.21	 0.61	 -2.19	 1	 1	 1	 0	 1498	 1502	 1500	 899	 0.00	 0.00	 0.00
5700	 1.26	 0.57	 -2.23	 1	 1	 1	 0	 1498	 1502	 1500	 895	 0.00	 0.00	 0.00
5800	 -0.13	 0.55	 -2.32	 1	 1	 1	 0	 1498	 1499	 1500	 889	 0.00	 0.00	 0.00
5900	 -0.40	 1.55	 -2.12	 1	 1	 1	 0	 1496	 1499	 1500	 887	 0.00	 0.00	 0.00
6000	 0.94	 1.62	 -0.80	 1	 1	 1	 0	 1496	 1501	 1500	 898	 0.00	 0.00	 0.00
6100	 -0.07	 1.59	 -0.89	 1	 1	 1	 0	 1496	 1499	 1500	 896	 0.00	 0.00	 0.00
6200	 -0.14	 1.59	 -1.08	 1	 1	 1	 0	 1496	 1499	 1500	 892	 0.00	 0.00	 0.00
6300	 0.01	 1.59	 -1.32	 1	 1	 1	 0	 1496	 1500	 1500	 887	 0.00	 0.00	 0.00
6400	 0.58	 1.29	 -1.17	 1	 1	 1	 0	 1497	 1501	 1500	 886	 0.00	 0.00	 0.00
6500	 -0.51	 1.25	 -1.24	 1	 1	 1	 0	 1497	 1498	 1500	 883	 0.00	 0.00	 0.00
6600	 -0.47	 1.22	 -2.43	 1	 1	 1	 0	 1497	 1499	 1500	 866	 0.00	 0.00	 0.00
6700	 -0.89	 1.06	 -0.98	 1	 1	 1	 0	 1497	 1498	 1500	 878	 0.00	 0.00	 0.00
6800	 0.71	 1.24	 -1.07	 1	 1	 1	 0	 1497	 1501	 1500	 875	 0.00	 0.00	 0.00
6900	 0.30	 1.04	 -1.14	 1	 1	 1	 0	 1497	 1500	 1500	 872	 0.00	 0.00	 0.00
7000	 0.34	 0.90	 -0.14	 1	 1	 1	 0	 1498	 1500	 1500	 882	 0.00	 0.00	 0.00
7100	 0.64	 0.85	 -0.01	 1	 1	 1	 0	 1498	 1501	 1500	 883	 0.00	 0.00	 0.00
7200	 1.05	 0.80	 0.12	 1	 1	 1	 0	 1498	 1502	 1500	 885	 0.00	 0.00	 0.00
7300	 0.03	 0.73	 0.46	 1	 1	 1	 0	 1498	 1500	 1500	 889	 0.00	 0.00	 0.00
7400	 -0.10	 0.63	 1.32	 1	 1	 1	 0	 1498	 1499	 1500	 900	 0.00	 0.00	 0.00
7500	 0.13	 0.54	 1.36	 1	 1	 1	 0	 1498	 1500	 1500	 904	 0.00	 0.00	 0.00
7600	 0.33	 0.44	 -0.03	 1	 1	 1	 0	 1499	 1500	 1500	 890	 0.00	 0.00	 0.00
7700	 -0.14	 0.52	 -0.19	 1	 1	 1	 0	 1498	 1499	 1500	 888	 0.00	 0.00	 0.00
7800	 0.24	 0.52	 0.27	 1	 1	 1	 0	 1498	 1500	 1500	 893	 0.00	 0.00	 0.00
7900	 0.14	 1.30	 0.33	 1	 1	 1	 0	 1497	 1500	 1500	 894	 0.00	 0.00	 0.00
8000	 0.04	 1.38	 -0.80	 1	 1	 1	 0	 1497	 1500	 1500	 881	 0.00	 0.00	 0.00
8100	 1.35	 1.23	 -0.60	 1	 1	 1	 0	 1497	 1502	 1500	 882	 0.00	 0.00	 0.00
8200	 1.08	 0.90	 -2.12	 1	 1	 1	 0	 1498	 1502	 1500	 862	 0.00	 0.00	 0.00
8300	 2.56	 0.83	 -2.46	 1	 1	 1	 0	 1498	 1505	 1500	 854	 0.00	 0.00	 0.00
8400	 1.13	 0.82	 -2.41	 1	 1	 1	 0	 1498	 1502	 1500	 850	 0.00	 0.00	 0.00
8500	 1.25	 0.76	 -2.74	 1	 1	 1	 0	 1498	 1502	 1500	 841	 0.00	 0.00	 0.00
8600	 0.77	 0.51	 -2.63	 1	 1	 1	 0	 1498	 1501	 1500	 837	 0.00	 0.00	 0.00
8700	 0.85	 0.50	 -1.89	 1	 1	 1	 0	 1499	 1501	 1500	 841	 0.00	 0.00	 0.00
8800	 1.22	 0.45	 -1.20	 1	 1	 1	 0	 1499	 1502	 1500	 845	 0.00	 0.00	 0.00
8900	 1.50	 0.39	 -1.24	 1	 1	 1	 0	 1499	 1502	 1500	 842	 0.00	 0.00	 0.00
9000	 0.24	 0.39	 -1.03	 1	 1	 1	 0	 1499	 1500	 1500	 842	 0.00	 0.00	 0.00
9100	 -0.06	 0.39	 -1.92	 1	 1	 1	 0	 1499	 1499	 1500	 829	 0.00	 0.00	 0.00
9200	 -0.26	 0.33	 -2.90	 1	 1	 1	 0	 1499	 1499	 1500	 814	 0.00	 0.00	 0.00
9300	 0.23	 0.30	 -2.34	 1	 1	 1	 0	 1499	 1500	 1500	 815	 0.00	 0.00	 0.00
9400	 0.30	 0.29	 -1.80	 1	 1	 1	 0	 1499	 1500	 1500	 817	 0.00	 0.00	 0.00
9500	 0.23	 0.20	 -3.53	 1	 1	 1	 0	 1499	 1500	 1500	 792	 0.00	 0.00	 0.00
9600	 0.15	 0.32	 -3.27	 1	 1	 1	 0	 1499	 1500	 1500	 788	 0.00	 0.00	 0.00
9700	 0.15	 0.33	 -3.60	 1	 1	 1	 0	 1499	 1500	 1500	 778	 0.00	 0.00	 0.00
9800	 0.57	 0.32	 -3.10	 1	 1	 1	 0	 1499	 1501	 1500	 777	 0.00	 0.00	 0.00
9900	 0.57	 0.33	 -1.27	 1	 1	 1	 0	 1499	 1501	 1500	 792	 0.00	 0.00	 0.00
10000	 0.82	 0.30	 -1.06	 1	 1	 1	 0	 1499	 1501	 1500	 792	 0.00	 0.00	 0.00
10100	 0.66	 1.37	 -1.12	 1	 1	 1	 0	 1497	 1501	 1500	 789	 0.00	 0.00	 0.00
10200	 0.65	 1.55	 -0.28	 1	 1	 1	 0	 1496	 1501	 1500	 797	 0.00	 0.00	 0.00
10300	 0.78	 2.50	 -0.93	 1	 1	 1	 0	 1494	 1501	 1500	 789	 0.00	 0.00	 0.00
10400	 0.71	 2.16	 -0.44	 1	 1	 1	 0	 1495	 1501	 1500	 793	 0.00	 0.00	 0.00
10500	 0.66	 2.13	 -0.90	 1	 1	 1	 0	 1495	 1501	 1500	 787	 0.00	 0.00	 0.00
10600	 0.68	 1.91	 -0.86	 1	 1	 1	 0	 1496	 1501	 1500	 785	 0.00	 0.00	 0.00
10700	 0.95	 1.81	 -0.86	 1	 1	 1	 0	 1496	 1501	 1500	 783	 0.00	 0.00	 0.00
10800	 0.89	 1.82	 -0.96	 1	 1	 1	 0	 1496	 1501	 1500	 781	 0.00	 0.00	 0.00
10900	 1.05	 1.57	 -0.92	 1	 1	 1	 0	 1496	 1502	 1500	 779	 0.00	 0.00	 0.00
11000	 1.42	 1.55	 -1.71	 1	 1	 1	 0	 1496	 1502	 1500	 768	 0.00	 0.00	 0.00
11100	 1.71	 1.44	 -1.47	 1	 1	 1	 0	 1497	 1503	 1500	 767	 0.00	 0.00	 0.00
11200	 0.03	 1.41	 0.03	 1	 1	 1	 0	 1497	 1500	 1500	 782	 0.00	 0.00	 0.00
11300	 -0.35	 1.38	 -1.09	 1	 1	 1	 0	 1497	 1499	 1500	 769	 0.00	 0.00	 0.00
11400	 0.29	 1.53	 -1.24	 1	 1	 1	 0	 1496	 1500	 1500	 765	 0.00	 0.00	 0.00
11500	 0.17	 1.37	 -1.01	 1	 1	 1	 0	 1497	 1500	 1500	 765	 0.00	 0.00	 0.00
11600	 0.50	 -0.08	 -0.94	 1	 1	 1	 0	 1500	 1500	 1500	 764	 0.00	 0.00	 0.00
11700	 0.76	 0.15	 -0.40	 1	 1	 1	 0	 1499	 1501	 1500	 769	 0.00	 0.00	 0.00
11800	 0.27	 0.20	 -0.77	 1	 1	 1	 0	 1499	 1500	 1500	 764	 0.00	 0.00	 0.00
11900	 0.48	 0.23	 -0.71	 1	 1	 1	 0	 1499	 1500	 1500	 763	 0.00	 0.00	 0.00
12000	 0.38	 0.21	 -0.39	 1	 1	 1	 0	 1499	 1500	 1500	 765	 0.00	 0.00	 0.00
12100	 0.41	 0.73	 -0.11	 1	 1	 1	 0	 1498	 1500	 1500	 768	 0.00	 0.00	 0.00
12200	 0.33	 0.64	 -1.94	 1	 1	 1	 0	 1498	 1500	 1500	 745	 0.00	 0.00	 0.00
12300	 0.61	 0.58	 -2.16	 1	 1	 1	 0	 1498	 1501	 1500	 739	 0.00	 0.00	 0.00
12400	 0.87	 0.59	 -1.75	 1	 1	 1	 0	 1498	 1501	 1500	 740	 0.00	 0.00	 0.00
12500	 0.98	 0.61	 -1.15	 1	 1	 1	 0	 1498	 1501	 1500	 743	 0.00	 0.00	 0.00
12600	 0.96	 0.52	 -1.96	 1	 1	 1	 0	 1498	 1501	 1500	 731	 0.00	 0.00	 0.00
12700	 0.76	 0.45	 -2.27	 1	 1	 1	 0	 1499	 1501	 1500	 724	 0.00	 0.00	 0.00
12800	 0.91	 0.45	 -2.05	 1	 1	 1	 0	 1499	 1501	 1500	 722	 0.00	 0.00	 0.00
12900	 0.01	 0.44	 -2.46	 1	 1	 1	 0	 1499	 1500	 1500	 713	 0.00	 0.00	 0.00
13000	 0.10	 0.39	 -2.13	 1	 1	 1	 0	 1499	 1500	 1500	 712	 0.00	 0.00	 0.00
13100	 -0.83	 0.35	 -1.82	 1	 1	 1	 0	 1499	 1498	 1500	 711	 0.00	 0.00	 0.00
13200	 -1.19	 0.34	 -2.55	 1	 1	 1	 0	 1499	 1497	 1500	 699	 0.00	 0.00	 0.00
13300	 -0.44	 0.32	 -3.14	 1	 1	 1	 0	 1499	 1499	 1500	 687	 0.00	 0.00	 0.00
13400	 -0.30	 0.28	 -1.92	 1	 1	 1	 0	 1499	 1499	 1500	 695	 0.00	 0.00	 0.00
13500	 -0.29	 0.27	 -1.51	 1	 1	 1	 0	 1499	 1499	 1500	 696	 0.00	 0.00	 0.00
13600	 -0.07	 0.28	 -1.06	 1	 1	 1	 0	 1499	 1499	 1500	 698	 0.00	 0.00	 0.00
13700	 -0.93	 0.21	 0.28	 1	 1	 1	 0	 1499	 1498	 1500	 712	 0.00	 0.00	 0.00
13800	 -0.97	 0.19	 0.32	 1	 1	 1	 0	 1499	 1498	 1500	 713	 0.00	 0.00	 0.00
13900	 -1.27	 0.26	 -0.03	 1	 1	 1	 0	 1499	 1497	 1500	 710	 0.00	 0.00	 0.00
14000	 0.86	 0.26	 0.58	 1	 1	 1	 0	 1499	 1501	 1500	 717	 0.00	 0.00	 0.00
14100	 -0.19	 0.25	 0.37	 1	 1	 1	 0	 1499	 1499	 1500	 716	 0.00	 0.00	 0.00
14200	 -0.06	 0.24	 0.41	 1	 1	 1	 0	 1499	 1499	 1500	 717	 0.00	 0.00	 0.00
14300	 0.16	 0.24	 1.31	 1	 1	 1	 0	 1499	 1500	 1500	 729	 0.00	 0.00	 0.00
14400	 -0.23	 0.17	 -0.11	 1	 1	 1	 0	 1499	 1499	 1500	 714	 0.00	 0.00	 0.00
14500	 1.31	 0.16	 -0.14	 1	 1	 1	 0	 1499	 1502	 1500	 714	 0.00	 0.00	 0.00
14600	 1.60	 0.16	 0.37	 1	 1	 1	 0	 1499	 1503	 1500	 719	 0.00	 0.00	 0.00
14700	 0.79	 0.97	 0.49	 1	 1	 1	 0	 1498	 1501	 1500	 722	 0.00	 0.00	 0.00
14800	 0.99	 1.08	 0.59	 1	 1	 1	 0	 1497	 1501	 1500	 724	 0.00	 0.00	 0.00
14900	 0.88	 1.11	 1.17	 1	 1	 1	 0	 1497	 1501	 1500	 732	 0.00	 0.00	 0.00
15000	 1.18	 1.07	 1.35	 1	 1	 1	 0	 1497	 1502	 1500	 736	 0.00	 0.00	 0.00
15100	 1.22	 1.10	 0.83	 1	 1	 1	 0	 1497	 1502	 1500	 733	 0.00	 0.00	 0.00
