#Time(ms)	 Roll 	 Pitch 	 Yaw 	 gX 	 Gy 	 gZ 
200	 -5.90	 82.87	 42.14	 11.00	 20.00	 10.00
300	 -5.91	 82.86	 42.04	 12.00	 19.00	 11.00
400	 -5.91	 82.86	 42.04	 12.00	 19.00	 11.00
500	 -5.97	 82.72	 39.77	 10.00	 17.00	 10.00
600	 -5.97	 82.71	 39.73	 9.00	 18.00	 9.00
700	 -5.97	 82.71	 39.73	 9.00	 18.00	 9.00
800	 -6.02	 82.60	 37.68	 10.00	 18.00	 10.00
900	 -6.02	 82.60	 37.68	 12.00	 19.00	 10.00
1000	 -6.02	 82.60	 37.68	 12.00	 19.00	 10.00
1100	 -6.07	 82.50	 35.74	 10.00	 20.00	 10.00
1200	 -6.07	 82.50	 35.67	 12.00	 18.00	 9.00
1300	 -6.07	 82.50	 35.67	 12.00	 18.00	 9.00
1400	 -6.09	 82.44	 33.90	 10.00	 18.00	 10.00
1500	 -6.09	 82.43	 33.86	 11.00	 17.00	 10.00
1600	 -6.09	 82.43	 33.86	 11.00	 17.00	 10.00
1700	 -6.11	 82.38	 32.21	 12.00	 19.00	 9.00
1800	 -6.11	 82.38	 32.21	 11.00	 18.00	 10.00
1900	 -6.11	 82.38	 32.21	 11.00	 18.00	 10.00
2000	 -6.13	 82.34	 30.54	 10.00	 18.00	 10.00
2100	 -6.13	 82.34	 30.50	 12.00	 19.00	 10.00
2200	 -6.13	 82.34	 30.50	 12.00	 19.00	 10.00
2300	 -6.14	 82.31	 28.90	 10.00	 19.00	 10.00
2400	 -6.15	 82.31	 28.85	 10.00	 19.00	 9.00
2500	 -6.15	 82.31	 28.85	 10.00	 19.00	 9.00
2600	 -6.15	 82.28	 27.15	 11.00	 19.00	 10.00
2700	 -6.15	 82.28	 27.11	 12.00	 19.00	 10.00
2800	 -6.15	 82.28	 27.11	 12.00	 19.00	 10.00
2900	 -6.16	 82.26	 25.48	 12.00	 18.00	 10.00
3000	 -6.16	 82.26	 25.39	 12.00	 18.00	 9.00
3100	 -6.16	 82.26	 25.39	 12.00	 18.00	 9.00
3200	 -6.17	 82.24	 23.80	 11.00	 19.00	 9.00
3300	 -6.17	 82.24	 23.71	 11.00	 18.00	 10.00
3400	 -6.17	 82.24	 23.71	 11.00	 18.00	 10.00
3500	 -6.18	 82.23	 22.08	 11.00	 19.00	 10.00
3600	 -6.19	 82.22	 22.03	 11.00	 18.00	 10.00
3700	 -6.19	 82.22	 22.03	 11.00	 18.00	 10.00
3800	 -6.19	 82.21	 20.30	 10.00	 18.00	 10.00
3900	 -6.19	 82.21	 20.26	 12.00	 20.00	 10.00
4000	 -6.19	 82.21	 20.26	 12.00	 20.00	 10.00
4100	 -6.20	 82.20	 18.53	 11.00	 20.00	 10.00
4200	 -6.20	 82.20	 18.43	 11.00	 17.00	 10.00
4300	 -6.20	 82.20	 18.43	 11.00	 17.00	 10.00
4400	 -6.20	 82.20	 16.71	 11.00	 18.00	 11.00
4500	 -6.19	 82.20	 16.66	 10.00	 18.00	 10.00
4600	 -6.19	 82.20	 16.66	 10.00	 18.00	 10.00
4700	 -6.20	 82.18	 14.81	 11.00	 19.00	 11.00
4800	 -6.20	 82.18	 14.71	 11.00	 19.00	 10.00
4900	 -6.20	 82.18	 14.71	 11.00	 19.00	 10.00
5000	 -6.21	 82.17	 12.85	 11.00	 19.00	 9.00
5100	 -6.20	 82.17	 12.80	 11.00	 18.00	 11.00
5200	 -6.20	 82.17	 12.80	 11.00	 18.00	 11.00
5300	 -6.21	 82.17	 10.91	 11.00	 19.00	 9.00
5400	 -6.21	 82.17	 10.80	 10.00	 19.00	 10.00
5500	 -6.21	 82.17	 10.80	 10.00	 19.00	 10.00
5600	 -6.21	 82.16	 8.95	 11.00	 19.00	 10.00
5700	 -6.21	 82.16	 8.84	 11.00	 19.00	 10.00
5800	 -6.21	 82.16	 8.84	 11.00	 19.00	 10.00
5900	 -6.21	 82.16	 6.94	 11.00	 19.00	 10.00
6000	 -6.21	 82.16	 6.89	 11.00	 18.00	 10.00
6100	 -6.21	 82.16	 6.89	 11.00	 18.00	 10.00
6200	 -6.21	 82.16	 4.93	 11.00	 19.00	 9.00
6300	 -6.21	 82.16	 4.81	 11.00	 19.00	 9.00
6400	 -6.21	 82.16	 4.81	 11.00	 19.00	 9.00
6500	 -6.20	 82.16	 2.81	 10.00	 19.00	 9.00
6600	 -6.21	 82.16	 2.75	 11.00	 18.00	 9.00
6700	 -6.21	 82.16	 2.75	 11.00	 18.00	 9.00
6800	 -6.21	 82.16	 0.74	 10.00	 19.00	 10.00
6900	 -6.20	 82.17	 0.69	 12.00	 18.00	 11.00
7000	 -6.20	 82.17	 0.69	 12.00	 18.00	 11.00
7100	 -6.20	 82.17	 -1.29	 12.00	 19.00	 9.00
7200	 -6.20	 82.17	 -1.41	 10.00	 19.00	 10.00
7300	 -6.20	 82.17	 -1.41	 10.00	 19.00	 10.00
7400	 -6.20	 82.16	 -3.46	 11.00	 19.00	 11.00
7500	 -6.20	 82.16	 -3.57	 11.00	 18.00	 10.00
7600	 -6.20	 82.16	 -3.57	 11.00	 18.00	 10.00
7700	 -6.20	 82.17	 -5.58	 11.00	 19.00	 9.00
7800	 -6.20	 82.17	 -5.69	 12.00	 19.00	 10.00
7900	 -6.20	 82.17	 -5.69	 12.00	 19.00	 10.00
8000	 -6.20	 82.17	 -7.74	 11.00	 19.00	 10.00
8100	 -6.21	 82.16	 -7.80	 11.00	 18.00	 11.00
8200	 -6.21	 82.16	 -7.80	 11.00	 18.00	 11.00
8300	 -6.20	 82.16	 -9.85	 11.00	 18.00	 10.00
8400	 -6.20	 82.16	 -9.97	 12.00	 20.00	 10.00
8500	 -6.20	 82.16	 -9.97	 12.00	 20.00	 10.00
8600	 -6.20	 82.17	 -12.03	 11.00	 19.00	 10.00
8700	 -6.20	 82.17	 -12.08	 12.00	 18.00	 9.00
8800	 -6.20	 82.17	 -12.08	 12.00	 18.00	 9.00
8900	 -6.19	 82.17	 -14.11	 9.00	 18.00	 10.00
9000	 -6.20	 82.17	 -14.17	 11.00	 18.00	 10.00
9100	 -6.20	 82.17	 -14.17	 11.00	 18.00	 10.00
9200	 -6.21	 82.17	 -16.21	 12.00	 19.00	 10.00
9300	 -6.20	 82.17	 -16.26	 11.00	 19.00	 10.00
9400	 -6.20	 82.17	 -16.26	 11.00	 19.00	 10.00
9500	 -6.20	 82.17	 -18.24	 12.00	 17.00	 11.00
9600	 -6.20	 82.17	 -18.35	 12.00	 19.00	 11.00
9700	 -6.20	 82.17	 -18.35	 12.00	 19.00	 11.00
9800	 -6.20	 82.17	 -20.25	 11.00	 20.00	 10.00
9900	 -6.20	 82.17	 -20.36	 12.00	 19.00	 10.00
10000	 -6.20	 82.17	 -20.36	 12.00	 19.00	 10.00
10100	 -6.21	 82.16	 -22.27	 12.00	 18.00	 10.00
10200	 -6.21	 82.17	 -22.27	 10.00	 18.00	 10.00
10300	 -6.21	 82.17	 -22.27	 10.00	 18.00	 10.00
10400	 -6.20	 82.17	 -24.24	 13.00	 19.00	 11.00
10500	 -6.20	 82.17	 -24.34	 11.00	 18.00	 10.00
10600	 -6.20	 82.17	 -24.34	 11.00	 18.00	 10.00
10700	 -6.20	 82.17	 -26.13	 13.00	 21.00	 10.00
10800	 -6.21	 82.17	 -26.18	 10.00	 18.00	 10.00
10900	 -6.21	 82.17	 -26.18	 10.00	 18.00	 10.00
11000	 -6.21	 82.17	 -28.07	 11.00	 18.00	 9.00
11100	 -6.21	 82.17	 -28.06	 10.00	 19.00	 10.00
11200	 -6.21	 82.17	 -28.06	 10.00	 19.00	 10.00
11300	 -6.21	 82.17	 -29.91	 11.00	 19.00	 10.00
11400	 -6.21	 82.17	 -30.00	 12.00	 19.00	 10.00
11500	 -6.21	 82.17	 -30.00	 12.00	 19.00	 10.00
11600	 -6.22	 82.17	 -31.65	 11.00	 19.00	 8.00
11700	 -6.21	 82.17	 -31.74	 12.00	 20.00	 10.00
11800	 -6.21	 82.17	 -31.74	 12.00	 20.00	 10.00
11900	 -6.22	 82.16	 -33.34	 11.00	 19.00	 10.00
12000	 -6.22	 82.16	 -33.43	 11.00	 18.00	 11.00
12100	 -6.22	 82.16	 -33.43	 11.00	 18.00	 11.00
12200	 -6.21	 82.17	 -35.02	 10.00	 18.00	 9.00
12300	 -6.21	 82.16	 -35.06	 14.00	 19.00	 10.00
12400	 -6.21	 82.16	 -35.06	 14.00	 19.00	 10.00
12500	 -6.22	 82.16	 -36.66	 12.00	 21.00	 10.00
12600	 -6.21	 82.16	 -36.70	 10.00	 19.00	 9.00
12700	 -6.21	 82.16	 -36.70	 10.00	 19.00	 9.00
12800	 -6.21	 82.17	 -38.18	 11.00	 18.00	 9.00
12900	 -6.21	 82.17	 -38.32	 11.00	 18.00	 10.00
13000	 -6.21	 82.17	 -38.32	 11.00	 18.00	 10.00
13100	 -6.21	 82.17	 -39.76	 11.00	 18.00	 10.00
13200	 -6.21	 82.17	 -39.76	 13.00	 21.00	 11.00
13300	 -6.21	 82.17	 -39.76	 13.00	 21.00	 11.00
13400	 -6.21	 82.16	 -41.18	 11.00	 20.00	 10.00
13500	 -6.21	 82.16	 -41.25	 11.00	 18.00	 10.00
13600	 -6.21	 82.16	 -41.25	 11.00	 18.00	 10.00
13700	 -6.22	 82.16	 -42.65	 11.00	 20.00	 10.00
13800	 -6.21	 82.16	 -42.68	 11.00	 19.00	 10.00
13900	 -6.21	 82.16	 -42.68	 11.00	 19.00	 10.00
14000	 -6.13	 82.33	 -44.16	 12.00	 19.00	 10.00
14100	 -6.13	 82.33	 -44.19	 13.00	 19.00	 10.00
14200	 -6.13	 82.33	 -44.19	 13.00	 19.00	 10.00
14300	 -6.00	 82.60	 -45.76	 12.00	 19.00	 10.00
14400	 -6.00	 82.61	 -45.79	 12.00	 19.00	 9.00
14500	 -6.00	 82.61	 -45.79	 12.00	 19.00	 9.00
14600	 -5.89	 82.82	 -46.97	 10.00	 18.00	 9.00
14700	 -5.89	 82.83	 -47.05	 12.00	 21.00	 10.00
14800	 -5.89	 82.83	 -47.05	 12.00	 21.00	 10.00
14900	 -5.82	 82.99	 -48.07	 10.00	 18.00	 9.00
15000	 -5.81	 82.99	 -48.11	 11.00	 19.00	 9.00
15100	 -5.81	 82.99	 -48.11	 11.00	 19.00	 9.00
