#Time(ms)	 Value 	 Validity 	 avgValue 	 Diff 	 Outliers 	 invalidReason	 SD 
200	 -1.00 	0 	0.00 	1.00 	1 	0	 0.00	 0.00 
300	 42.87 	0 	21.43 	21.43 	1 	21.43	 4.39	 30.01 
400	 43.23 	1 	32.33 	10.90 	0 	-3	 3.98	 39.26 
500	 43.05 	1 	37.69 	5.36 	0 	-3	 3.60	 41.91 
600	 42.69 	1 	40.19 	2.50 	0 	-3	 3.28	 42.46 
700	 42.78 	1 	41.49 	1.29 	0 	-3	 2.96	 42.68 
800	 43.31 	1 	42.40 	0.91 	0 	-3	 2.72	 43.12 
900	 43.23 	1 	42.81 	0.42 	0 	-3	 2.45	 43.20 
1000	 43.31 	1 	43.06 	0.25 	0 	-3	 2.22	 43.28 
1100	 42.51 	1 	42.79 	0.28 	0 	-3	 2.07	 42.74 
1200	 42.69 	1 	42.74 	0.05 	0 	-3	 1.89	 42.70 
1300	 43.14 	1 	42.94 	0.20 	0 	-3	 1.74	 43.01 
1400	 43.31 	1 	43.12 	0.19 	0 	-3	 1.58	 43.22 
1500	 42.96 	1 	43.04 	0.08 	0 	-3	 1.46	 43.04 
1600	 43.23 	1 	43.14 	0.09 	0 	-3	 1.34	 43.17 
1700	 42.96 	1 	43.05 	0.09 	0 	-3	 1.23	 43.02 
1800	 42.69 	1 	42.87 	0.18 	0 	-3	 1.14	 42.79 
1900	 42.51 	1 	42.69 	0.18 	0 	-3	 1.04	 42.59 
2000	 42.51 	1 	42.60 	0.09 	0 	-3	 0.94	 42.54 
2100	 42.34 	1 	42.47 	0.13 	0 	-3	 0.86	 42.40 
2200	 43.23 	1 	42.85 	0.38 	0 	-3	 0.86	 42.98 
2300	 42.96 	1 	42.90 	0.06 	0 	-3	 0.80	 42.97 
2400	 42.96 	1 	42.93 	0.03 	0 	-3	 0.72	 42.96 
2500	 43.05 	1 	42.99 	0.06 	0 	-3	 0.66	 43.02 
2600	 43.31 	1 	43.15 	0.16 	0 	-3	 0.62	 43.22 
2700	 43.23 	1 	43.19 	0.04 	0 	-3	 0.57	 43.23 
2800	 43.05 	1 	43.12 	0.07 	0 	-3	 0.53	 43.10 
2900	 42.34 	1 	42.73 	0.39 	0 	-3	 0.55	 42.57 
3000	 43.31 	1 	43.02 	0.29 	0 	-3	 0.59	 43.09 
3100	 42.78 	1 	42.90 	0.12 	0 	-3	 0.58	 42.87 
3200	 42.78 	1 	42.84 	0.06 	0 	-3	 0.52	 42.81 
3300	 42.69 	1 	42.77 	0.08 	0 	-3	 0.48	 42.73 
3400	 42.96 	1 	42.86 	0.10 	0 	-3	 0.46	 42.89 
3500	 42.78 	1 	42.82 	0.04 	0 	-3	 0.43	 42.81 
3600	 43.31 	1 	43.07 	0.24 	0 	-3	 0.44	 43.16 
3700	 42.87 	1 	42.97 	0.10 	0 	-3	 0.44	 42.96 
3800	 43.23 	1 	43.10 	0.13 	0 	-3	 0.43	 43.15 
3900	 43.23 	1 	43.16 	0.07 	0 	-3	 0.39	 43.21 
4000	 42.34 	1 	42.75 	0.41 	0 	-3	 0.44	 42.60 
4100	 43.31 	1 	43.03 	0.28 	0 	-3	 0.49	 43.10 
4200	 43.23 	1 	43.13 	0.10 	0 	-3	 0.45	 43.19 
4300	 42.16 	1 	42.65 	0.49 	0 	-3	 0.51	 42.47 
4400	 42.69 	1 	42.67 	0.02 	0 	-3	 0.52	 42.62 
4500	 43.31 	1 	42.99 	0.32 	0 	-3	 0.53	 43.10 
4600	 42.34 	1 	42.66 	0.32 	0 	-3	 0.57	 42.57 
4700	 42.07 	1 	42.37 	0.30 	0 	-3	 0.54	 42.22 
4800	 42.69 	1 	42.53 	0.16 	0 	-3	 0.55	 42.55 
4900	 41.71 	1 	42.12 	0.41 	0 	-3	 0.59	 41.96 
5000	 42.69 	1 	42.40 	0.29 	0 	-3	 0.63	 42.47 
5100	 43.23 	1 	42.82 	0.41 	0 	-3	 0.62	 43.00 
5200	 42.60 	1 	42.71 	0.11 	0 	-3	 0.62	 42.72 
5300	 43.05 	1 	42.88 	0.17 	0 	-3	 0.60	 42.95 
5400	 43.05 	1 	42.96 	0.09 	0 	-3	 0.54	 43.02 
5500	 42.96 	1 	42.96 	0.00 	0 	-3	 0.50	 42.98 
5600	 42.16 	1 	42.56 	0.40 	0 	-3	 0.53	 42.41 
5700	 42.69 	1 	42.63 	0.06 	0 	-3	 0.53	 42.60 
5800	 42.51 	1 	42.57 	0.06 	0 	-3	 0.49	 42.54 
5900	 43.05 	1 	42.81 	0.24 	0 	-3	 0.50	 42.90 
6000	 42.87 	1 	42.84 	0.03 	0 	-3	 0.47	 42.88 
6100	 42.69 	1 	42.76 	0.07 	0 	-3	 0.44	 42.75 
6200	 43.23 	1 	43.00 	0.23 	0 	-3	 0.45	 43.08 
6300	 42.78 	1 	42.89 	0.11 	0 	-3	 0.45	 42.87 
6400	 43.14 	1 	43.01 	0.13 	0 	-3	 0.44	 43.06 
6500	 43.23 	1 	43.12 	0.11 	0 	-3	 0.40	 43.18 
6600	 42.25 	1 	42.69 	0.44 	0 	-3	 0.46	 42.53 
6700	 42.60 	1 	42.64 	0.04 	0 	-3	 0.45	 42.58 
6800	 42.42 	1 	42.53 	0.11 	0 	-3	 0.42	 42.47 
6900	 43.31 	1 	42.92 	0.39 	0 	-3	 0.47	 43.06 
7000	 43.14 	1 	43.03 	0.11 	0 	-3	 0.44	 43.12 
7100	 43.23 	1 	43.13 	0.10 	0 	-3	 0.41	 43.20 
7200	 43.23 	1 	43.18 	0.05 	0 	-3	 0.36	 43.22 
7300	 43.23 	1 	43.21 	0.02 	0 	-3	 0.33	 43.23 
7400	 43.31 	1 	43.26 	0.05 	0 	-3	 0.30	 43.29 
7500	 43.23 	1 	43.24 	0.01 	0 	-3	 0.28	 43.25 
7600	 42.34 	1 	42.79 	0.45 	0 	-3	 0.34	 42.61 
7700	 42.60 	1 	42.70 	0.10 	0 	-3	 0.33	 42.60 
7800	 42.96 	1 	42.83 	0.13 	0 	-3	 0.34	 42.85 
7900	 42.87 	1 	42.85 	0.02 	0 	-3	 0.31	 42.86 
8000	 42.07 	1 	42.46 	0.39 	0 	-3	 0.36	 42.31 
8100	 43.23 	1 	42.84 	0.39 	0 	-3	 0.44	 42.95 
8200	 41.98 	1 	42.41 	0.43 	0 	-3	 0.52	 42.27 
8300	 43.14 	1 	42.78 	0.36 	0 	-3	 0.59	 42.88 
8400	 43.05 	1 	42.91 	0.14 	0 	-3	 0.54	 43.00 
8500	 42.78 	1 	42.85 	0.07 	0 	-3	 0.51	 42.85 
8600	 42.78 	1 	42.81 	0.03 	0 	-3	 0.46	 42.80 
8700	 42.96 	1 	42.89 	0.07 	0 	-3	 0.43	 42.91 
8800	 42.96 	1 	42.92 	0.04 	0 	-3	 0.39	 42.95 
8900	 43.23 	1 	43.08 	0.15 	0 	-3	 0.38	 43.14 
9000	 43.14 	1 	43.11 	0.03 	0 	-3	 0.35	 43.14 
9100	 42.69 	1 	42.90 	0.21 	0 	-3	 0.36	 42.83 
9200	 41.89 	1 	42.39 	0.50 	0 	-3	 0.40	 42.17 
9300	 43.23 	1 	42.81 	0.42 	0 	-3	 0.50	 42.91 
9400	 43.31 	1 	43.06 	0.25 	0 	-3	 0.45	 43.19 
9500	 42.16 	1 	42.61 	0.45 	0 	-3	 0.52	 42.47 
9600	 42.34 	1 	42.48 	0.14 	0 	-3	 0.49	 42.38 
9700	 42.96 	1 	42.72 	0.24 	0 	-3	 0.50	 42.79 
9800	 43.14 	1 	42.93 	0.21 	0 	-3	 0.47	 43.03 
9900	 43.31 	1 	43.12 	0.19 	0 	-3	 0.44	 43.23 
10000	 43.31 	1 	43.21 	0.10 	0 	-3	 0.40	 43.29 
10100	 42.96 	1 	43.09 	0.13 	0 	-3	 0.39	 43.06 
10200	 43.31 	1 	43.20 	0.11 	0 	-3	 0.39	 43.23 
10300	 42.69 	1 	42.94 	0.25 	0 	-3	 0.41	 42.85 
10400	 43.31 	1 	43.13 	0.18 	0 	-3	 0.43	 43.17 
10500	 42.87 	1 	43.00 	0.13 	0 	-3	 0.43	 42.96 
10600	 42.96 	1 	42.98 	0.02 	0 	-3	 0.40	 42.96 
10700	 43.31 	1 	43.14 	0.17 	0 	-3	 0.39	 43.21 
10800	 42.78 	1 	42.96 	0.18 	0 	-3	 0.41	 42.91 
10900	 42.78 	1 	42.87 	0.09 	0 	-3	 0.37	 42.82 
11000	 42.25 	1 	42.56 	0.31 	0 	-3	 0.38	 42.42 
11100	 43.05 	1 	42.81 	0.24 	0 	-3	 0.42	 42.86 
11200	 43.05 	1 	42.93 	0.12 	0 	-3	 0.38	 42.99 
11300	 42.16 	1 	42.54 	0.38 	0 	-3	 0.43	 42.41 
11400	 42.96 	1 	42.75 	0.21 	0 	-3	 0.47	 42.80 
11500	 42.78 	1 	42.77 	0.01 	0 	-3	 0.44	 42.78 
11600	 43.14 	1 	42.95 	0.19 	0 	-3	 0.43	 43.03 
11700	 43.14 	1 	43.05 	0.09 	0 	-3	 0.39	 43.11 
11800	 42.69 	1 	42.87 	0.18 	0 	-3	 0.40	 42.82 
11900	 43.05 	1 	42.96 	0.09 	0 	-3	 0.39	 42.98 
12000	 43.05 	1 	43.00 	0.05 	0 	-3	 0.35	 43.03 
12100	 43.23 	1 	43.12 	0.11 	0 	-3	 0.34	 43.17 
12200	 41.98 	1 	42.55 	0.57 	0 	-3	 0.43	 42.34 
12300	 42.34 	1 	42.44 	0.10 	0 	-3	 0.42	 42.34 
12400	 43.31 	1 	42.88 	0.43 	0 	-3	 0.48	 43.02 
12500	 43.23 	1 	43.05 	0.18 	0 	-3	 0.44	 43.17 
12600	 42.51 	1 	42.78 	0.27 	0 	-3	 0.46	 42.71 
12700	 43.14 	1 	42.96 	0.18 	0 	-3	 0.48	 43.01 
12800	 43.23 	1 	43.10 	0.13 	0 	-3	 0.44	 43.16 
12900	 42.96 	1 	43.03 	0.07 	0 	-3	 0.42	 43.02 
13000	 42.69 	1 	42.86 	0.17 	0 	-3	 0.41	 42.79 
13100	 42.78 	1 	42.82 	0.04 	0 	-3	 0.38	 42.78 
13200	 42.16 	1 	42.49 	0.33 	0 	-3	 0.40	 42.35 
13300	 43.05 	1 	42.77 	0.28 	0 	-3	 0.45	 42.84 
13400	 42.96 	1 	42.86 	0.10 	0 	-3	 0.41	 42.92 
13500	 42.87 	1 	42.87 	0.00 	0 	-3	 0.38	 42.89 
13600	 43.31 	1 	43.09 	0.22 	0 	-3	 0.39	 43.18 
13700	 43.23 	1 	43.16 	0.07 	0 	-3	 0.36	 43.22 
13800	 43.14 	1 	43.15 	0.01 	0 	-3	 0.33	 43.16 
13900	 42.78 	1 	42.96 	0.18 	0 	-3	 0.33	 42.89 
14000	 43.23 	1 	43.10 	0.13 	0 	-3	 0.34	 43.13 
14100	 42.96 	1 	43.03 	0.07 	0 	-3	 0.34	 43.01 
14200	 43.23 	1 	43.13 	0.10 	0 	-3	 0.33	 43.16 
14300	 43.23 	1 	43.18 	0.05 	0 	-3	 0.30	 43.21 
14400	 42.07 	1 	42.62 	0.55 	0 	-3	 0.38	 42.41 
14500	 42.96 	1 	42.79 	0.17 	0 	-3	 0.43	 42.80 
14600	 42.96 	1 	42.88 	0.08 	0 	-3	 0.39	 42.91 
14700	 43.14 	1 	43.01 	0.13 	0 	-3	 0.37	 43.07 
14800	 43.31 	1 	43.16 	0.15 	0 	-3	 0.35	 43.24 
14900	 43.05 	1 	43.10 	0.05 	0 	-3	 0.34	 43.11 
15000	 43.31 	1 	43.21 	0.10 	0 	-3	 0.33	 43.25 
15100	 42.34 	1 	42.77 	0.43 	0 	-3	 0.40	 42.61 
