#Time(ms)	 Roll 	 Pitch 	 Yaw 	 gX 	 Gy 	 gZ 
200	 4.64	 -66.75	 160.11	 12.00	 20.00	 12.00
300	 4.65	 -66.74	 160.09	 12.00	 22.00	 12.00
400	 4.65	 -66.74	 160.09	 12.00	 22.00	 12.00
500	 4.69	 -66.57	 159.61	 13.00	 21.00	 12.00
600	 4.70	 -66.56	 159.60	 10.00	 18.00	 12.00
700	 4.70	 -66.56	 159.60	 10.00	 18.00	 12.00
800	 4.74	 -66.42	 159.09	 13.00	 22.00	 12.00
900	 4.73	 -66.41	 159.07	 12.00	 22.00	 11.00
1000	 4.73	 -66.41	 159.07	 12.00	 22.00	 11.00
1100	 4.76	 -66.30	 158.57	 11.00	 19.00	 12.00
1200	 4.76	 -66.30	 158.54	 12.00	 21.00	 11.00
1300	 4.76	 -66.30	 158.54	 12.00	 21.00	 11.00
1400	 4.78	 -66.20	 158.02	 12.00	 21.00	 11.00
1500	 4.79	 -66.20	 158.00	 12.00	 19.00	 11.00
1600	 4.79	 -66.20	 158.00	 12.00	 19.00	 11.00
1700	 4.80	 -66.12	 157.49	 11.00	 21.00	 11.00
1800	 4.80	 -66.12	 157.47	 10.00	 21.00	 12.00
1900	 4.80	 -66.12	 157.47	 10.00	 21.00	 12.00
2000	 4.82	 -66.05	 156.97	 12.00	 21.00	 11.00
2100	 4.82	 -66.05	 156.94	 12.00	 21.00	 12.00
2200	 4.82	 -66.05	 156.94	 12.00	 21.00	 12.00
2300	 4.84	 -66.00	 156.40	 12.00	 20.00	 12.00
2400	 4.83	 -66.00	 156.39	 12.00	 20.00	 11.00
2500	 4.83	 -66.00	 156.39	 12.00	 20.00	 11.00
2600	 4.85	 -65.97	 155.85	 11.00	 20.00	 12.00
2700	 4.85	 -65.97	 155.83	 11.00	 21.00	 12.00
2800	 4.85	 -65.97	 155.83	 11.00	 21.00	 12.00
2900	 4.85	 -65.93	 155.32	 11.00	 21.00	 12.00
3000	 4.86	 -65.93	 155.28	 11.00	 20.00	 12.00
3100	 4.86	 -65.93	 155.28	 11.00	 20.00	 12.00
3200	 4.87	 -65.91	 154.74	 13.00	 21.00	 11.00
3300	 4.87	 -65.91	 154.73	 11.00	 19.00	 12.00
3400	 4.87	 -65.91	 154.73	 11.00	 19.00	 12.00
3500	 4.87	 -65.89	 154.21	 11.00	 18.00	 11.00
3600	 4.87	 -65.89	 154.18	 12.00	 22.00	 12.00
3700	 4.87	 -65.89	 154.18	 12.00	 22.00	 12.00
3800	 4.87	 -65.87	 153.66	 13.00	 22.00	 12.00
3900	 4.88	 -65.88	 153.64	 12.00	 21.00	 11.00
4000	 4.88	 -65.88	 153.64	 12.00	 21.00	 11.00
4100	 4.87	 -65.87	 153.10	 13.00	 21.00	 11.00
4200	 4.87	 -65.87	 153.08	 12.00	 18.00	 12.00
4300	 4.87	 -65.87	 153.08	 12.00	 18.00	 12.00
4400	 4.87	 -65.86	 152.56	 11.00	 20.00	 12.00
4500	 4.87	 -65.86	 152.54	 11.00	 21.00	 11.00
4600	 4.87	 -65.86	 152.54	 11.00	 21.00	 11.00
4700	 4.87	 -65.84	 152.03	 12.00	 21.00	 11.00
4800	 4.87	 -65.84	 152.01	 13.00	 22.00	 13.00
4900	 4.87	 -65.84	 152.01	 13.00	 22.00	 13.00
5000	 4.87	 -65.83	 151.48	 12.00	 20.00	 11.00
5100	 4.87	 -65.83	 151.46	 12.00	 21.00	 11.00
5200	 4.87	 -65.83	 151.46	 12.00	 21.00	 11.00
5300	 4.88	 -65.82	 150.95	 10.00	 20.00	 12.00
5400	 4.87	 -65.82	 150.93	 12.00	 22.00	 12.00
5500	 4.87	 -65.82	 150.93	 12.00	 22.00	 12.00
5600	 4.87	 -65.82	 150.42	 12.00	 20.00	 12.00
5700	 4.87	 -65.82	 150.40	 11.00	 20.00	 11.00
5800	 4.87	 -65.82	 150.40	 11.00	 20.00	 11.00
5900	 4.87	 -65.82	 149.88	 12.00	 21.00	 12.00
6000	 4.87	 -65.82	 149.86	 11.00	 20.00	 12.00
6100	 4.87	 -65.82	 149.86	 11.00	 20.00	 12.00
6200	 4.87	 -65.82	 149.35	 11.00	 20.00	 11.00
6300	 4.87	 -65.82	 149.34	 11.00	 20.00	 12.00
6400	 4.87	 -65.82	 149.34	 11.00	 20.00	 12.00
6500	 4.87	 -65.82	 148.84	 11.00	 20.00	 11.00
6600	 4.87	 -65.81	 148.82	 13.00	 21.00	 12.00
6700	 4.87	 -65.81	 148.82	 13.00	 21.00	 12.00
6800	 4.87	 -65.81	 148.31	 11.00	 20.00	 11.00
6900	 4.88	 -65.81	 148.30	 12.00	 21.00	 12.00
7000	 4.88	 -65.81	 148.30	 12.00	 21.00	 12.00
7100	 4.87	 -65.81	 147.82	 11.00	 19.00	 11.00
7200	 4.87	 -65.81	 147.80	 12.00	 20.00	 10.00
7300	 4.87	 -65.81	 147.80	 12.00	 20.00	 10.00
7400	 4.87	 -65.81	 147.29	 12.00	 21.00	 11.00
7500	 4.88	 -65.80	 147.28	 12.00	 20.00	 11.00
7600	 4.88	 -65.80	 147.28	 12.00	 20.00	 11.00
7700	 4.88	 -65.80	 146.79	 12.00	 20.00	 12.00
7800	 4.87	 -65.80	 146.77	 12.00	 20.00	 11.00
7900	 4.87	 -65.80	 146.77	 12.00	 20.00	 11.00
8000	 4.87	 -65.79	 146.29	 12.00	 22.00	 11.00
8100	 4.87	 -65.79	 146.28	 12.00	 20.00	 12.00
8200	 4.87	 -65.79	 146.28	 12.00	 20.00	 12.00
8300	 4.87	 -65.79	 145.79	 10.00	 19.00	 12.00
8400	 4.87	 -65.79	 145.77	 13.00	 21.00	 12.00
8500	 4.87	 -65.79	 145.77	 13.00	 21.00	 12.00
8600	 4.88	 -65.80	 145.30	 12.00	 20.00	 11.00
8700	 4.87	 -65.80	 145.28	 12.00	 21.00	 11.00
8800	 4.87	 -65.80	 145.28	 12.00	 21.00	 11.00
8900	 4.88	 -65.79	 144.80	 12.00	 21.00	 11.00
9000	 4.88	 -65.80	 144.78	 12.00	 21.00	 12.00
9100	 4.88	 -65.80	 144.78	 12.00	 21.00	 12.00
9200	 4.89	 -65.80	 144.30	 11.00	 20.00	 12.00
9300	 4.88	 -65.80	 144.28	 12.00	 21.00	 12.00
9400	 4.88	 -65.80	 144.28	 12.00	 21.00	 12.00
9500	 4.89	 -65.80	 143.81	 12.00	 19.00	 11.00
9600	 4.89	 -65.80	 143.79	 12.00	 21.00	 11.00
9700	 4.89	 -65.80	 143.79	 12.00	 21.00	 11.00
9800	 4.89	 -65.79	 143.32	 12.00	 21.00	 11.00
9900	 4.89	 -65.80	 143.31	 11.00	 21.00	 11.00
10000	 4.89	 -65.80	 143.31	 11.00	 21.00	 11.00
10100	 4.89	 -65.79	 142.85	 11.00	 21.00	 12.00
10200	 4.89	 -65.80	 142.83	 12.00	 21.00	 12.00
10300	 4.89	 -65.80	 142.83	 12.00	 21.00	 12.00
10400	 4.89	 -65.80	 142.37	 12.00	 21.00	 12.00
10500	 4.88	 -65.80	 142.35	 12.00	 21.00	 10.00
10600	 4.88	 -65.80	 142.35	 12.00	 21.00	 10.00
10700	 4.88	 -65.80	 141.91	 12.00	 22.00	 11.00
10800	 4.88	 -65.80	 141.89	 12.00	 21.00	 12.00
10900	 4.88	 -65.80	 141.89	 12.00	 21.00	 12.00
11000	 4.88	 -65.80	 141.45	 12.00	 20.00	 12.00
11100	 4.88	 -65.80	 141.44	 10.00	 19.00	 12.00
11200	 4.88	 -65.80	 141.44	 10.00	 19.00	 12.00
11300	 4.88	 -65.80	 140.98	 11.00	 20.00	 12.00
11400	 4.88	 -65.80	 140.97	 12.00	 21.00	 11.00
11500	 4.88	 -65.80	 140.97	 12.00	 21.00	 11.00
11600	 4.88	 -65.79	 140.54	 12.00	 20.00	 11.00
11700	 4.88	 -65.79	 140.52	 12.00	 20.00	 11.00
11800	 4.88	 -65.79	 140.52	 12.00	 20.00	 11.00
11900	 4.88	 -65.79	 140.09	 12.00	 20.00	 11.00
12000	 4.88	 -65.79	 140.07	 13.00	 21.00	 11.00
12100	 4.88	 -65.79	 140.07	 13.00	 21.00	 11.00
12200	 4.88	 -65.80	 139.62	 11.00	 20.00	 11.00
12300	 4.89	 -65.79	 139.61	 12.00	 21.00	 11.00
12400	 4.89	 -65.79	 139.61	 12.00	 21.00	 11.00
12500	 4.88	 -65.80	 139.17	 13.00	 21.00	 11.00
12600	 4.88	 -65.80	 139.16	 12.00	 20.00	 11.00
12700	 4.88	 -65.80	 139.16	 12.00	 20.00	 11.00
12800	 4.88	 -65.81	 138.72	 11.00	 19.00	 11.00
12900	 4.88	 -65.81	 138.70	 12.00	 20.00	 11.00
13000	 4.88	 -65.81	 138.70	 12.00	 20.00	 11.00
13100	 4.88	 -65.82	 138.27	 12.00	 21.00	 12.00
13200	 4.87	 -65.82	 138.26	 11.00	 20.00	 11.00
13300	 4.87	 -65.82	 138.26	 11.00	 20.00	 11.00
13400	 4.88	 -65.81	 137.85	 13.00	 21.00	 12.00
13500	 4.88	 -65.81	 137.83	 11.00	 18.00	 11.00
13600	 4.88	 -65.81	 137.83	 11.00	 18.00	 11.00
13700	 4.87	 -65.81	 137.42	 12.00	 20.00	 12.00
13800	 4.88	 -65.81	 137.41	 11.00	 23.00	 12.00
13900	 4.88	 -65.81	 137.41	 11.00	 23.00	 12.00
14000	 4.83	 -65.96	 137.03	 12.00	 21.00	 11.00
14100	 4.84	 -65.98	 137.01	 12.00	 21.00	 11.00
14200	 4.84	 -65.98	 137.01	 12.00	 21.00	 11.00
14300	 4.75	 -66.30	 136.73	 12.00	 21.00	 11.00
14400	 4.75	 -66.31	 136.73	 12.00	 21.00	 11.00
14500	 4.75	 -66.31	 136.73	 12.00	 21.00	 11.00
14600	 4.69	 -66.57	 136.51	 12.00	 21.00	 12.00
14700	 4.68	 -66.57	 136.49	 11.00	 20.00	 12.00
14800	 4.68	 -66.57	 136.49	 11.00	 20.00	 12.00
14900	 4.62	 -66.78	 136.33	 12.00	 20.00	 12.00
15000	 4.62	 -66.79	 136.31	 11.00	 19.00	 12.00
15100	 4.62	 -66.79	 136.31	 11.00	 19.00	 12.00
