#Time(ms)	 Value 	 Validity 	 avgValue 	 Diff 	 Outliers 	 invalidReason	 SD 
200	 -1.00 	0 	0.00 	1.00 	1 	0	 0.00	 0.00 
300	 2.74 	0 	1.37 	1.37 	1 	1.37	 0.37	 1.92 
400	 1.13 	1 	1.25 	0.12 	1 	-3	 0.50	 1.37 
500	 1.13 	1 	1.19 	0.06 	0 	-3	 0.45	 1.20 
600	 1.13 	1 	1.16 	0.03 	0 	-3	 0.40	 1.15 
700	 1.13 	1 	1.15 	0.02 	0 	-3	 0.36	 1.14 
800	 1.13 	1 	1.15 	0.02 	1 	-3	 0.36	 1.14 
900	 49.37 	0 	25.26 	24.11 	1 	24.11	 5.15	 34.90 
1000	 1.13 	0 	13.19 	12.06 	1 	12.06	 9.46	 11.26 
1100	 1.22 	0 	7.21 	5.99 	0 	5.99	 8.52	 4.23 
1200	 3.36 	0 	5.28 	1.92 	0 	1.92	 7.88	 3.62 
1300	 3.36 	0 	5.28 	1.92 	1 	1.92	 7.88	 3.62 
1400	 1.13 	0 	3.21 	2.08 	1 	2.08	 7.32	 1.88 
1500	 1.13 	0 	2.17 	1.04 	0 	1.04	 6.59	 1.35 
1600	 1.13 	0 	2.17 	1.04 	1 	1.04	 6.59	 1.35 
1700	 0.60 	0 	1.38 	0.78 	0 	0.78	 5.98	 0.83 
1800	 0.60 	0 	1.38 	0.78 	1 	0.78	 5.98	 0.83 
1900	 1.22 	1 	1.30 	0.08 	1 	-3	 5.45	 1.10 
2000	 1.22 	1 	1.26 	0.04 	0 	-3	 4.90	 1.18 
2100	 1.22 	1 	1.24 	0.02 	0 	-3	 4.41	 1.21 
2200	 1.22 	1 	1.23 	0.01 	0 	-3	 3.97	 1.22 
2300	 1.22 	1 	1.23 	0.01 	0 	-3	 3.57	 1.22 
2400	 1.13 	1 	1.18 	0.05 	0 	-3	 3.22	 1.16 
2500	 1.13 	1 	1.15 	0.02 	0 	-3	 2.90	 1.14 
2600	 1.22 	1 	1.19 	0.03 	0 	-3	 2.62	 1.20 
2700	 1.22 	1 	1.19 	0.03 	1 	-3	 2.62	 1.20 
2800	 3.36 	0 	2.27 	1.09 	1 	1.09	 2.57	 2.71 
2900	 1.13 	0 	1.70 	0.57 	1 	0.57	 2.54	 1.60 
3000	 3.36 	1 	2.53 	0.83 	1 	-3	 2.51	 2.83 
3100	 0.60 	0 	1.57 	0.97 	1 	0.97	 2.53	 1.27 
3200	 3.36 	0 	2.46 	0.90 	1 	0.90	 2.56	 2.73 
3300	 1.22 	0 	1.84 	0.62 	1 	0.62	 2.51	 1.67 
3400	 2.83 	1 	2.34 	0.49 	1 	-3	 2.42	 2.48 
3500	 1.13 	0 	1.73 	0.60 	1 	0.60	 2.35	 1.54 
3600	 49.81 	0 	25.77 	24.04 	1 	24.04	 6.98	 35.33 
3700	 3.36 	0 	14.57 	11.21 	1 	11.21	 10.93	 12.95 
3800	 3.36 	0 	8.96 	5.60 	0 	5.60	 9.84	 6.24 
3900	 1.13 	0 	5.05 	3.92 	0 	3.92	 9.08	 2.66 
4000	 1.13 	0 	5.05 	3.92 	1 	3.92	 9.08	 2.66 
4100	 0.60 	0 	2.82 	2.22 	0 	2.22	 8.22	 1.22 
4200	 1.13 	0 	1.98 	0.85 	0 	0.85	 7.45	 1.16 
4300	 1.13 	0 	1.98 	0.85 	1 	0.85	 7.45	 1.16 
4400	 1.13 	0 	1.55 	0.42 	0 	0.42	 6.71	 1.14 
4500	 1.22 	1 	1.39 	0.17 	0 	-3	 6.05	 1.20 
4600	 1.13 	1 	1.26 	0.13 	0 	-3	 5.45	 1.15 
4700	 1.13 	1 	1.26 	0.13 	1 	-3	 5.45	 1.15 
4800	 1.13 	1 	1.19 	0.06 	0 	-3	 4.91	 1.14 
4900	 1.13 	1 	1.16 	0.03 	0 	-3	 4.41	 1.13 
5000	 1.22 	1 	1.19 	0.03 	0 	-3	 3.98	 1.19 
5100	 1.22 	1 	1.19 	0.03 	1 	-3	 3.98	 1.19 
5200	 1.22 	1 	1.21 	0.01 	0 	-3	 3.58	 1.21 
5300	 1.22 	1 	1.21 	0.01 	1 	-3	 3.58	 1.21 
5400	 1.13 	1 	1.17 	0.04 	0 	-3	 3.23	 1.15 
5500	 1.13 	1 	1.17 	0.04 	1 	-3	 3.23	 1.15 
5600	 3.36 	0 	2.26 	1.10 	1 	1.10	 3.13	 2.70 
5700	 3.36 	1 	2.81 	0.55 	0 	-3	 2.82	 3.16 
5800	 3.36 	1 	3.09 	0.27 	0 	-3	 2.54	 3.30 
5900	 3.36 	1 	3.09 	0.27 	1 	-3	 2.54	 3.30 
6000	 1.22 	0 	2.15 	0.93 	1 	0.93	 2.50	 1.84 
6100	 1.13 	0 	1.64 	0.51 	0 	0.51	 2.26	 1.34 
6200	 1.13 	1 	1.39 	0.26 	0 	-3	 2.03	 1.19 
6300	 1.13 	1 	1.39 	0.26 	1 	-3	 2.03	 1.19 
6400	 2.74 	1 	2.06 	0.68 	1 	-3	 1.99	 2.28 
6500	 49.81 	0 	25.94 	23.87 	1 	23.87	 6.50	 35.55 
6600	 49.81 	1 	37.87 	11.94 	0 	-3	 5.85	 45.53 
6700	 49.81 	1 	37.87 	11.94 	1 	-3	 5.85	 45.53 
6800	 2.74 	0 	20.31 	17.57 	1 	17.57	 9.97	 15.58 
6900	 1.22 	0 	10.76 	9.54 	0 	9.54	 9.13	 5.53 
7000	 0.60 	0 	5.68 	5.08 	0 	5.08	 8.27	 2.08 
7100	 1.13 	0 	3.41 	2.28 	0 	2.28	 7.50	 1.41 
7200	 1.13 	0 	3.41 	2.28 	1 	2.28	 7.50	 1.41 
7300	 1.22 	0 	2.31 	1.09 	0 	1.09	 6.76	 1.28 
7400	 1.22 	0 	1.77 	0.55 	0 	0.55	 6.08	 1.24 
7500	 1.13 	1 	1.45 	0.32 	0 	-3	 5.48	 1.16 
7600	 1.22 	1 	1.33 	0.11 	0 	-3	 4.94	 1.20 
7700	 1.22 	1 	1.33 	0.11 	1 	-3	 4.94	 1.20 
7800	 3.36 	0 	2.35 	1.01 	1 	1.01	 4.66	 2.71 
7900	 1.22 	0 	1.78 	0.56 	1 	0.56	 4.41	 1.67 
8000	 49.81 	0 	25.80 	24.01 	1 	24.01	 8.83	 35.37 
8100	 3.36 	0 	14.58 	11.22 	1 	11.22	 12.59	 12.96 
8200	 1.13 	0 	7.85 	6.72 	0 	6.72	 11.56	 4.68 
8300	 1.13 	0 	4.49 	3.36 	0 	3.36	 10.40	 2.19 
8400	 2.83 	0 	3.66 	0.83 	0 	0.83	 9.53	 2.64 
8500	 2.74 	1 	3.20 	0.46 	0 	-3	 8.59	 2.71 
8600	 2.74 	1 	3.20 	0.46 	1 	-3	 8.59	 2.71 
8700	 1.13 	0 	2.17 	1.04 	1 	1.04	 7.89	 1.60 
8800	 1.13 	0 	1.65 	0.52 	0 	0.52	 7.10	 1.27 
8900	 1.13 	0 	1.65 	0.52 	1 	0.52	 7.10	 1.27 
9000	 1.13 	1 	1.39 	0.26 	0 	-3	 6.39	 1.17 
9100	 1.13 	1 	1.39 	0.26 	1 	-3	 6.39	 1.17 
9200	 3.36 	0 	2.37 	0.99 	1 	0.99	 5.97	 2.70 
9300	 49.90 	0 	26.14 	23.76 	1 	23.76	 10.03	 35.74 
9400	 1.13 	0 	13.63 	12.50 	1 	12.50	 13.90	 11.51 
9500	 1.13 	0 	7.38 	6.25 	0 	6.25	 12.51	 4.25 
9600	 1.22 	0 	4.30 	3.08 	0 	3.08	 11.27	 2.13 
9700	 1.22 	0 	2.76 	1.54 	0 	1.54	 10.14	 1.49 
9800	 1.22 	0 	2.76 	1.54 	1 	1.54	 10.14	 1.49 
9900	 3.36 	1 	3.06 	0.30 	1 	-3	 9.34	 2.80 
10000	 49.90 	0 	26.48 	23.42 	1 	23.42	 13.06	 35.77 
10100	 3.36 	0 	14.92 	11.56 	1 	11.56	 16.41	 13.08 
10200	 3.36 	0 	9.14 	5.78 	0 	5.78	 14.77	 6.28 
10300	 1.22 	0 	5.18 	3.96 	0 	3.96	 13.51	 2.74 
10400	 1.13 	0 	3.16 	2.03 	0 	2.03	 12.17	 1.61 
10500	 1.13 	0 	3.16 	2.03 	1 	2.03	 12.17	 1.61 
10600	 3.36 	1 	3.26 	0.10 	1 	-3	 11.17	 2.84 
10700	 1.13 	0 	2.19 	1.06 	1 	1.06	 10.28	 1.64 
10800	 3.36 	1 	2.78 	0.58 	1 	-3	 9.47	 2.84 
10900	 2.74 	1 	2.76 	0.02 	0 	-3	 8.59	 2.77 
11000	 2.74 	1 	2.76 	0.02 	1 	-3	 8.59	 2.77 
11100	 3.36 	1 	3.06 	0.30 	0 	-3	 7.79	 3.18 
11200	 3.36 	1 	3.21 	0.15 	0 	-3	 7.01	 3.31 
11300	 3.36 	1 	3.21 	0.15 	1 	-3	 7.01	 3.31 
11400	 2.83 	1 	3.02 	0.19 	0 	-3	 6.36	 2.97 
11500	 2.83 	1 	3.02 	0.19 	1 	-3	 6.36	 2.97 
11600	 1.13 	0 	2.07 	0.94 	1 	0.94	 5.90	 1.68 
11700	 1.22 	0 	1.65 	0.43 	0 	0.43	 5.32	 1.36 
11800	 1.22 	0 	1.65 	0.43 	1 	0.43	 5.32	 1.36 
11900	 3.36 	0 	2.50 	0.86 	1 	0.86	 5.00	 2.76 
12000	 49.81 	0 	26.16 	23.65 	1 	23.65	 9.14	 35.69 
12100	 3.36 	0 	14.76 	11.40 	1 	11.40	 12.87	 13.06 
12200	 3.36 	0 	9.06 	5.70 	0 	5.70	 11.59	 6.27 
12300	 1.13 	0 	5.09 	3.96 	0 	3.96	 10.65	 2.67 
12400	 1.13 	0 	3.11 	1.98 	0 	1.98	 9.59	 1.59 
12500	 1.13 	0 	3.11 	1.98 	1 	1.98	 9.59	 1.59 
12600	 1.13 	0 	2.12 	0.99 	0 	0.99	 8.63	 1.27 
12700	 1.13 	0 	1.63 	0.50 	0 	0.50	 7.76	 1.17 
12800	 1.13 	1 	1.38 	0.25 	0 	-3	 6.99	 1.14 
12900	 1.13 	1 	1.38 	0.25 	1 	-3	 6.99	 1.14 
13000	 49.90 	0 	25.64 	24.26 	1 	24.26	 11.17	 35.27 
13100	 1.13 	0 	13.38 	12.25 	1 	12.25	 14.93	 11.37 
13200	 3.36 	0 	8.37 	5.01 	0 	5.01	 13.66	 5.76 
13300	 3.36 	0 	8.37 	5.01 	1 	5.01	 13.66	 5.76 
13400	 0.60 	0 	4.49 	3.89 	0 	3.89	 12.57	 2.15 
13500	 1.13 	0 	2.81 	1.68 	0 	1.68	 11.36	 1.44 
13600	 1.13 	0 	2.81 	1.68 	1 	1.68	 11.36	 1.44 
13700	 1.13 	0 	1.97 	0.84 	0 	0.84	 10.23	 1.22 
13800	 1.13 	0 	1.55 	0.42 	0 	0.42	 9.20	 1.16 
13900	 1.13 	0 	1.55 	0.42 	1 	0.42	 9.20	 1.16 
14000	 1.13 	1 	1.34 	0.21 	0 	-3	 8.28	 1.14 
14100	 1.13 	1 	1.34 	0.21 	1 	-3	 8.28	 1.14 
14200	 1.13 	1 	1.23 	0.10 	0 	-3	 7.46	 1.13 
14300	 1.13 	1 	1.23 	0.10 	1 	-3	 7.46	 1.13 
14400	 49.81 	0 	25.52 	24.29 	1 	24.29	 11.58	 35.21 
14500	 1.22 	0 	13.37 	12.15 	1 	12.15	 15.28	 11.42 
14600	 1.13 	0 	7.25 	6.12 	0 	6.12	 13.76	 4.22 
14700	 1.13 	0 	4.19 	3.06 	0 	3.06	 12.38	 2.06 
14800	 1.13 	0 	2.66 	1.53 	0 	1.53	 11.15	 1.41 
14900	 1.13 	0 	1.90 	0.77 	0 	0.77	 10.03	 1.21 
15000	 1.13 	0 	1.90 	0.77 	1 	0.77	 10.03	 1.21 
15100	 3.36 	1 	2.63 	0.73 	1 	-3	 9.25	 2.72 
