#Time(ms)	 Roll 	 Pitch 	 Yaw 	 xPos 	 yPos 	 zPos 	 xVal 	 yVal 	 zVal 	 State 	 oRoll 	 oPitch 	 oYaw 	 oThrottle 	 spX 	 spY 	 spZ 
200	 -0.53	 42.68	 -176.54	 0.00	 0.00	 0.00	 0	 0	 0	 hover	 1500	 1500	 1500	 1000	 0.00	 0.00	 0.00
300	 -0.52	 42.45	 -176.55	 0.00	 0.00	 0.00	 0	 0	 0	 hover	 1500	 1500	 1500	 1000	 0.00	 0.00	 0.00
400	 -0.52	 42.45	 -176.55	 0.00	 0.00	 0.00	 0	 0	 0	 hover	 1500	 1500	 1500	 1000	 0.00	 0.00	 0.00
500	 0.42	 36.36	 -177.10	 0.00	 0.00	 0.00	 0	 0	 0	 hover	 1500	 1500	 1500	 1000	 0.00	 0.00	 0.00
600	 0.45	 36.17	 -177.09	 0.00	 0.00	 0.00	 0	 0	 0	 hover	 1500	 1500	 1500	 1000	 0.00	 0.00	 0.00
700	 0.45	 36.17	 -177.09	 0.00	 0.00	 0.00	 0	 0	 0	 hover	 1500	 1500	 1500	 1000	 0.00	 0.00	 0.00
800	 1.21	 31.26	 -177.35	 0.00	 0.00	 0.00	 0	 0	 0	 hover	 1500	 1500	 1500	 1000	 0.00	 0.00	 0.00
900	 1.23	 31.09	 -177.35	 0.00	 0.00	 0.00	 0	 0	 0	 hover	 1500	 1500	 1500	 1000	 0.00	 0.00	 0.00
1000	 1.23	 31.09	 -177.35	 0.00	 0.00	 0.00	 0	 0	 0	 hover	 1500	 1500	 1500	 1000	 0.00	 0.00	 0.00
1100	 1.87	 27.07	 -177.40	 0.00	 0.00	 0.00	 0	 0	 0	 hover	 1500	 1500	 1500	 1000	 0.00	 0.00	 0.00
1200	 1.86	 26.90	 -177.39	 0.00	 0.00	 0.00	 0	 0	 0	 hover	 1500	 1500	 1500	 1000	 0.00	 0.00	 0.00
1300	 1.86	 26.90	 -177.39	 0.00	 0.00	 0.00	 0	 0	 0	 hover	 1500	 1500	 1500	 1000	 0.00	 0.00	 0.00
1400	 2.41	 23.58	 -177.09	 0.00	 0.00	 0.00	 0	 0	 0	 hover	 1500	 1500	 1500	 1000	 0.00	 0.00	 0.00
1500	 2.44	 23.51	 -177.07	 0.00	 0.00	 0.00	 0	 0	 0	 hover	 1500	 1500	 1500	 1000	 0.00	 0.00	 0.00
1600	 2.44	 23.51	 -177.07	 0.00	 0.00	 0.00	 0	 0	 0	 hover	 1500	 1500	 1500	 1000	 0.00	 0.00	 0.00
1700	 2.96	 21.38	 -175.66	 0.00	 0.00	 0.00	 0	 0	 0	 hover	 1500	 1500	 1500	 1000	 0.00	 0.00	 0.00
1800	 2.94	 21.32	 -175.56	 0.00	 0.00	 0.00	 0	 0	 0	 hover	 1500	 1500	 1500	 1000	 0.00	 0.00	 0.00
1900	 2.94	 21.32	 -175.56	 0.00	 0.00	 0.00	 0	 0	 0	 hover	 1500	 1500	 1500	 1000	 0.00	 0.00	 0.00
2000	 3.27	 19.89	 -172.35	 0.00	 0.00	 0.00	 0	 0	 0	 hover	 1500	 1500	 1500	 1000	 0.00	 0.00	 0.00
2100	 3.35	 19.83	 -172.23	 0.00	 0.00	 0.00	 0	 0	 0	 hover	 1500	 1500	 1500	 1000	 0.00	 0.00	 0.00
2200	 3.35	 19.83	 -172.23	 0.00	 0.00	 0.00	 0	 0	 0	 hover	 1500	 1500	 1500	 1000	 0.00	 0.00	 0.00
2300	 4.18	 18.52	 -168.09	 0.00	 0.00	 0.00	 0	 0	 0	 hover	 1500	 1500	 1500	 1000	 0.00	 0.00	 0.00
2400	 4.17	 18.48	 -167.93	 0.00	 0.00	 0.00	 0	 0	 0	 hover	 1500	 1500	 1500	 1000	 0.00	 0.00	 0.00
2500	 4.17	 18.48	 -167.93	 0.00	 0.00	 0.00	 0	 0	 0	 hover	 1500	 1500	 1500	 1000	 0.00	 0.00	 0.00
2600	 4.51	 13.59	 -163.69	 0.00	 0.00	 0.00	 1	 1	 1	 hover	 1500	 1500	 1500	 1000	 0.00	 0.00	 0.00
2700	 4.54	 13.60	 -163.53	 0.00	 -0.73	 0.00	 1	 1	 1	 hover	 1500	 1500	 1500	 1000	 0.00	 0.00	 0.00
2800	 4.54	 13.60	 -163.53	 0.00	 3.39	 -1.96	 1	 1	 1	 hover	 1496	 1500	 1500	 978	 0.00	 0.00	 0.00
2900	 4.50	 13.41	 -159.35	 0.00	 1.25	 -1.87	 0	 1	 1	 hover	 1498	 1500	 1500	 977	 0.00	 0.00	 0.00
3000	 4.52	 13.39	 -159.20	 0.00	 1.25	 -4.98	 0	 0	 1	 hover	 1500	 1500	 1500	 941	 0.00	 0.00	 0.00
3100	 4.52	 13.39	 -159.20	 0.00	 3.92	 -2.85	 1	 1	 1	 hover	 1496	 1500	 1500	 959	 0.00	 0.00	 0.00
3200	 3.07	 12.24	 -155.54	 0.00	 8.55	 -2.13	 1	 1	 1	 hover	 1491	 1500	 1500	 964	 0.00	 0.00	 0.00
3300	 2.97	 12.30	 -155.41	 0.00	 0.05	 -1.60	 0	 1	 1	 hover	 1499	 1500	 1500	 968	 0.00	 0.00	 0.00
3400	 2.97	 12.30	 -155.41	 0.00	 0.05	 -1.95	 1	 0	 1	 hover	 1500	 1500	 1500	 963	 0.00	 0.00	 0.00
3500	 2.31	 14.35	 -152.10	 0.00	 -1.07	 -0.53	 1	 1	 1	 hover	 1501	 1500	 1500	 976	 0.00	 0.00	 0.00
3600	 2.43	 14.31	 -152.01	 0.00	 -1.07	 -0.89	 1	 0	 1	 hover	 1500	 1500	 1500	 972	 0.00	 0.00	 0.00
3700	 2.43	 14.31	 -152.01	 0.00	 -0.33	 -0.89	 1	 1	 1	 hover	 1500	 1500	 1500	 971	 0.00	 0.00	 0.00
3800	 4.70	 13.94	 -148.92	 0.00	 -0.17	 -0.89	 0	 1	 1	 hover	 1500	 1500	 1500	 970	 0.00	 0.00	 0.00
3900	 4.75	 13.91	 -148.79	 0.00	 -0.32	 1.09	 1	 1	 1	 hover	 1500	 1500	 1500	 991	 0.00	 0.00	 0.00
4000	 4.75	 13.91	 -148.79	 0.00	 -1.04	 1.42	 0	 1	 1	 hover	 1501	 1500	 1500	 996	 0.00	 0.00	 0.00
4100	 1.68	 13.05	 -145.51	 0.00	 1.23	 1.87	 0	 1	 1	 hover	 1498	 1500	 1500	 1002	 0.00	 0.00	 0.00
4200	 1.66	 12.97	 -145.41	 0.00	 2.06	 2.40	 0	 1	 1	 hover	 1497	 1500	 1500	 1010	 0.00	 0.00	 0.00
4300	 1.66	 12.97	 -145.41	 0.00	 2.39	 1.25	 0	 1	 1	 hover	 1497	 1500	 1500	 999	 0.00	 0.00	 0.00
4400	 2.81	 9.67	 -143.26	 0.00	 2.39	 0.53	 0	 0	 1	 hover	 1500	 1500	 1500	 993	 0.00	 0.00	 0.00
4500	 2.86	 9.59	 -143.19	 0.00	 2.39	 1.73	 0	 0	 1	 hover	 1500	 1500	 1500	 1007	 0.00	 0.00	 0.00
4600	 2.86	 9.59	 -143.19	 0.00	 2.39	 0.77	 0	 0	 1	 hover	 1500	 1500	 1500	 998	 0.00	 0.00	 0.00
4700	 3.05	 8.50	 -141.19	 0.00	 1.07	 2.71	 0	 1	 1	 hover	 1498	 1500	 1500	 1020	 0.00	 0.00	 0.00
4800	 2.97	 8.57	 -141.13	 0.00	 1.07	 2.71	 0	 0	 0	 hover	 1500	 1500	 1500	 1020	 0.00	 0.00	 0.00
4900	 2.97	 8.57	 -141.13	 0.00	 -1.15	 2.71	 0	 1	 0	 hover	 1501	 1500	 1500	 1020	 0.00	 0.00	 0.00
5000	 4.65	 12.56	 -138.75	 0.00	 -1.15	 -0.45	 1	 0	 1	 hover	 1500	 1500	 1500	 988	 0.00	 0.00	 0.00
5100	 4.68	 12.59	 -138.70	 5.34	 -1.15	 -0.80	 1	 0	 1	 hover	 1500	 1494	 1500	 983	 0.00	 0.00	 0.00
5200	 4.68	 12.59	 -138.70	 8.72	 3.29	 -3.38	 1	 1	 1	 hover	 1496	 1491	 1500	 954	 0.00	 0.00	 0.00
5300	 5.42	 12.96	 -136.84	 8.72	 -2.38	 -3.92	 1	 1	 1	 hover	 1502	 1491	 1500	 945	 0.00	 0.00	 0.00
5400	 5.36	 12.91	 -136.78	 8.72	 -2.38	 -7.74	 0	 0	 1	 hover	 1500	 1500	 1500	 899	 0.00	 0.00	 0.00
5500	 5.36	 12.91	 -136.78	 8.72	 -2.13	 -7.74	 0	 1	 0	 hover	 1502	 1500	 1500	 899	 0.00	 0.00	 0.00
5600	 5.08	 12.08	 -133.63	 8.72	 -1.54	 -7.74	 0	 1	 1	 hover	 1501	 1500	 1500	 891	 0.00	 0.00	 0.00
5700	 4.89	 12.00	 -133.53	 8.72	 3.87	 -12.28	 0	 1	 1	 hover	 1496	 1500	 1500	 834	 0.00	 0.00	 0.00
5800	 4.89	 12.00	 -133.53	 8.72	 5.46	 -16.82	 0	 1	 1	 hover	 1494	 1500	 1500	 771	 0.00	 0.00	 0.00
5900	 1.92	 8.05	 -131.13	 8.72	 -1.82	 -16.82	 0	 1	 0	 hover	 1501	 1500	 1500	 771	 0.00	 0.00	 0.00
6000	 1.84	 8.24	 -131.03	 8.72	 -1.82	 -16.82	 0	 0	 1	 hover	 1500	 1500	 1500	 755	 0.00	 0.00	 0.00
6100	 1.84	 8.24	 -131.03	 8.72	 -8.63	 -16.82	 0	 1	 1	 hover	 1508	 1500	 1500	 738	 0.00	 0.00	 0.00
6200	 0.42	 10.54	 -128.65	 8.72	 -14.15	 -21.36	 0	 1	 1	 hover	 1514	 1500	 1500	 671	 0.00	 0.00	 0.00
6300	 0.42	 10.58	 -128.57	 8.72	 -14.86	 -25.36	 0	 1	 1	 hover	 1514	 1500	 1500	 606	 0.00	 0.00	 0.00
6400	 0.42	 10.58	 -128.57	 8.72	 -18.69	 -26.61	 0	 1	 1	 hover	 1518	 1500	 1500	 567	 0.00	 0.00	 0.00
6500	 1.70	 11.78	 -126.93	 8.72	 -20.64	 -28.57	 0	 1	 1	 hover	 1520	 1500	 1500	 518	 0.00	 0.00	 0.00
6600	 1.75	 11.83	 -126.87	 8.72	 -20.64	 -27.33	 0	 1	 1	 hover	 1520	 1500	 1500	 503	 0.00	 0.00	 0.00
6700	 1.75	 11.83	 -126.87	 8.72	 -22.89	 -29.37	 0	 1	 1	 hover	 1522	 1500	 1500	 454	 0.00	 0.00	 0.00
6800	 4.59	 12.53	 -125.18	 8.72	 -22.89	 -30.26	 0	 0	 1	 hover	 1500	 1500	 1500	 414	 0.00	 0.00	 0.00
6900	 4.65	 12.46	 -125.14	 8.72	 -23.70	 -28.12	 0	 1	 1	 hover	 1523	 1500	 1500	 408	 0.00	 0.00	 0.00
7000	 4.65	 12.46	 -125.14	 8.72	 -23.70	 -27.59	 0	 0	 1	 hover	 1500	 1500	 1500	 385	 0.00	 0.00	 0.00
7100	 5.09	 8.11	 -124.55	 8.72	 -16.64	 -27.68	 0	 1	 1	 hover	 1516	 1500	 1500	 357	 0.00	 0.00	 0.00
7200	 5.07	 8.05	 -124.51	 8.72	 -22.07	 -27.50	 0	 1	 1	 hover	 1522	 1500	 1500	 331	 0.00	 0.00	 0.00
7300	 5.07	 8.05	 -124.51	 8.72	 -19.31	 -24.56	 1	 1	 1	 hover	 1519	 1491	 1500	 336	 0.00	 0.00	 0.00
7400	 3.74	 9.98	 -123.35	 8.72	 -19.31	 -23.67	 1	 0	 1	 hover	 1500	 1491	 1500	 321	 0.00	 0.00	 0.00
7500	 3.75	 10.02	 -123.30	 10.86	 -21.88	 -23.23	 1	 1	 1	 hover	 1521	 1489	 1500	 302	 0.00	 0.00	 0.00
7600	 3.75	 10.02	 -123.30	 6.94	 -21.88	 -21.71	 1	 1	 1	 hover	 1521	 1493	 1500	 296	 0.00	 0.00	 0.00
7700	 3.72	 9.12	 -122.02	 9.97	 -21.88	 -17.00	 1	 0	 1	 hover	 1500	 1490	 1500	 326	 0.00	 0.00	 0.00
7800	 3.72	 9.11	 -121.96	 10.15	 -21.88	 -17.00	 1	 0	 0	 hover	 1500	 1489	 1500	 326	 0.00	 0.00	 0.00
7900	 3.72	 9.11	 -121.96	 11.93	 -28.39	 -17.00	 1	 1	 1	 hover	 1528	 1488	 1500	 309	 0.00	 0.00	 0.00
8000	 3.14	 9.88	 -119.69	 11.93	 -27.76	 -16.74	 1	 1	 1	 hover	 1527	 1488	 1500	 295	 0.00	 0.00	 0.00
8100	 3.17	 9.89	 -119.59	 11.93	 -25.27	 -17.63	 1	 1	 1	 hover	 1525	 1488	 1500	 268	 0.00	 0.00	 0.00
8200	 3.17	 9.89	 -119.59	 14.24	 -21.44	 -17.63	 1	 1	 0	 hover	 1521	 1485	 1500	 268	 0.00	 0.00	 0.00
8300	 4.00	 11.91	 -117.15	 17.18	 -25.09	 -8.10	 1	 1	 1	 hover	 1525	 1482	 1500	 356	 0.00	 0.00	 0.00
8400	 4.01	 11.99	 -117.07	 17.18	 -25.09	 -4.55	 1	 1	 1	 hover	 1525	 1482	 1500	 387	 0.00	 0.00	 0.00
8500	 4.01	 11.99	 -117.07	 19.93	 -4.55	 -3.57	 1	 1	 1	 hover	 1504	 1480	 1500	 393	 0.00	 0.00	 0.00
8600	 3.59	 12.53	 -115.55	 19.93	 -10.16	 -1.79	 1	 1	 1	 hover	 1510	 1480	 1500	 409	 0.00	 0.00	 0.00
8700	 3.60	 12.55	 -115.51	 19.93	 -10.16	 -1.25	 1	 1	 1	 hover	 1510	 1480	 1500	 413	 0.00	 0.00	 0.00
8800	 3.60	 12.55	 -115.51	 19.93	 -10.96	 -0.90	 1	 1	 1	 hover	 1510	 1480	 1500	 416	 0.00	 0.00	 0.00
8900	 3.50	 12.18	 -114.85	 20.29	 -10.83	 1.42	 1	 1	 1	 hover	 1510	 1479	 1500	 440	 0.00	 0.00	 0.00
9000	 3.42	 12.10	 -114.84	 20.29	 -11.47	 -1.16	 1	 1	 1	 hover	 1511	 1479	 1500	 413	 0.00	 0.00	 0.00
9100	 3.42	 12.10	 -114.84	 20.29	 -11.47	 -0.54	 1	 0	 1	 hover	 1500	 1479	 1500	 419	 0.00	 0.00	 0.00
9200	 3.54	 8.97	 -113.85	 20.29	 -11.47	 1.33	 0	 0	 1	 hover	 1500	 1500	 1500	 439	 0.00	 0.00	 0.00
9300	 3.59	 8.88	 -113.79	 20.29	 1.33	 -4.37	 0	 1	 1	 hover	 1498	 1500	 1500	 377	 0.00	 0.00	 0.00
9400	 3.59	 8.88	 -113.79	 20.29	 4.71	 -4.37	 0	 1	 0	 hover	 1495	 1500	 1500	 377	 0.00	 0.00	 0.00
9500	 3.79	 8.20	 -112.01	 20.29	 3.82	 -4.37	 0	 1	 0	 hover	 1496	 1500	 1500	 377	 0.00	 0.00	 0.00
9600	 3.80	 8.19	 -111.94	 20.29	 3.82	 -4.37	 0	 1	 0	 hover	 1496	 1500	 1500	 377	 0.00	 0.00	 0.00
9700	 3.80	 8.19	 -111.94	 20.29	 3.82	 -4.37	 0	 1	 1	 hover	 1496	 1500	 1500	 373	 0.00	 0.00	 0.00
9800	 4.00	 9.24	 -109.77	 20.29	 3.82	 -4.37	 0	 1	 1	 hover	 1496	 1500	 1500	 369	 0.00	 0.00	 0.00
9900	 3.97	 9.30	 -109.72	 20.29	 3.82	 -7.66	 1	 0	 1	 hover	 1500	 1479	 1500	 328	 0.00	 0.00	 0.00
10000	 3.97	 9.30	 -109.72	 19.14	 3.82	 -8.46	 1	 0	 1	 hover	 1500	 1480	 1500	 312	 0.00	 0.00	 0.00
10100	 3.57	 10.50	 -108.13	 21.09	 3.82	 -9.35	 1	 0	 1	 hover	 1500	 1478	 1500	 293	 0.00	 0.00	 0.00
10200	 3.61	 10.57	 -108.06	 22.96	 3.82	 -14.24	 1	 0	 1	 hover	 1500	 1477	 1500	 230	 0.00	 0.00	 0.00
10300	 3.61	 10.57	 -108.06	 21.89	 3.82	 -14.24	 1	 0	 0	 hover	 1500	 1478	 1500	 230	 0.00	 0.00	 0.00
10400	 3.05	 12.10	 -107.19	 19.94	 3.82	 -14.24	 1	 0	 1	 hover	 1500	 1480	 1500	 216	 0.00	 0.00	 0.00
10500	 3.04	 12.06	 -107.19	 19.94	 3.82	 -15.94	 1	 1	 1	 hover	 1496	 1480	 1500	 183	 0.00	 0.00	 0.00
10600	 3.04	 12.06	 -107.19	 19.94	 -15.94	 -15.94	 1	 1	 0	 hover	 1515	 1480	 1500	 183	 0.00	 0.00	 0.00
10700	 3.30	 11.94	 -107.80	 19.94	 -15.40	 -20.20	 1	 1	 1	 hover	 1515	 1480	 1500	 120	 0.00	 0.00	 0.00
10800	 3.30	 11.97	 -107.83	 19.94	 -18.96	 -25.54	 0	 1	 1	 hover	 1518	 1500	 1500	 41	 0.00	 0.00	 0.00
10900	 3.30	 11.97	 -107.83	 19.94	 -13.27	 -28.39	 0	 1	 1	 hover	 1513	 1500	 1500	 -14	 0.00	 0.00	 0.00
11000	 3.30	 11.47	 -109.73	 19.94	 -13.27	 -28.39	 0	 1	 1	 hover	 1513	 1500	 1500	 -43	 0.00	 0.00	 0.00
11100	 3.26	 11.42	 -109.83	 19.94	 -13.27	 -30.08	 1	 1	 1	 hover	 1513	 1480	 1500	 -90	 0.00	 0.00	 0.00
11200	 3.26	 11.42	 -109.83	 19.94	 -9.44	 -27.77	 1	 1	 1	 hover	 1509	 1480	 1500	 -95	 0.00	 0.00	 0.00
11300	 5.37	 9.40	 -112.43	 19.94	 -4.19	 -28.48	 1	 1	 1	 hover	 1504	 1480	 1500	 -130	 0.00	 0.00	 0.00
11400	 5.37	 9.36	 -112.53	 19.94	 -4.19	 -28.57	 0	 0	 1	 hover	 1500	 1500	 1500	 -160	 0.00	 0.00	 0.00
11500	 5.37	 9.36	 -112.53	 19.94	 -4.19	 -26.61	 1	 1	 1	 hover	 1504	 1480	 1500	 -167	 0.00	 0.00	 0.00
11600	 4.59	 7.14	 -115.87	 19.94	 -4.19	 -28.83	 1	 0	 1	 hover	 1500	 1480	 1500	 -218	 0.00	 0.00	 0.00
11700	 4.47	 7.13	 -115.98	 19.49	 -4.19	 -28.03	 1	 0	 1	 hover	 1500	 1480	 1500	 -238	 0.00	 0.00	 0.00
11800	 4.47	 7.13	 -115.98	 17.53	 -4.19	 -24.21	 1	 1	 1	 hover	 1504	 1482	 1500	 -224	 0.00	 0.00	 0.00
11900	 4.47	 7.13	 -115.98	 17.80	 -4.19	 -21.80	 1	 1	 1	 hover	 1504	 1482	 1500	 -221	 0.00	 0.00	 0.00
12000	 3.48	 8.79	 -121.87	 17.80	 -21.80	 -23.11	 1	 1	 1	 hover	 1521	 1482	 1500	 -258	 0.00	 0.00	 0.00
12100	 3.46	 8.85	 -122.13	 20.02	 -16.55	 -18.39	 1	 1	 1	 hover	 1516	 1479	 1500	 -229	 0.00	 0.00	 0.00
12200	 3.46	 8.85	 -122.13	 20.02	 -16.55	 -17.98	 1	 0	 1	 hover	 1500	 1479	 1500	 -243	 0.00	 0.00	 0.00
12300	 3.46	 8.85	 -122.13	 20.02	 -16.55	 -17.98	 0	 0	 0	 hover	 1500	 1500	 1500	 -243	 0.00	 0.00	 0.00
12400	 3.04	 14.07	 -133.61	 20.02	 -21.89	 -9.43	 1	 1	 1	 hover	 1521	 1479	 1500	 -167	 0.00	 0.00	 0.00
12500	 2.95	 14.23	 -133.95	 20.02	 -21.89	 -8.90	 1	 0	 1	 hover	 1500	 1479	 1500	 -170	 0.00	 0.00	 0.00
12600	 2.95	 14.23	 -133.95	 20.02	 -15.57	 -8.81	 0	 1	 1	 hover	 1515	 1500	 1500	 -178	 0.00	 0.00	 0.00
12700	 2.95	 14.23	 -133.95	 20.02	 -15.97	 -5.41	 1	 1	 1	 hover	 1515	 1479	 1500	 -149	 0.00	 0.00	 0.00
12800	 1.59	 12.98	 -148.62	 21.53	 -16.90	 -2.58	 1	 1	 1	 hover	 1516	 1478	 1500	 -124	 0.00	 0.00	 0.00
12900	 1.56	 12.94	 -148.97	 21.53	 -16.90	 -0.18	 0	 0	 1	 hover	 1500	 1500	 1500	 -100	 0.00	 0.00	 0.00
13000	 1.56	 12.94	 -148.97	 21.53	 -0.80	 1.33	 0	 1	 1	 hover	 1500	 1500	 1500	 -84	 0.00	 0.00	 0.00
13100	 1.56	 12.94	 -148.97	 21.53	 -1.79	 -0.17	 0	 1	 1	 hover	 1501	 1500	 1500	 -99	 0.00	 0.00	 0.00
13200	 2.13	 13.14	 -160.50	 21.53	 -6.32	 1.51	 0	 1	 1	 hover	 1506	 1500	 1500	 -80	 0.00	 0.00	 0.00
13300	 2.15	 13.18	 -160.68	 21.53	 -5.34	 1.51	 0	 1	 1	 hover	 1505	 1500	 1500	 -79	 0.00	 0.00	 0.00
13400	 2.15	 13.18	 -160.68	 21.53	 1.87	 1.92	 1	 1	 1	 hover	 1498	 1478	 1500	 -73	 0.00	 0.00	 0.00
13500	 2.15	 13.18	 -160.68	 28.65	 1.87	 1.16	 1	 0	 1	 hover	 1500	 1471	 1500	 -79	 0.00	 0.00	 0.00
13600	 1.62	 11.85	 -159.74	 28.65	 0.46	 -2.23	 1	 1	 1	 hover	 1499	 1471	 1500	 -115	 0.00	 0.00	 0.00
13700	 1.65	 11.80	 -159.67	 28.65	 0.46	 -4.90	 0	 0	 1	 hover	 1500	 1500	 1500	 -147	 0.00	 0.00	 0.00
13800	 1.65	 11.80	 -159.67	 28.65	 0.46	 -9.43	 0	 0	 1	 hover	 1500	 1500	 1500	 -202	 0.00	 0.00	 0.00
13900	 1.65	 11.80	 -159.67	 28.65	 1.96	 -10.24	 0	 1	 1	 hover	 1498	 1500	 1500	 -220	 0.00	 0.00	 0.00
14000	 4.99	 9.71	 -157.83	 28.65	 1.42	 -9.79	 1	 1	 1	 hover	 1498	 1471	 1500	 -225	 0.00	 0.00	 0.00
14100	 5.07	 9.66	 -157.78	 26.24	 0.62	 -11.28	 1	 1	 1	 hover	 1499	 1473	 1500	 -251	 0.00	 0.00	 0.00
14200	 5.07	 9.66	 -157.78	 26.78	 3.03	 -11.20	 1	 1	 1	 hover	 1496	 1473	 1500	 -262	 0.00	 0.00	 0.00
14300	 5.07	 9.66	 -157.78	 29.09	 1.42	 -9.49	 1	 1	 1	 hover	 1498	 1470	 1500	 -254	 0.00	 0.00	 0.00
14400	 5.56	 10.42	 -156.60	 29.09	 -1.59	 -9.49	 1	 1	 0	 hover	 1501	 1470	 1500	 -254	 0.00	 0.00	 0.00
14500	 5.54	 10.46	 -156.59	 29.09	 -0.08	 -9.49	 1	 1	 0	 hover	 1500	 1470	 1500	 -254	 0.00	 0.00	 0.00
14600	 5.54	 10.46	 -156.59	 29.09	 -0.98	 -13.35	 1	 1	 1	 hover	 1500	 1470	 1500	 -306	 0.00	 0.00	 0.00
14700	 5.54	 10.46	 -156.59	 29.09	 5.34	 -14.33	 0	 1	 1	 hover	 1494	 1500	 1500	 -330	 0.00	 0.00	 0.00
14800	 2.90	 13.13	 -158.60	 29.09	 6.59	 -14.49	 0	 1	 1	 hover	 1493	 1500	 1500	 -347	 0.00	 0.00	 0.00
14900	 2.80	 13.13	 -158.70	 29.09	 0.89	 -15.20	 0	 1	 1	 hover	 1499	 1500	 1500	 -369	 0.00	 0.00	 0.00
15000	 2.80	 13.13	 -158.70	 29.09	 0.89	 -14.32	 1	 0	 1	 hover	 1500	 1470	 1500	 -374	 0.00	 0.00	 0.00
15100	 2.80	 13.13	 -158.70	 33.28	 -14.32	 -12.28	 1	 1	 1	 hover	 1514	 1466	 1500	 -366	 0.00	 0.00	 0.00
15200	 4.70	 12.30	 -161.37	 33.28	 -12.50	 -14.51	 1	 1	 1	 hover	 1512	 1466	 1500	 -403	 0.00	 0.00	 0.00
15300	 4.70	 12.26	 -161.41	 29.54	 -13.07	 -13.53	 1	 1	 1	 hover	 1513	 1470	 1500	 -407	 0.00	 0.00	 0.00
15400	 4.70	 12.26	 -161.41	 29.89	 -10.22	 -12.55	 1	 1	 1	 hover	 1510	 1470	 1500	 -409	 0.00	 0.00	 0.00
15500	 4.70	 12.26	 -161.41	 29.89	 -10.22	 -13.71	 1	 0	 1	 hover	 1500	 1470	 1500	 -435	 0.00	 0.00	 0.00
15600	 3.67	 10.99	 -161.76	 26.51	 -13.71	 -12.19	 1	 1	 1	 hover	 1513	 1473	 1500	 -432	 0.00	 0.00	 0.00
15700	 3.54	 10.97	 -161.74	 26.78	 -23.68	 -12.64	 1	 1	 1	 hover	 1523	 1473	 1500	 -449	 0.00	 0.00	 0.00
15800	 3.54	 10.97	 -161.74	 26.78	 -23.68	 -13.53	 1	 0	 1	 hover	 1500	 1473	 1500	 -471	 0.00	 0.00	 0.00
15900	 3.54	 10.97	 -161.74	 26.78	 -13.53	 -12.73	 1	 1	 1	 hover	 1513	 1473	 1500	 -476	 0.00	 0.00	 0.00
16000	 1.20	 10.50	 -159.86	 26.78	 -22.16	 -10.77	 1	 1	 1	 hover	 1522	 1473	 1500	 -467	 0.00	 0.00	 0.00
16100	 1.25	 10.46	 -159.82	 26.78	 -14.69	 -7.30	 0	 1	 1	 hover	 1514	 1500	 1500	 -440	 0.00	 0.00	 0.00
16200	 1.25	 10.46	 -159.82	 26.78	 -16.27	 -5.70	 0	 1	 1	 hover	 1516	 1500	 1500	 -430	 0.00	 0.00	 0.00
16300	 1.25	 10.46	 -159.82	 26.78	 -16.27	 -6.05	 0	 0	 1	 hover	 1500	 1500	 1500	 -439	 0.00	 0.00	 0.00
16400	 4.90	 10.21	 -158.38	 26.78	 -15.57	 -3.03	 1	 1	 1	 hover	 1515	 1473	 1500	 -412	 0.00	 0.00	 0.00
16500	 4.88	 10.22	 -158.35	 26.78	 -15.57	 -2.70	 0	 0	 1	 hover	 1500	 1500	 1500	 -411	 0.00	 0.00	 0.00
16600	 4.88	 10.22	 -158.35	 26.78	 -15.57	 -1.64	 0	 0	 1	 hover	 1500	 1500	 1500	 -402	 0.00	 0.00	 0.00
16700	 1.72	 9.53	 -156.74	 26.78	 -23.50	 -1.64	 1	 1	 0	 hover	 1523	 1473	 1500	 -402	 0.00	 0.00	 0.00
16800	 1.48	 9.54	 -156.66	 26.78	 -23.94	 -0.64	 1	 1	 1	 hover	 1523	 1473	 1500	 -393	 0.00	 0.00	 0.00
16900	 1.48	 9.54	 -156.66	 26.78	 -25.55	 -1.64	 1	 1	 1	 hover	 1525	 1473	 1500	 -405	 0.00	 0.00	 0.00
17000	 0.58	 11.23	 -153.95	 26.78	 -25.55	 -1.64	 0	 0	 0	 hover	 1500	 1500	 1500	 -405	 0.00	 0.00	 0.00
17100	 0.75	 11.30	 -153.85	 26.78	 -1.64	 -2.49	 0	 1	 1	 hover	 1501	 1500	 1500	 -416	 0.00	 0.00	 0.00
17200	 0.75	 11.30	 -153.85	 26.78	 -1.64	 -0.00	 0	 0	 1	 hover	 1500	 1500	 1500	 -391	 0.00	 0.00	 0.00
17300	 3.82	 12.41	 -151.41	 26.78	 -1.64	 1.07	 1	 0	 1	 hover	 1500	 1473	 1500	 -379	 0.00	 0.00	 0.00
17400	 3.83	 12.39	 -151.34	 21.18	 1.07	 1.51	 1	 1	 1	 hover	 1498	 1478	 1500	 -373	 0.00	 0.00	 0.00
17500	 3.83	 12.39	 -151.34	 21.18	 0.09	 2.21	 0	 1	 1	 hover	 1499	 1500	 1500	 -364	 0.00	 0.00	 0.00
17600	 1.78	 11.42	 -148.87	 21.18	 -1.95	 2.96	 1	 1	 1	 hover	 1501	 1478	 1500	 -353	 0.00	 0.00	 0.00
17700	 1.71	 11.40	 -148.77	 21.18	 -1.95	 4.54	 1	 0	 1	 hover	 1500	 1478	 1500	 -333	 0.00	 0.00	 0.00
17800	 1.71	 11.40	 -148.77	 21.18	 -4.98	 6.05	 1	 1	 1	 hover	 1504	 1478	 1500	 -312	 0.00	 0.00	 0.00
17900	 1.71	 11.40	 -148.77	 21.27	 -2.66	 7.12	 1	 1	 1	 hover	 1502	 1478	 1500	 -294	 0.00	 0.00	 0.00
18000	 2.62	 12.31	 -145.37	 21.27	 -4.31	 6.67	 0	 1	 1	 hover	 1504	 1500	 1500	 -292	 0.00	 0.00	 0.00
18100	 2.65	 12.23	 -145.34	 21.27	 -4.64	 7.38	 0	 1	 1	 hover	 1504	 1500	 1500	 -277	 0.00	 0.00	 0.00
18200	 2.65	 12.23	 -145.34	 21.27	 -4.64	 9.14	 0	 1	 1	 hover	 1504	 1500	 1500	 -251	 0.00	 0.00	 0.00
18300	 6.19	 11.72	 -146.30	 21.27	 -4.20	 7.83	 0	 1	 1	 hover	 1504	 1500	 1500	 -256	 0.00	 0.00	 0.00
18400	 6.29	 11.76	 -146.35	 21.27	 -3.35	 6.49	 0	 1	 1	 hover	 1503	 1500	 1500	 -263	 0.00	 0.00	 0.00
18500	 6.29	 11.76	 -146.35	 21.27	 0.80	 5.21	 0	 1	 1	 hover	 1499	 1500	 1500	 -270	 0.00	 0.00	 0.00
18600	 5.97	 11.63	 -147.54	 21.27	 0.80	 4.33	 0	 1	 1	 hover	 1499	 1500	 1500	 -275	 0.00	 0.00	 0.00
18700	 5.97	 11.60	 -147.58	 21.27	 4.18	 4.33	 1	 1	 0	 hover	 1495	 1478	 1500	 -275	 0.00	 0.00	 0.00
18800	 5.97	 11.60	 -147.58	 21.27	 6.48	 4.33	 0	 1	 1	 hover	 1493	 1500	 1500	 -271	 0.00	 0.00	 0.00
18900	 1.88	 8.03	 -148.17	 21.27	 6.13	 4.33	 0	 1	 0	 hover	 1493	 1500	 1500	 -271	 0.00	 0.00	 0.00
19000	 1.76	 7.88	 -148.14	 21.27	 6.11	 -4.30	 1	 1	 1	 hover	 1493	 1478	 1500	 -361	 0.00	 0.00	 0.00
19100	 1.76	 7.88	 -148.14	 19.75	 6.11	 -7.77	 1	 0	 1	 hover	 1500	 1480	 1500	 -404	 0.00	 0.00	 0.00
19200	 1.16	 8.32	 -145.74	 16.37	 6.11	 -10.09	 1	 0	 1	 hover	 1500	 1483	 1500	 -437	 0.00	 0.00	 0.00
19300	 1.11	 8.30	 -145.62	 15.30	 -10.09	 -11.59	 1	 1	 1	 hover	 1510	 1484	 1500	 -463	 0.00	 0.00	 0.00
19400	 1.11	 8.30	 -145.62	 15.30	 -12.84	 -12.91	 1	 1	 1	 hover	 1512	 1484	 1500	 -490	 0.00	 0.00	 0.00
19500	 0.10	 7.52	 -141.71	 15.30	 -12.84	 -12.91	 0	 1	 0	 hover	 1512	 1500	 1500	 -490	 0.00	 0.00	 0.00
19600	 0.06	 7.59	 -141.52	 15.30	 -12.43	 -16.58	 1	 1	 1	 hover	 1512	 1484	 1500	 -543	 0.00	 0.00	 0.00
19700	 0.06	 7.59	 -141.52	 15.30	 -12.43	 -19.07	 1	 0	 1	 hover	 1500	 1484	 1500	 -587	 0.00	 0.00	 0.00
19800	 -0.01	 11.04	 -134.98	 15.30	 -13.91	 -17.20	 1	 1	 1	 hover	 1513	 1484	 1500	 -585	 0.00	 0.00	 0.00
19900	 0.07	 11.15	 -134.74	 16.49	 -14.49	 -16.92	 1	 1	 1	 hover	 1514	 1483	 1500	 -599	 0.00	 0.00	 0.00
20000	 0.07	 11.15	 -134.74	 16.49	 -14.49	 -17.20	 1	 0	 1	 hover	 1500	 1483	 1500	 -619	 0.00	 0.00	 0.00
20100	 1.75	 10.95	 -128.66	 18.86	 -14.49	 -17.29	 1	 1	 1	 hover	 1514	 1481	 1500	 -638	 0.00	 0.00	 0.00
20200	 1.91	 10.94	 -128.46	 18.06	 -16.45	 -15.87	 1	 1	 1	 hover	 1516	 1481	 1500	 -639	 0.00	 0.00	 0.00
20300	 1.91	 10.94	 -128.46	 15.66	 -16.49	 -17.74	 1	 1	 1	 hover	 1516	 1484	 1500	 -676	 0.00	 0.00	 0.00
20400	 4.32	 10.58	 -124.02	 15.66	 -16.49	 -19.96	 1	 0	 1	 hover	 1500	 1484	 1500	 -718	 0.00	 0.00	 0.00
20500	 4.31	 10.51	 -123.92	 20.02	 -16.49	 -21.21	 1	 1	 1	 hover	 1516	 1479	 1500	 -752	 0.00	 0.00	 0.00
20600	 4.31	 10.51	 -123.92	 20.02	 -16.49	 -24.06	 1	 1	 1	 hover	 1516	 1479	 1500	 -804	 0.00	 0.00	 0.00
20700	 1.65	 12.08	 -122.31	 21.44	 -16.49	 -24.29	 1	 0	 1	 hover	 1500	 1478	 1500	 -831	 0.00	 0.00	 0.00
20800	 1.64	 12.05	 -122.27	 21.44	 -16.49	 -23.56	 1	 0	 1	 hover	 1500	 1478	 1500	 -847	 0.00	 0.00	 0.00
20900	 1.64	 12.05	 -122.27	 21.44	 -16.49	 -22.59	 1	 0	 1	 hover	 1500	 1478	 1500	 -860	 0.00	 0.00	 0.00
21000	 1.19	 12.04	 -121.65	 16.99	 -16.49	 -20.06	 1	 0	 1	 hover	 1500	 1483	 1500	 -855	 0.00	 0.00	 0.00
21100	 1.23	 12.09	 -121.62	 16.99	 -14.80	 -15.96	 1	 1	 1	 hover	 1514	 1483	 1500	 -830	 0.00	 0.00	 0.00
21200	 1.23	 12.09	 -121.62	 13.97	 -15.06	 -15.42	 1	 1	 1	 hover	 1515	 1486	 1500	 -840	 0.00	 0.00	 0.00
21300	 1.30	 12.59	 -121.10	 13.97	 -14.80	 -10.89	 0	 1	 1	 hover	 1514	 1500	 1500	 -805	 0.00	 0.00	 0.00
21400	 1.29	 12.58	 -121.10	 8.45	 -14.80	 -10.89	 1	 0	 0	 hover	 1500	 1491	 1500	 -805	 0.00	 0.00	 0.00
21500	 1.29	 12.58	 -121.10	 8.45	 -14.80	 -10.89	 1	 0	 0	 hover	 1500	 1491	 1500	 -805	 0.00	 0.00	 0.00
21600	 0.22	 11.50	 -121.51	 4.71	 -11.42	 -10.89	 1	 1	 1	 hover	 1511	 1495	 1500	 -816	 0.00	 0.00	 0.00
21700	 0.17	 11.48	 -121.55	 4.71	 -9.99	 -10.89	 1	 1	 1	 hover	 1509	 1495	 1500	 -827	 0.00	 0.00	 0.00
21800	 0.17	 11.48	 -121.55	 4.71	 -9.99	 -10.89	 1	 0	 0	 hover	 1500	 1495	 1500	 -827	 0.00	 0.00	 0.00
21900	 0.08	 11.34	 -122.37	 4.71	 -9.99	 -10.89	 1	 0	 1	 hover	 1500	 1495	 1500	 -838	 0.00	 0.00	 0.00
22000	 0.15	 11.36	 -122.39	 4.71	 -9.99	 -10.89	 0	 0	 0	 hover	 1500	 1500	 1500	 -838	 0.00	 0.00	 0.00
22100	 0.15	 11.36	 -122.39	 4.71	 -9.99	 -10.89	 0	 1	 1	 hover	 1509	 1500	 1500	 -849	 0.00	 0.00	 0.00
22200	 1.48	 11.67	 -124.83	 4.71	 -10.51	 -6.44	 1	 1	 1	 hover	 1510	 1495	 1500	 -811	 0.00	 0.00	 0.00
22300	 1.45	 11.64	 -124.93	 4.71	 -12.39	 -5.38	 0	 1	 1	 hover	 1512	 1500	 1500	 -806	 0.00	 0.00	 0.00
22400	 1.45	 11.64	 -124.93	 4.71	 -12.39	 -2.71	 0	 0	 1	 hover	 1500	 1500	 1500	 -782	 0.00	 0.00	 0.00
22500	 3.53	 12.25	 -126.97	 4.71	 -2.08	 -2.97	 0	 1	 1	 hover	 1502	 1500	 1500	 -787	 0.00	 0.00	 0.00
22600	 3.81	 12.33	 -126.99	 4.71	 -2.08	 -3.24	 1	 0	 1	 hover	 1500	 1495	 1500	 -793	 0.00	 0.00	 0.00
22700	 3.81	 12.33	 -126.99	 4.71	 -2.08	 -4.49	 1	 0	 1	 hover	 1500	 1495	 1500	 -810	 0.00	 0.00	 0.00
22800	 8.21	 12.57	 -126.87	 4.71	 -2.08	 -4.75	 0	 0	 1	 hover	 1500	 1500	 1500	 -817	 0.00	 0.00	 0.00
22900	 8.21	 12.62	 -126.83	 4.71	 -2.08	 -6.53	 0	 0	 1	 hover	 1500	 1500	 1500	 -842	 0.00	 0.00	 0.00
23000	 8.21	 12.62	 -126.83	 4.71	 -2.08	 -3.15	 1	 0	 1	 hover	 1500	 1495	 1500	 -811	 0.00	 0.00	 0.00
23100	 7.67	 12.03	 -124.27	 4.62	 -2.08	 -2.00	 1	 1	 1	 hover	 1502	 1495	 1500	 -802	 0.00	 0.00	 0.00
23200	 7.60	 11.98	 -123.99	 4.62	 5.39	 -2.89	 1	 1	 1	 hover	 1494	 1495	 1500	 -813	 0.00	 0.00	 0.00
23300	 7.60	 11.98	 -123.99	 4.62	 -1.49	 3.08	 0	 1	 1	 hover	 1501	 1500	 1500	 -751	 0.00	 0.00	 0.00
23400	 6.14	 9.66	 -112.60	 4.62	 -1.49	 5.21	 1	 1	 1	 hover	 1501	 1495	 1500	 -724	 0.00	 0.00	 0.00
23500	 6.06	 9.57	 -112.19	 4.62	 -1.49	 5.21	 0	 0	 0	 hover	 1500	 1500	 1500	 -724	 0.00	 0.00	 0.00
23600	 6.06	 9.57	 -112.19	 4.62	 -1.49	 5.21	 0	 0	 0	 hover	 1500	 1500	 1500	 -724	 0.00	 0.00	 0.00
23700	 -4.24	 15.77	 -101.79	 4.62	 -1.49	 5.21	 0	 0	 0	 hover	 1500	 1500	 1500	 -724	 0.00	 0.00	 0.00
23800	 -4.44	 16.13	 -101.44	 4.62	 -1.49	 5.21	 0	 0	 0	 hover	 1500	 1500	 1500	 -724	 0.00	 0.00	 0.00
23900	 -4.44	 16.13	 -101.44	 4.62	 -1.49	 5.21	 0	 0	 0	 hover	 1500	 1500	 1500	 -724	 0.00	 0.00	 0.00
24000	 4.36	 10.68	 -89.35	 4.62	 -1.49	 5.21	 0	 0	 0	 hover	 1500	 1500	 1500	 -724	 0.00	 0.00	 0.00
24100	 5.17	 10.80	 -88.93	 4.62	 -1.49	 5.21	 0	 0	 0	 hover	 1500	 1500	 1500	 -724	 0.00	 0.00	 0.00
24200	 5.17	 10.80	 -88.93	 4.62	 -1.49	 5.21	 0	 0	 0	 hover	 1500	 1500	 1500	 -724	 0.00	 0.00	 0.00
24300	 4.81	 11.21	 -85.63	 4.62	 -1.49	 5.21	 0	 1	 1	 hover	 1501	 1500	 1500	 -719	 0.00	 0.00	 0.00
24400	 4.72	 11.09	 -85.65	 4.62	 -1.49	 5.75	 1	 0	 1	 hover	 1500	 1495	 1500	 -708	 0.00	 0.00	 0.00
24500	 4.72	 11.09	 -85.65	 -3.39	 -1.49	 6.37	 1	 0	 1	 hover	 1500	 1503	 1500	 -695	 0.00	 0.00	 0.00
24600	 4.71	 11.09	 -85.44	 -3.39	 -1.49	 6.73	 1	 0	 1	 hover	 1500	 1503	 1500	 -685	 0.00	 0.00	 0.00
24700	 4.70	 11.12	 -85.44	 -1.97	 -2.30	 5.01	 1	 1	 1	 hover	 1502	 1501	 1500	 -697	 0.00	 0.00	 0.00
24800	 4.70	 11.12	 -85.44	 -2.50	 -2.92	 6.03	 1	 1	 1	 hover	 1502	 1502	 1500	 -681	 0.00	 0.00	 0.00
24900	 4.69	 10.96	 -85.22	 -3.84	 -2.92	 6.03	 1	 0	 0	 hover	 1500	 1503	 1500	 -681	 0.00	 0.00	 0.00
25000	 4.69	 10.96	 -85.22	 -3.35	 -2.92	 6.03	 1	 0	 0	 hover	 1500	 1503	 1500	 -681	 0.00	 0.00	 0.00
25100	 4.69	 10.96	 -85.22	 -3.35	 -1.05	 4.66	 0	 1	 1	 hover	 1501	 1500	 1500	 -690	 0.00	 0.00	 0.00
25200	 4.68	 10.77	 -85.02	 -3.35	 -1.05	 5.95	 1	 0	 1	 hover	 1500	 1503	 1500	 -671	 0.00	 0.00	 0.00
25300	 4.69	 10.76	 -85.01	 -2.72	 -1.05	 5.99	 1	 0	 1	 hover	 1500	 1502	 1500	 -665	 0.00	 0.00	 0.00
25400	 4.69	 10.76	 -85.01	 -3.17	 -2.00	 6.54	 1	 1	 1	 hover	 1501	 1503	 1500	 -653	 0.00	 0.00	 0.00
25500	 4.67	 10.63	 -84.80	 -1.66	 -1.23	 6.54	 1	 1	 0	 hover	 1501	 1501	 1500	 -653	 0.00	 0.00	 0.00
25600	 4.67	 10.63	 -84.79	 -1.82	 -1.23	 5.95	 1	 1	 1	 hover	 1501	 1501	 1500	 -652	 0.00	 0.00	 0.00
25700	 4.67	 10.63	 -84.79	 -4.07	 -3.90	 6.75	 1	 1	 1	 hover	 1503	 1504	 1500	 -638	 0.00	 0.00	 0.00
25800	 4.65	 10.53	 -84.59	 -2.98	 -2.21	 7.52	 1	 1	 1	 hover	 1502	 1502	 1500	 -623	 0.00	 0.00	 0.00
25900	 4.65	 10.53	 -84.58	 -3.69	 -2.03	 7.39	 1	 1	 1	 hover	 1502	 1503	 1500	 -616	 0.00	 0.00	 0.00
26000	 4.65	 10.53	 -84.58	 0.07	 -0.69	 5.93	 1	 1	 1	 hover	 1500	 1499	 1500	 -625	 0.00	 0.00	 0.00
26100	 4.64	 10.44	 -84.37	 0.06	 -0.78	 5.52	 1	 1	 1	 hover	 1500	 1499	 1500	 -624	 0.00	 0.00	 0.00
26200	 4.63	 10.43	 -84.37	 -2.32	 -3.81	 5.52	 1	 1	 0	 hover	 1503	 1502	 1500	 -624	 0.00	 0.00	 0.00
26300	 4.63	 10.43	 -84.37	 -2.32	 -3.81	 5.52	 1	 1	 0	 hover	 1503	 1502	 1500	 -624	 0.00	 0.00	 0.00
26400	 4.62	 10.37	 -84.15	 -1.66	 -2.12	 5.52	 1	 1	 0	 hover	 1502	 1501	 1500	 -624	 0.00	 0.00	 0.00
26500	 4.62	 10.37	 -84.14	 -1.57	 -2.74	 5.52	 1	 1	 0	 hover	 1502	 1501	 1500	 -624	 0.00	 0.00	 0.00
26600	 4.62	 10.37	 -84.14	 -2.13	 -2.65	 7.51	 1	 1	 1	 hover	 1502	 1502	 1500	 -596	 0.00	 0.00	 0.00
26700	 4.61	 10.31	 -83.93	 -2.07	 -3.81	 7.51	 1	 1	 0	 hover	 1503	 1502	 1500	 -596	 0.00	 0.00	 0.00
26800	 4.62	 10.31	 -83.92	 -0.85	 -1.23	 6.12	 1	 1	 1	 hover	 1501	 1500	 1500	 -604	 0.00	 0.00	 0.00
26900	 4.62	 10.31	 -83.92	 -2.04	 -1.23	 6.76	 1	 0	 1	 hover	 1500	 1502	 1500	 -591	 0.00	 0.00	 0.00
27000	 4.61	 10.28	 -83.71	 -2.23	 -1.23	 6.76	 1	 0	 0	 hover	 1500	 1502	 1500	 -591	 0.00	 0.00	 0.00
27100	 4.61	 10.27	 -83.70	 -2.96	 -1.23	 7.38	 1	 0	 1	 hover	 1500	 1502	 1500	 -577	 0.00	 0.00	 0.00
27200	 4.61	 10.27	 -83.70	 0.98	 -1.23	 5.24	 1	 0	 1	 hover	 1500	 1499	 1500	 -593	 0.00	 0.00	 0.00
27300	 4.61	 10.24	 -83.49	 0.98	 -1.85	 6.10	 0	 1	 1	 hover	 1501	 1500	 1500	 -579	 0.00	 0.00	 0.00
27400	 4.61	 10.24	 -83.49	 -1.82	 -2.12	 6.35	 1	 1	 1	 hover	 1502	 1501	 1500	 -570	 0.00	 0.00	 0.00
27500	 4.61	 10.24	 -83.49	 -1.44	 -2.21	 6.56	 1	 1	 1	 hover	 1502	 1501	 1500	 -561	 0.00	 0.00	 0.00
27600	 4.60	 10.23	 -83.27	 -1.31	 -3.18	 7.48	 1	 1	 1	 hover	 1503	 1501	 1500	 -545	 0.00	 0.00	 0.00
27700	 4.60	 10.23	 -83.26	 -2.32	 -2.12	 7.45	 1	 1	 1	 hover	 1502	 1502	 1500	 -537	 0.00	 0.00	 0.00
27800	 4.60	 10.23	 -83.26	 -2.30	 -3.90	 7.45	 1	 1	 0	 hover	 1503	 1502	 1500	 -537	 0.00	 0.00	 0.00
27900	 4.59	 10.20	 -83.05	 -0.32	 -3.90	 6.23	 1	 0	 1	 hover	 1500	 1500	 1500	 -543	 0.00	 0.00	 0.00
28000	 4.59	 10.20	 -83.04	 -1.48	 -3.90	 6.62	 1	 0	 1	 hover	 1500	 1501	 1500	 -533	 0.00	 0.00	 0.00
28100	 4.59	 10.20	 -83.04	 -1.47	 -3.81	 7.20	 1	 1	 1	 hover	 1503	 1501	 1500	 -520	 0.00	 0.00	 0.00
28200	 4.59	 10.19	 -82.83	 -1.48	 -3.36	 7.19	 1	 1	 1	 hover	 1503	 1501	 1500	 -513	 0.00	 0.00	 0.00
28300	 4.59	 10.19	 -82.82	 -2.04	 -3.36	 7.30	 1	 0	 1	 hover	 1500	 1502	 1500	 -504	 0.00	 0.00	 0.00
28400	 4.59	 10.19	 -82.82	 -2.04	 -3.27	 4.61	 0	 1	 1	 hover	 1503	 1500	 1500	 -527	 0.00	 0.00	 0.00
28500	 4.58	 10.18	 -82.60	 -2.04	 -3.27	 5.94	 1	 0	 1	 hover	 1500	 1502	 1500	 -507	 0.00	 0.00	 0.00
28600	 4.58	 10.18	 -82.60	 -2.04	 -3.02	 8.02	 0	 1	 1	 hover	 1503	 1500	 1500	 -479	 0.00	 0.00	 0.00
28700	 4.58	 10.18	 -82.60	 -2.04	 -0.68	 4.75	 1	 1	 1	 hover	 1500	 1502	 1500	 -507	 0.00	 0.00	 0.00
28800	 4.58	 10.17	 -82.38	 -3.04	 -2.81	 5.76	 1	 1	 1	 hover	 1502	 1503	 1500	 -491	 0.00	 0.00	 0.00
28900	 4.58	 10.17	 -82.38	 -3.04	 -2.90	 6.83	 0	 1	 1	 hover	 1502	 1500	 1500	 -473	 0.00	 0.00	 0.00
29000	 4.58	 10.17	 -82.38	 -3.04	 -2.95	 6.83	 0	 1	 0	 hover	 1502	 1500	 1500	 -473	 0.00	 0.00	 0.00
29100	 4.58	 10.17	 -82.16	 -3.04	 -2.95	 6.98	 0	 1	 1	 hover	 1502	 1500	 1500	 -465	 0.00	 0.00	 0.00
29200	 4.57	 10.16	 -82.15	 -3.04	 -3.04	 6.98	 0	 1	 0	 hover	 1503	 1500	 1500	 -465	 0.00	 0.00	 0.00
29300	 4.57	 10.16	 -82.15	 -2.12	 -3.04	 4.92	 1	 0	 1	 hover	 1500	 1502	 1500	 -480	 0.00	 0.00	 0.00
29400	 4.57	 10.16	 -81.95	 -3.28	 -3.04	 7.12	 1	 0	 1	 hover	 1500	 1503	 1500	 -451	 0.00	 0.00	 0.00
29500	 4.57	 10.16	 -81.93	 6.86	 -3.04	 6.18	 1	 0	 1	 hover	 1500	 1493	 1500	 -454	 0.00	 0.00	 0.00
29600	 4.57	 10.16	 -81.93	 6.86	 -3.04	 6.18	 0	 0	 0	 hover	 1500	 1500	 1500	 -454	 0.00	 0.00	 0.00
29700	 4.57	 10.15	 -81.72	 6.86	 -2.21	 7.95	 0	 1	 1	 hover	 1502	 1500	 1500	 -429	 0.00	 0.00	 0.00
29800	 4.57	 10.15	 -81.72	 8.37	 -0.69	 5.66	 1	 1	 1	 hover	 1500	 1491	 1500	 -446	 0.00	 0.00	 0.00
29900	 4.57	 10.15	 -81.72	 7.09	 -1.32	 5.81	 1	 1	 1	 hover	 1501	 1492	 1500	 -439	 0.00	 0.00	 0.00
30000	 4.56	 10.15	 -81.50	 7.30	 -1.32	 4.82	 1	 0	 1	 hover	 1500	 1492	 1500	 -444	 0.00	 0.00	 0.00
30100	 4.57	 10.15	 -81.49	 7.30	 -1.32	 4.82	 1	 0	 0	 hover	 1500	 1492	 1500	 -444	 0.00	 0.00	 0.00
