#Time(ms)	 Roll 	 Pitch 	 Yaw 	 gX 	 Gy 	 gZ 
200	 -0.53	 42.68	 -176.54	 -50.00	 -21.00	 -23.00
300	 -0.52	 42.45	 -176.55	 -44.00	 -37.00	 -15.00
400	 -0.52	 42.45	 -176.55	 -44.00	 -37.00	 -15.00
500	 0.42	 36.36	 -177.10	 -102.00	 -72.00	 -20.00
600	 0.45	 36.17	 -177.09	 -52.00	 4.00	 -24.00
700	 0.45	 36.17	 -177.09	 -52.00	 4.00	 -24.00
800	 1.21	 31.26	 -177.35	 -52.00	 -72.00	 11.00
900	 1.23	 31.09	 -177.35	 -13.00	 -5.00	 5.00
1000	 1.23	 31.09	 -177.35	 -13.00	 -5.00	 5.00
1100	 1.87	 27.07	 -177.40	 -84.00	 -55.00	 -43.00
1200	 1.86	 26.90	 -177.39	 14.00	 -22.00	 -43.00
1300	 1.86	 26.90	 -177.39	 14.00	 -22.00	 -43.00
1400	 2.41	 23.58	 -177.09	 104.00	 11.00	 -76.00
1500	 2.44	 23.51	 -177.07	 -78.00	 -31.00	 -78.00
1600	 2.44	 23.51	 -177.07	 -78.00	 -31.00	 -78.00
1700	 2.96	 21.38	 -175.66	 34.00	 100.00	 -207.00
1800	 2.94	 21.32	 -175.56	 -12.00	 -11.00	 -180.00
1900	 2.94	 21.32	 -175.56	 -12.00	 -11.00	 -180.00
2000	 3.27	 19.89	 -172.35	 -147.00	 103.00	 -234.00
2100	 3.35	 19.83	 -172.23	 -6.00	 -98.00	 -219.00
2200	 3.35	 19.83	 -172.23	 -6.00	 -98.00	 -219.00
2300	 4.18	 18.52	 -168.09	 -113.00	 -409.00	 -270.00
2400	 4.17	 18.48	 -167.93	 45.00	 -350.00	 -252.00
2500	 4.17	 18.48	 -167.93	 45.00	 -350.00	 -252.00
2600	 4.51	 13.59	 -163.69	 -54.00	 -28.00	 -228.00
2700	 4.54	 13.60	 -163.53	 -29.00	 67.00	 -246.00
2800	 4.54	 13.60	 -163.53	 -29.00	 67.00	 -246.00
2900	 4.50	 13.41	 -159.35	 17.00	 -209.00	 -166.00
3000	 4.52	 13.39	 -159.20	 154.00	 -154.00	 -132.00
3100	 4.52	 13.39	 -159.20	 154.00	 -154.00	 -132.00
3200	 3.07	 12.24	 -155.54	 169.00	 184.00	 -93.00
3300	 2.97	 12.30	 -155.41	 47.00	 50.00	 -132.00
3400	 2.97	 12.30	 -155.41	 47.00	 50.00	 -132.00
3500	 2.31	 14.35	 -152.10	 -275.00	 16.00	 -229.00
3600	 2.43	 14.31	 -152.01	 -169.00	 6.00	 -220.00
3700	 2.43	 14.31	 -152.01	 -169.00	 6.00	 -220.00
3800	 4.70	 13.94	 -148.92	 265.00	 -24.00	 -184.00
3900	 4.75	 13.91	 -148.79	 296.00	 -104.00	 -118.00
4000	 4.75	 13.91	 -148.79	 296.00	 -104.00	 -118.00
4100	 1.68	 13.05	 -145.51	 -120.00	 -208.00	 -130.00
4200	 1.66	 12.97	 -145.41	 -62.00	 -207.00	 -132.00
4300	 1.66	 12.97	 -145.41	 -62.00	 -207.00	 -132.00
4400	 2.81	 9.67	 -143.26	 -116.00	 -184.00	 -105.00
4500	 2.86	 9.59	 -143.19	 106.00	 -153.00	 -94.00
4600	 2.86	 9.59	 -143.19	 106.00	 -153.00	 -94.00
4700	 3.05	 8.50	 -141.19	 -103.00	 264.00	 -91.00
4800	 2.97	 8.57	 -141.13	 -84.00	 163.00	 -109.00
4900	 2.97	 8.57	 -141.13	 -84.00	 163.00	 -109.00
5000	 4.65	 12.56	 -138.75	 -193.00	 83.00	 -127.00
5100	 4.68	 12.59	 -138.70	 -38.00	 -61.00	 -81.00
5200	 4.68	 12.59	 -138.70	 -38.00	 -61.00	 -81.00
5300	 5.42	 12.96	 -136.84	 -109.00	 51.00	 -253.00
5400	 5.36	 12.91	 -136.78	 -9.00	 -69.00	 -220.00
5500	 5.36	 12.91	 -136.78	 -9.00	 -69.00	 -220.00
5600	 5.08	 12.08	 -133.63	 89.00	 -603.00	 -185.00
5700	 4.89	 12.00	 -133.53	 276.00	 -305.00	 -133.00
5800	 4.89	 12.00	 -133.53	 276.00	 -305.00	 -133.00
5900	 1.92	 8.05	 -131.13	 27.00	 40.00	 -107.00
6000	 1.84	 8.24	 -131.03	 100.00	 107.00	 -111.00
6100	 1.84	 8.24	 -131.03	 100.00	 107.00	 -111.00
6200	 0.42	 10.54	 -128.65	 -68.00	 32.00	 -122.00
6300	 0.42	 10.58	 -128.57	 6.00	 26.00	 -90.00
6400	 0.42	 10.58	 -128.57	 6.00	 26.00	 -90.00
6500	 1.70	 11.78	 -126.93	 -235.00	 148.00	 -132.00
6600	 1.75	 11.83	 -126.87	 -338.00	 72.00	 -121.00
6700	 1.75	 11.83	 -126.87	 -338.00	 72.00	 -121.00
6800	 4.59	 12.53	 -125.18	 -142.00	 -289.00	 -65.00
6900	 4.65	 12.46	 -125.14	 -10.00	 -453.00	 -79.00
7000	 4.65	 12.46	 -125.14	 -10.00	 -453.00	 -79.00
7100	 5.09	 8.11	 -124.55	 57.00	 57.00	 -68.00
7200	 5.07	 8.05	 -124.51	 93.00	 64.00	 -57.00
7300	 5.07	 8.05	 -124.51	 93.00	 64.00	 -57.00
7400	 3.74	 9.98	 -123.35	 10.00	 -29.00	 -80.00
7500	 3.75	 10.02	 -123.30	 -205.00	 -28.00	 -129.00
7600	 3.75	 10.02	 -123.30	 -205.00	 -28.00	 -129.00
7700	 3.72	 9.12	 -122.02	 -20.00	 26.00	 -131.00
7800	 3.72	 9.11	 -121.96	 -42.00	 30.00	 -128.00
7900	 3.72	 9.11	 -121.96	 -42.00	 30.00	 -128.00
8000	 3.14	 9.88	 -119.69	 -29.00	 10.00	 -120.00
8100	 3.17	 9.89	 -119.59	 -133.00	 111.00	 -125.00
8200	 3.17	 9.89	 -119.59	 -133.00	 111.00	 -125.00
8300	 4.00	 11.91	 -117.15	 -4.00	 46.00	 -139.00
8400	 4.01	 11.99	 -117.07	 -28.00	 12.00	 -40.00
8500	 4.01	 11.99	 -117.07	 -28.00	 12.00	 -40.00
8600	 3.59	 12.53	 -115.55	 18.00	 -69.00	 -25.00
8700	 3.60	 12.55	 -115.51	 -126.00	 -45.00	 -22.00
8800	 3.60	 12.55	 -115.51	 -126.00	 -45.00	 -22.00
8900	 3.50	 12.18	 -114.85	 -64.00	 -254.00	 -116.00
9000	 3.42	 12.10	 -114.84	 -76.00	 -174.00	 -94.00
9100	 3.42	 12.10	 -114.84	 -76.00	 -174.00	 -94.00
9200	 3.54	 8.97	 -113.85	 -47.00	 -109.00	 -135.00
9300	 3.59	 8.88	 -113.79	 -6.00	 -109.00	 -84.00
9400	 3.59	 8.88	 -113.79	 -6.00	 -109.00	 -84.00
9500	 3.79	 8.20	 -112.01	 -29.00	 -51.00	 -110.00
9600	 3.80	 8.19	 -111.94	 -99.00	 146.00	 -183.00
9700	 3.80	 8.19	 -111.94	 -99.00	 146.00	 -183.00
9800	 4.00	 9.24	 -109.77	 -43.00	 -61.00	 -64.00
9900	 3.97	 9.30	 -109.72	 -56.00	 136.00	 -129.00
10000	 3.97	 9.30	 -109.72	 -56.00	 136.00	 -129.00
10100	 3.57	 10.50	 -108.13	 17.00	 202.00	 -80.00
10200	 3.61	 10.57	 -108.06	 -29.00	 42.00	 -62.00
10300	 3.61	 10.57	 -108.06	 -29.00	 42.00	 -62.00
10400	 3.05	 12.10	 -107.19	 88.00	 44.00	 -1.00
10500	 3.04	 12.06	 -107.19	 -234.00	 74.00	 -6.00
10600	 3.04	 12.06	 -107.19	 -234.00	 74.00	 -6.00
10700	 3.30	 11.94	 -107.80	 -31.00	 -49.00	 112.00
10800	 3.30	 11.97	 -107.83	 -95.00	 -49.00	 115.00
10900	 3.30	 11.97	 -107.83	 -95.00	 -49.00	 115.00
11000	 3.30	 11.47	 -109.73	 -224.00	 -66.00	 100.00
11100	 3.26	 11.42	 -109.83	 -230.00	 -311.00	 164.00
11200	 3.26	 11.42	 -109.83	 -230.00	 -311.00	 164.00
11300	 5.37	 9.40	 -112.43	 -87.00	 -183.00	 126.00
11400	 5.37	 9.36	 -112.53	 -193.00	 -237.00	 127.00
11500	 5.37	 9.36	 -112.53	 -193.00	 -237.00	 127.00
11600	 4.59	 7.14	 -115.87	 57.00	 -16.00	 157.00
11700	 4.47	 7.13	 -115.98	 -12.00	 79.00	 193.00
11800	 4.47	 7.13	 -115.98	 -12.00	 79.00	 193.00
11900	 4.47	 7.13	 -115.98	 -12.00	 79.00	 193.00
12000	 3.48	 8.79	 -121.87	 -75.00	 -21.00	 487.00
12100	 3.46	 8.85	 -122.13	 -245.00	 3.00	 530.00
12200	 3.46	 8.85	 -122.13	 -245.00	 3.00	 530.00
12300	 3.46	 8.85	 -122.13	 -245.00	 3.00	 530.00
12400	 3.04	 14.07	 -133.61	 -92.00	 -40.00	 563.00
12500	 2.95	 14.23	 -133.95	 -74.00	 26.00	 563.00
12600	 2.95	 14.23	 -133.95	 -74.00	 26.00	 563.00
12700	 2.95	 14.23	 -133.95	 -74.00	 26.00	 563.00
12800	 1.59	 12.98	 -148.62	 -170.00	 16.00	 488.00
12900	 1.56	 12.94	 -148.97	 -103.00	 -24.00	 501.00
13000	 1.56	 12.94	 -148.97	 -103.00	 -24.00	 501.00
13100	 1.56	 12.94	 -148.97	 -103.00	 -24.00	 501.00
13200	 2.13	 13.14	 -160.50	 -68.00	 -132.00	 93.00
13300	 2.15	 13.18	 -160.68	 -35.00	 -30.00	 -99.00
13400	 2.15	 13.18	 -160.68	 -35.00	 -30.00	 -99.00
13500	 2.15	 13.18	 -160.68	 -35.00	 -30.00	 -99.00
13600	 1.62	 11.85	 -159.74	 -14.00	 -163.00	 -74.00
13700	 1.65	 11.80	 -159.67	 -268.00	 -74.00	 -139.00
13800	 1.65	 11.80	 -159.67	 -268.00	 -74.00	 -139.00
13900	 1.65	 11.80	 -159.67	 -268.00	 -74.00	 -139.00
14000	 4.99	 9.71	 -157.83	 -57.00	 -97.00	 -108.00
14100	 5.07	 9.66	 -157.78	 -114.00	 148.00	 -82.00
14200	 5.07	 9.66	 -157.78	 -114.00	 148.00	 -82.00
14300	 5.07	 9.66	 -157.78	 -114.00	 148.00	 -82.00
14400	 5.56	 10.42	 -156.60	 5.00	 65.00	 96.00
14500	 5.54	 10.46	 -156.59	 6.00	 125.00	 57.00
14600	 5.54	 10.46	 -156.59	 6.00	 125.00	 57.00
14700	 5.54	 10.46	 -156.59	 6.00	 125.00	 57.00
14800	 2.90	 13.13	 -158.60	 -228.00	 -27.00	 149.00
14900	 2.80	 13.13	 -158.70	 -124.00	 -121.00	 91.00
15000	 2.80	 13.13	 -158.70	 -124.00	 -121.00	 91.00
15100	 2.80	 13.13	 -158.70	 -124.00	 -121.00	 91.00
15200	 4.70	 12.30	 -161.37	 -139.00	 -112.00	 14.00
15300	 4.70	 12.26	 -161.41	 80.00	 -66.00	 -10.00
15400	 4.70	 12.26	 -161.41	 80.00	 -66.00	 -10.00
15500	 4.70	 12.26	 -161.41	 80.00	 -66.00	 -10.00
15600	 3.67	 10.99	 -161.76	 339.00	 -139.00	 -25.00
15700	 3.54	 10.97	 -161.74	 277.00	 -50.00	 -49.00
15800	 3.54	 10.97	 -161.74	 277.00	 -50.00	 -49.00
15900	 3.54	 10.97	 -161.74	 277.00	 -50.00	 -49.00
16000	 1.20	 10.50	 -159.86	 -385.00	 -46.00	 -105.00
16100	 1.25	 10.46	 -159.82	 -110.00	 -77.00	 -89.00
16200	 1.25	 10.46	 -159.82	 -110.00	 -77.00	 -89.00
16300	 1.25	 10.46	 -159.82	 -110.00	 -77.00	 -89.00
16400	 4.90	 10.21	 -158.38	 4.00	 -152.00	 -41.00
16500	 4.88	 10.22	 -158.35	 38.00	 -130.00	 -88.00
16600	 4.88	 10.22	 -158.35	 38.00	 -130.00	 -88.00
16700	 1.72	 9.53	 -156.74	 207.00	 -38.00	 -71.00
16800	 1.48	 9.54	 -156.66	 17.00	 77.00	 -137.00
16900	 1.48	 9.54	 -156.66	 17.00	 77.00	 -137.00
17000	 0.58	 11.23	 -153.95	 -160.00	 140.00	 -175.00
17100	 0.75	 11.30	 -153.85	 -198.00	 24.00	 -198.00
17200	 0.75	 11.30	 -153.85	 -198.00	 24.00	 -198.00
17300	 3.82	 12.41	 -151.41	 276.00	 -136.00	 -46.00
17400	 3.83	 12.39	 -151.34	 163.00	 -97.00	 -137.00
17500	 3.83	 12.39	 -151.34	 163.00	 -97.00	 -137.00
17600	 1.78	 11.42	 -148.87	 -23.00	 85.00	 -146.00
17700	 1.71	 11.40	 -148.77	 -197.00	 -24.00	 -144.00
17800	 1.71	 11.40	 -148.77	 -197.00	 -24.00	 -144.00
17900	 1.71	 11.40	 -148.77	 -197.00	 -24.00	 -144.00
18000	 2.62	 12.31	 -145.37	 -255.00	 -74.00	 -30.00
18100	 2.65	 12.23	 -145.34	 -181.00	 -16.00	 12.00
18200	 2.65	 12.23	 -145.34	 -181.00	 -16.00	 12.00
18300	 6.19	 11.72	 -146.30	 -54.00	 -78.00	 18.00
18400	 6.29	 11.76	 -146.35	 51.00	 -22.00	 45.00
18500	 6.29	 11.76	 -146.35	 51.00	 -22.00	 45.00
18600	 5.97	 11.63	 -147.54	 86.00	 -46.00	 24.00
18700	 5.97	 11.60	 -147.58	 233.00	 -377.00	 68.00
18800	 5.97	 11.60	 -147.58	 233.00	 -377.00	 68.00
18900	 1.88	 8.03	 -148.17	 99.00	 36.00	 -94.00
19000	 1.76	 7.88	 -148.14	 -112.00	 -87.00	 -175.00
19100	 1.76	 7.88	 -148.14	 -112.00	 -87.00	 -175.00
19200	 1.16	 8.32	 -145.74	 209.00	 -251.00	 -138.00
19300	 1.11	 8.30	 -145.62	 6.00	 -90.00	 -247.00
19400	 1.11	 8.30	 -145.62	 6.00	 -90.00	 -247.00
19500	 0.10	 7.52	 -141.71	 184.00	 72.00	 -271.00
19600	 0.06	 7.59	 -141.52	 126.00	 132.00	 -346.00
19700	 0.06	 7.59	 -141.52	 126.00	 132.00	 -346.00
19800	 -0.01	 11.04	 -134.98	 9.00	 -3.00	 -362.00
19900	 0.07	 11.15	 -134.74	 -9.00	 -5.00	 -373.00
20000	 0.07	 11.15	 -134.74	 -9.00	 -5.00	 -373.00
20100	 1.75	 10.95	 -128.66	 -335.00	 91.00	 -338.00
20200	 1.91	 10.94	 -128.46	 -78.00	 2.00	 -303.00
20300	 1.91	 10.94	 -128.46	 -78.00	 2.00	 -303.00
20400	 4.32	 10.58	 -124.02	 166.00	 75.00	 -76.00
20500	 4.31	 10.51	 -123.92	 59.00	 90.00	 -61.00
20600	 4.31	 10.51	 -123.92	 59.00	 90.00	 -61.00
20700	 1.65	 12.08	 -122.31	 -101.00	 -21.00	 0.00
20800	 1.64	 12.05	 -122.27	 -23.00	 -18.00	 -83.00
20900	 1.64	 12.05	 -122.27	 -23.00	 -18.00	 -83.00
21000	 1.19	 12.04	 -121.65	 -100.00	 58.00	 -22.00
21100	 1.23	 12.09	 -121.62	 0.00	 -85.00	 -15.00
21200	 1.23	 12.09	 -121.62	 0.00	 -85.00	 -15.00
21300	 1.30	 12.59	 -121.10	 -59.00	 -104.00	 -5.00
21400	 1.29	 12.58	 -121.10	 95.00	 -191.00	 55.00
21500	 1.29	 12.58	 -121.10	 95.00	 -191.00	 55.00
21600	 0.22	 11.50	 -121.51	 89.00	 -150.00	 90.00
21700	 0.17	 11.48	 -121.55	 -91.00	 -17.00	 65.00
21800	 0.17	 11.48	 -121.55	 -91.00	 -17.00	 65.00
21900	 0.08	 11.34	 -122.37	 -178.00	 -119.00	 110.00
22000	 0.15	 11.36	 -122.39	 -49.00	 52.00	 165.00
22100	 0.15	 11.36	 -122.39	 -49.00	 52.00	 165.00
22200	 1.48	 11.67	 -124.83	 -109.00	 21.00	 139.00
22300	 1.45	 11.64	 -124.93	 -133.00	 -22.00	 85.00
22400	 1.45	 11.64	 -124.93	 -133.00	 -22.00	 85.00
22500	 3.53	 12.25	 -126.97	 -609.00	 8.00	 -57.00
22600	 3.81	 12.33	 -126.99	 -238.00	 34.00	 -31.00
22700	 3.81	 12.33	 -126.99	 -238.00	 34.00	 -31.00
22800	 8.21	 12.57	 -126.87	 -4.00	 -24.00	 -106.00
22900	 8.21	 12.62	 -126.83	 -30.00	 -126.00	 -160.00
23000	 8.21	 12.62	 -126.83	 -30.00	 -126.00	 -160.00
23100	 7.67	 12.03	 -124.27	 12.00	 -63.00	 -670.00
23200	 7.60	 11.98	 -123.99	 239.00	 -106.00	 -713.00
23300	 7.60	 11.98	 -123.99	 239.00	 -106.00	 -713.00
23400	 6.14	 9.66	 -112.60	 60.00	 -279.00	 -699.00
23500	 6.06	 9.57	 -112.19	 689.00	 523.00	 -734.00
23600	 6.06	 9.57	 -112.19	 689.00	 523.00	 -734.00
23700	 -4.24	 15.77	 -101.79	 -539.00	 -400.00	 -912.00
23800	 -4.44	 16.13	 -101.44	 2204.00	 503.00	 43.00
23900	 -4.44	 16.13	 -101.44	 2204.00	 503.00	 43.00
24000	 4.36	 10.68	 -89.35	 -1386.00	 343.00	 -586.00
24100	 5.17	 10.80	 -88.93	 1642.00	 -524.00	 111.00
24200	 5.17	 10.80	 -88.93	 1642.00	 -524.00	 111.00
24300	 4.81	 11.21	 -85.63	 -21.00	 92.00	 -45.00
24400	 4.72	 11.09	 -85.65	 -43.00	 -62.00	 -17.00
24500	 4.72	 11.09	 -85.65	 -43.00	 -62.00	 -17.00
24600	 4.71	 11.09	 -85.44	 -40.00	 4.00	 -21.00
24700	 4.70	 11.12	 -85.44	 -51.00	 -68.00	 -33.00
24800	 4.70	 11.12	 -85.44	 -51.00	 -68.00	 -33.00
24900	 4.69	 10.96	 -85.22	 -50.00	 -48.00	 -27.00
25000	 4.69	 10.96	 -85.22	 -46.00	 -22.00	 -26.00
25100	 4.69	 10.96	 -85.22	 -46.00	 -22.00	 -26.00
25200	 4.68	 10.77	 -85.02	 -54.00	 -28.00	 -27.00
25300	 4.69	 10.76	 -85.01	 -39.00	 -32.00	 -22.00
25400	 4.69	 10.76	 -85.01	 -39.00	 -32.00	 -22.00
25500	 4.67	 10.63	 -84.80	 -42.00	 -33.00	 -23.00
25600	 4.67	 10.63	 -84.79	 -44.00	 -33.00	 -20.00
25700	 4.67	 10.63	 -84.79	 -44.00	 -33.00	 -20.00
25800	 4.65	 10.53	 -84.59	 -43.00	 -34.00	 -22.00
25900	 4.65	 10.53	 -84.58	 -44.00	 -32.00	 -23.00
26000	 4.65	 10.53	 -84.58	 -44.00	 -32.00	 -23.00
26100	 4.64	 10.44	 -84.37	 -44.00	 -32.00	 -23.00
26200	 4.63	 10.43	 -84.37	 -43.00	 -33.00	 -24.00
26300	 4.63	 10.43	 -84.37	 -43.00	 -33.00	 -24.00
26400	 4.62	 10.37	 -84.15	 -45.00	 -33.00	 -23.00
26500	 4.62	 10.37	 -84.14	 -45.00	 -32.00	 -23.00
26600	 4.62	 10.37	 -84.14	 -45.00	 -32.00	 -23.00
26700	 4.61	 10.31	 -83.93	 -43.00	 -32.00	 -24.00
26800	 4.62	 10.31	 -83.92	 -44.00	 -33.00	 -23.00
26900	 4.62	 10.31	 -83.92	 -44.00	 -33.00	 -23.00
27000	 4.61	 10.28	 -83.71	 -44.00	 -32.00	 -23.00
27100	 4.61	 10.27	 -83.70	 -43.00	 -35.00	 -22.00
27200	 4.61	 10.27	 -83.70	 -43.00	 -35.00	 -22.00
27300	 4.61	 10.24	 -83.49	 -44.00	 -32.00	 -24.00
27400	 4.61	 10.24	 -83.49	 -44.00	 -32.00	 -23.00
27500	 4.61	 10.24	 -83.49	 -44.00	 -32.00	 -23.00
27600	 4.60	 10.23	 -83.27	 -44.00	 -33.00	 -23.00
27700	 4.60	 10.23	 -83.26	 -44.00	 -32.00	 -24.00
27800	 4.60	 10.23	 -83.26	 -44.00	 -32.00	 -24.00
27900	 4.59	 10.20	 -83.05	 -44.00	 -33.00	 -23.00
28000	 4.59	 10.20	 -83.04	 -44.00	 -31.00	 -23.00
28100	 4.59	 10.20	 -83.04	 -44.00	 -31.00	 -23.00
28200	 4.59	 10.19	 -82.83	 -43.00	 -32.00	 -23.00
28300	 4.59	 10.19	 -82.82	 -44.00	 -33.00	 -23.00
28400	 4.59	 10.19	 -82.82	 -44.00	 -33.00	 -23.00
28500	 4.58	 10.18	 -82.60	 -44.00	 -35.00	 -23.00
28600	 4.58	 10.18	 -82.60	 -44.00	 -32.00	 -23.00
28700	 4.58	 10.18	 -82.60	 -44.00	 -32.00	 -23.00
28800	 4.58	 10.17	 -82.38	 -44.00	 -33.00	 -24.00
28900	 4.58	 10.17	 -82.38	 -44.00	 -33.00	 -23.00
29000	 4.58	 10.17	 -82.38	 -44.00	 -33.00	 -23.00
29100	 4.58	 10.17	 -82.16	 -44.00	 -34.00	 -23.00
29200	 4.57	 10.16	 -82.15	 -43.00	 -32.00	 -23.00
29300	 4.57	 10.16	 -82.15	 -43.00	 -32.00	 -23.00
29400	 4.57	 10.16	 -81.95	 -45.00	 -32.00	 -23.00
29500	 4.57	 10.16	 -81.93	 -42.00	 -34.00	 -23.00
29600	 4.57	 10.16	 -81.93	 -42.00	 -34.00	 -23.00
29700	 4.57	 10.15	 -81.72	 -44.00	 -33.00	 -23.00
29800	 4.57	 10.15	 -81.72	 -44.00	 -33.00	 -24.00
29900	 4.57	 10.15	 -81.72	 -44.00	 -33.00	 -24.00
30000	 4.56	 10.15	 -81.50	 -43.00	 -32.00	 -24.00
30100	 4.57	 10.15	 -81.49	 -43.00	 -33.00	 -22.00
