#Time(ms)	 Value 	 Validity 	 avgValue 	 Diff 	 Outliers 	 invalidReason 
200	 -1.00 	0 	0.00 	1.00 	0 	0 
300	 -1.00 	0 	0.00 	1.00 	1 	0 
400	 -1.00 	0 	0.00 	1.00 	2 	0 
500	 -1.00 	0 	0.00 	1.00 	3 	0 
600	 180.98 	0 	108.59 	72.39 	3 	72.39 
700	 179.73 	0 	151.27 	28.46 	0 	28.46 
800	 174.57 	0 	165.25 	9.32 	0 	9.32 
900	 184.09 	0 	176.55 	7.54 	0 	7.54 
1000	 182.94 	0 	180.39 	2.55 	0 	-1 
1100	 172.79 	0 	175.83 	3.04 	0 	3.04 
1200	 172.79 	0 	175.83 	3.04 	1 	3.04 
1300	 172.79 	0 	175.83 	3.04 	2 	3.04 
1400	 190.41 	0 	184.58 	5.83 	0 	5.83 
1500	 190.41 	0 	188.08 	2.33 	0 	-1 
1600	 172.53 	0 	178.75 	6.22 	0 	6.22 
1700	 183.20 	0 	181.42 	1.78 	0 	-1 
1800	 171.10 	0 	175.23 	4.13 	0 	4.13 
1900	 171.10 	0 	175.23 	4.13 	1 	4.13 
2000	 171.10 	0 	175.23 	4.13 	2 	4.13 
2100	 171.10 	0 	175.23 	4.13 	3 	4.13 
2200	 184.54 	0 	180.82 	3.72 	0 	3.72 
2300	 184.54 	0 	180.82 	3.72 	1 	3.72 
2400	 171.81 	0 	175.41 	3.60 	0 	3.60 
2500	 166.21 	0 	169.89 	3.68 	0 	3.68 
2600	 173.15 	1 	171.85 	1.30 	0 	-3 
2700	 170.75 	1 	171.19 	0.44 	0 	-3 
2800	 155.26 	0 	161.63 	6.37 	0 	6.37 
2900	 175.02 	0 	169.66 	5.36 	0 	5.36 
3000	 166.47 	1 	167.75 	1.28 	0 	-3 
3100	 156.77 	0 	161.16 	4.39 	0 	4.39 
3200	 168.88 	0 	165.79 	3.09 	0 	3.09 
3300	 163.80 	1 	164.60 	0.80 	0 	-3 
3400	 163.54 	1 	163.96 	0.42 	0 	-3 
3500	 162.65 	1 	163.18 	0.53 	0 	-3 
3600	 160.69 	1 	161.68 	0.99 	0 	-3 
3700	 167.90 	1 	165.41 	2.49 	0 	-3 
3800	 156.86 	0 	160.28 	3.42 	0 	3.42 
3900	 162.29 	1 	161.49 	0.80 	0 	-3 
4000	 160.78 	1 	161.06 	0.28 	0 	-3 
4100	 164.16 	1 	162.92 	1.24 	0 	-3 
4200	 167.99 	1 	165.96 	2.03 	0 	-3 
4300	 163.89 	1 	164.72 	0.83 	0 	-3 
4400	 171.28 	1 	168.66 	2.62 	0 	-3 
4500	 171.28 	1 	168.66 	2.62 	1 	-3 
4600	 171.28 	1 	168.66 	2.62 	2 	-3 
4700	 167.99 	1 	168.26 	0.27 	0 	-3 
4800	 173.77 	1 	171.56 	2.21 	0 	-3 
4900	 163.89 	0 	166.96 	3.07 	0 	3.07 
5000	 163.36 	1 	164.80 	1.44 	0 	-3 
5100	 164.43 	1 	164.58 	0.15 	0 	-3 
5200	 164.43 	1 	164.49 	0.06 	0 	-3 
5300	 159.27 	1 	161.36 	2.09 	0 	-3 
5400	 165.23 	1 	163.68 	1.55 	0 	-3 
5500	 161.67 	1 	162.47 	0.80 	0 	-3 
5600	 161.05 	1 	161.62 	0.57 	0 	-3 
5700	 164.52 	1 	163.36 	1.16 	0 	-3 
5800	 167.45 	1 	165.81 	1.64 	0 	-3 
5900	 174.75 	0 	171.18 	3.57 	0 	3.57 
6000	 168.43 	1 	169.53 	1.10 	0 	-3 
6100	 176.62 	1 	173.78 	2.84 	0 	-3 
6200	 171.10 	1 	172.17 	1.07 	0 	-3 
6300	 170.39 	1 	171.10 	0.71 	0 	-3 
6400	 166.56 	1 	168.38 	1.82 	0 	-3 
6500	 164.61 	1 	166.12 	1.51 	0 	-3 
6600	 164.61 	1 	166.12 	1.51 	1 	-3 
6700	 161.40 	1 	163.29 	1.89 	0 	-3 
6800	 161.49 	1 	162.21 	0.72 	0 	-3 
6900	 161.76 	1 	161.94 	0.18 	0 	-3 
7000	 164.69 	1 	163.59 	1.10 	0 	-3 
7100	 168.61 	1 	166.60 	2.01 	0 	-3 
7200	 163.18 	1 	164.55 	1.37 	0 	-3 
7300	 165.94 	1 	165.38 	0.56 	0 	-3 
7400	 179.11 	0 	173.62 	5.49 	0 	5.49 
7500	 169.41 	1 	171.09 	1.68 	0 	-3 
7600	 169.41 	1 	171.09 	1.68 	1 	-3 
7700	 167.99 	1 	169.23 	1.24 	0 	-3 
7800	 165.32 	1 	166.88 	1.56 	0 	-3 
7900	 164.61 	1 	165.52 	0.91 	0 	-3 
8000	 176.71 	0 	172.23 	4.48 	0 	4.48 
8100	 162.11 	0 	166.16 	4.05 	0 	4.05 
8200	 174.57 	0 	171.21 	3.36 	0 	3.36 
8300	 174.57 	0 	171.21 	3.36 	1 	3.36 
8400	 160.96 	0 	165.06 	4.10 	0 	4.10 
8500	 161.85 	1 	163.13 	1.28 	0 	-3 
8600	 156.24 	1 	159.00 	2.76 	0 	-3 
8700	 156.24 	1 	159.00 	2.76 	1 	-3 
8800	 154.91 	1 	156.54 	1.63 	0 	-3 
8900	 155.35 	1 	155.83 	0.48 	0 	-3 
9000	 155.35 	1 	155.83 	0.48 	1 	-3 
9100	 155.35 	1 	155.83 	0.48 	2 	-3 
9200	 165.94 	0 	161.90 	4.04 	0 	4.04 
9300	 161.58 	1 	161.71 	0.13 	0 	-3 
9400	 164.96 	1 	163.66 	1.30 	0 	-3 
9500	 164.07 	1 	163.91 	0.16 	0 	-3 
9600	 164.07 	1 	163.91 	0.16 	1 	-3 
9700	 164.07 	1 	163.91 	0.16 	2 	-3 
9800	 181.96 	0 	174.74 	7.22 	0 	7.22 
9900	 181.96 	0 	174.74 	7.22 	1 	7.22 
10000	 181.96 	0 	174.74 	7.22 	2 	7.22 
10100	 181.96 	0 	174.74 	7.22 	3 	7.22 
10200	 157.58 	0 	164.44 	6.86 	3 	6.86 
10300	 179.29 	0 	173.35 	5.94 	3 	5.94 
10400	 182.22 	0 	178.67 	3.55 	0 	3.55 
10500	 182.22 	0 	178.67 	3.55 	1 	3.55 
10600	 177.24 	1 	177.81 	0.57 	0 	-3 
10700	 177.78 	1 	177.79 	0.01 	0 	-3 
10800	 174.22 	1 	175.65 	1.43 	0 	-3 
10900	 179.91 	1 	178.21 	1.70 	0 	-3 
11000	 179.91 	1 	178.21 	1.70 	1 	-3 
11100	 179.91 	1 	178.21 	1.70 	2 	-3 
11200	 183.74 	1 	181.53 	2.21 	0 	-3 
11300	 188.99 	1 	186.00 	2.99 	0 	-3 
11400	 182.58 	1 	183.95 	1.37 	0 	-3 
11500	 165.76 	0 	173.04 	7.28 	0 	7.28 
11600	 165.76 	0 	173.04 	7.28 	1 	7.28 
11700	 165.76 	0 	173.04 	7.28 	2 	7.28 
11800	 165.76 	0 	173.04 	7.28 	3 	7.28 
11900	 164.61 	0 	167.98 	3.37 	0 	3.37 
12000	 160.87 	1 	163.71 	2.84 	0 	-3 
12100	 166.12 	1 	165.16 	0.96 	0 	-3 
12200	 160.96 	1 	162.64 	1.68 	0 	-3 
12300	 155.17 	1 	158.16 	2.99 	0 	-3 
12400	 149.57 	0 	153.01 	3.44 	0 	3.44 
12500	 146.36 	1 	149.02 	2.66 	0 	-3 
12600	 142.98 	1 	145.40 	2.42 	0 	-3 
12700	 141.65 	1 	143.15 	1.50 	0 	-3 
12800	 154.37 	0 	149.88 	4.49 	0 	4.49 
12900	 144.85 	1 	146.86 	2.01 	0 	-3 
13000	 146.63 	1 	146.72 	0.09 	0 	-3 
13100	 145.38 	1 	145.92 	0.54 	0 	-3 
13200	 141.11 	1 	143.03 	1.92 	0 	-3 
13300	 142.09 	1 	142.47 	0.38 	0 	-3 
13400	 149.30 	1 	146.57 	2.73 	0 	-3 
13500	 142.63 	1 	144.20 	1.57 	0 	-3 
13600	 146.99 	1 	145.88 	1.11 	0 	-3 
13700	 145.21 	1 	145.48 	0.27 	0 	-3 
13800	 148.85 	1 	147.50 	1.35 	0 	-3 
13900	 149.39 	1 	148.63 	0.76 	0 	-3 
14000	 148.85 	1 	148.76 	0.09 	0 	-3 
14100	 148.05 	1 	148.34 	0.29 	0 	-3 
14200	 150.46 	1 	149.61 	0.85 	0 	-3 
14300	 148.85 	1 	149.15 	0.30 	0 	-3 
14400	 144.94 	1 	146.63 	1.69 	0 	-3 
14500	 146.99 	1 	146.84 	0.15 	0 	-3 
14600	 146.45 	1 	146.61 	0.16 	0 	-3 
14700	 152.77 	1 	150.31 	2.46 	0 	-3 
14800	 154.02 	1 	152.53 	1.49 	0 	-3 
14900	 148.32 	1 	150.01 	1.69 	0 	-3 
15000	 141.65 	0 	144.99 	3.34 	0 	3.34 
15100	 144.40 	1 	144.64 	0.24 	0 	-3 
15200	 146.63 	1 	145.83 	0.80 	0 	-3 
15300	 145.65 	1 	145.72 	0.07 	0 	-3 
15400	 148.50 	1 	147.39 	1.11 	0 	-3 
15500	 155.62 	0 	152.33 	3.29 	0 	3.29 
15600	 159.80 	1 	156.81 	2.99 	0 	-3 
15700	 149.83 	1 	152.62 	2.79 	0 	-3 
15800	 143.16 	0 	146.94 	3.78 	0 	3.78 
15900	 151.17 	1 	149.48 	1.69 	0 	-3 
16000	 142.54 	1 	145.32 	2.78 	0 	-3 
16100	 150.01 	1 	148.13 	1.88 	0 	-3 
16200	 147.25 	1 	147.60 	0.35 	0 	-3 
16300	 140.49 	1 	143.34 	2.85 	0 	-3 
16400	 146.81 	1 	145.42 	1.39 	0 	-3 
16500	 141.82 	1 	143.26 	1.44 	0 	-3 
16600	 142.54 	1 	142.83 	0.29 	0 	-3 
16700	 141.20 	1 	141.85 	0.65 	0 	-3 
16800	 140.76 	1 	141.20 	0.44 	0 	-3 
16900	 139.15 	1 	139.97 	0.82 	0 	-3 
17000	 130.97 	0 	134.57 	3.60 	0 	3.60 
17100	 135.77 	1 	135.29 	0.48 	0 	-3 
17200	 145.92 	0 	141.67 	4.25 	0 	4.25 
17300	 130.08 	0 	134.72 	4.64 	0 	4.64 
17400	 129.72 	1 	131.72 	2.00 	0 	-3 
17500	 128.74 	1 	129.93 	1.19 	0 	-3 
17600	 126.70 	1 	127.99 	1.29 	0 	-3 
17700	 133.10 	1 	131.06 	2.04 	0 	-3 
17800	 123.67 	1 	126.62 	2.95 	0 	-3 
17900	 127.94 	1 	127.41 	0.53 	0 	-3 
18000	 124.29 	1 	125.54 	1.25 	0 	-3 
18100	 124.29 	1 	124.79 	0.50 	0 	-3 
18200	 124.29 	1 	124.79 	0.50 	1 	-3 
18300	 124.92 	1 	124.87 	0.05 	0 	-3 
18400	 126.79 	1 	126.02 	0.77 	0 	-3 
18500	 129.45 	1 	128.08 	1.37 	0 	-3 
18600	 141.20 	0 	135.95 	5.25 	0 	5.25 
18700	 144.49 	0 	141.07 	3.42 	0 	3.42 
18800	 136.84 	1 	138.53 	1.69 	0 	-3 
18900	 137.46 	1 	137.89 	0.43 	0 	-3 
19000	 138.62 	1 	138.33 	0.29 	0 	-3 
19100	 145.92 	0 	142.88 	3.04 	0 	3.04 
19200	 145.92 	0 	142.88 	3.04 	1 	3.04 
19300	 147.96 	1 	145.93 	2.03 	0 	-3 
19400	 145.21 	1 	145.50 	0.29 	0 	-3 
19500	 145.21 	1 	145.50 	0.29 	1 	-3 
19600	 148.32 	1 	147.19 	1.13 	0 	-3 
19700	 154.10 	1 	151.34 	2.76 	0 	-3 
19800	 143.69 	0 	146.75 	3.06 	0 	3.06 
19900	 151.26 	1 	149.46 	1.80 	0 	-3 
20000	 141.29 	0 	144.56 	3.27 	0 	3.27 
20100	 141.29 	0 	144.56 	3.27 	1 	3.27 
20200	 146.54 	1 	145.75 	0.79 	0 	-3 
20300	 147.34 	1 	146.70 	0.64 	0 	-3 
20400	 134.08 	0 	139.13 	5.05 	0 	5.05 
20500	 148.68 	0 	144.86 	3.82 	0 	3.82 
20600	 167.54 	0 	158.47 	9.07 	0 	9.07 
20700	 153.04 	1 	155.21 	2.17 	0 	-3 
20800	 147.96 	1 	150.86 	2.90 	0 	-3 
20900	 145.03 	1 	147.36 	2.33 	0 	-3 
21000	 154.55 	1 	151.67 	2.88 	0 	-3 
21100	 163.89 	0 	159.00 	4.89 	0 	4.89 
21200	 159.80 	1 	159.48 	0.32 	0 	-3 
21300	 140.40 	0 	148.03 	7.63 	0 	7.63 
21400	 140.40 	0 	148.03 	7.63 	1 	7.63 
21500	 123.23 	0 	133.15 	9.92 	0 	9.92 
21600	 128.65 	1 	130.45 	1.80 	0 	-3 
21700	 128.65 	1 	130.45 	1.80 	1 	-3 
21800	 140.49 	0 	136.47 	4.02 	0 	4.02 
21900	 140.49 	0 	136.47 	4.02 	1 	4.02 
22000	 140.49 	0 	136.47 	4.02 	2 	4.02 
22100	 145.56 	0 	141.93 	3.63 	0 	3.63 
22200	 141.91 	1 	141.92 	0.01 	0 	-3 
22300	 154.99 	0 	149.76 	5.23 	0 	5.23 
22400	 146.27 	1 	147.67 	1.40 	0 	-3 
22500	 149.57 	1 	148.81 	0.76 	0 	-3 
22600	 155.62 	1 	152.90 	2.72 	0 	-3 
22700	 161.49 	0 	158.05 	3.44 	0 	3.44 
22800	 169.77 	0 	165.08 	4.69 	0 	4.69 
22900	 174.66 	0 	170.83 	3.83 	0 	3.83 
23000	 180.80 	0 	176.81 	3.99 	0 	3.99 
23100	 192.99 	0 	186.52 	6.47 	0 	6.47 
23200	 199.93 	0 	194.57 	5.36 	0 	5.36 
23300	 188.72 	1 	191.06 	2.34 	0 	-3 
23400	 188.72 	1 	191.06 	2.34 	1 	-3 
23500	 188.72 	0 	191.06 	2.34 	2 	-2 
23600	 188.72 	0 	191.06 	2.34 	3 	-2 
23700	 253.50 	0 	228.52 	24.98 	3 	24.98 
23800	 268.45 	0 	252.48 	15.97 	0 	15.97 
23900	 256.62 	0 	254.96 	1.66 	0 	-1 
24000	 260.80 	0 	258.47 	2.33 	0 	-2 
24100	 265.43 	0 	262.64 	2.79 	0 	-2 
24200	 282.42 	0 	274.51 	7.91 	0 	7.91 
24300	 266.50 	0 	269.70 	3.20 	0 	3.20 
24400	 266.50 	1 	267.78 	1.28 	0 	-3 
24500	 269.88 	1 	269.04 	0.84 	0 	-3 
24600	 269.88 	1 	269.04 	0.84 	1 	-3 
24700	 280.65 	0 	276.01 	4.64 	0 	4.64 
24800	 266.85 	0 	270.51 	3.66 	0 	3.66 
24900	 268.28 	1 	269.17 	0.89 	0 	-3 
25000	 270.41 	1 	269.92 	0.49 	0 	-3 
25100	 288.92 	0 	281.32 	7.60 	0 	7.60 
25200	 288.39 	1 	285.56 	2.83 	0 	-3 
25300	 288.39 	1 	285.56 	2.83 	1 	-3 
25400	 282.07 	1 	283.47 	1.40 	0 	-3 
25500	 273.17 	0 	277.29 	4.12 	0 	4.12 
25600	 273.17 	0 	277.29 	4.12 	1 	4.12 
25700	 273.17 	0 	277.29 	4.12 	2 	4.12 
25800	 273.17 	0 	277.29 	4.12 	3 	4.12 
25900	 230.99 	0 	249.51 	18.52 	3 	18.52 
26000	 226.45 	0 	235.67 	9.22 	0 	9.22 
26100	 221.82 	0 	227.36 	5.54 	0 	5.54 
26200	 207.05 	0 	215.17 	8.12 	0 	8.12 
26300	 206.25 	0 	209.82 	3.57 	0 	3.57 
26400	 206.25 	0 	209.82 	3.57 	1 	3.57 
26500	 206.25 	0 	209.82 	3.57 	2 	3.57 
26600	 206.25 	0 	209.82 	3.57 	3 	3.57 
26700	 176.62 	0 	189.90 	13.28 	3 	13.28 
26800	 176.80 	0 	182.04 	5.24 	0 	5.24 
26900	 180.44 	1 	181.08 	0.64 	0 	-3 
27000	 186.76 	1 	184.49 	2.27 	0 	-3 
27100	 187.47 	1 	186.28 	1.19 	0 	-3 
27200	 192.90 	1 	190.25 	2.65 	0 	-3 
27300	 180.09 	0 	184.15 	4.06 	0 	4.06 
27400	 180.09 	0 	184.15 	4.06 	1 	4.06 
27500	 180.09 	0 	184.15 	4.06 	2 	4.06 
27600	 180.09 	0 	184.15 	4.06 	3 	4.06 
27700	 209.10 	0 	199.12 	9.98 	3 	9.98 
27800	 208.48 	0 	204.74 	3.74 	0 	3.74 
27900	 205.01 	1 	204.90 	0.11 	0 	-3 
28000	 205.09 	1 	205.01 	0.08 	0 	-3 
28100	 190.06 	0 	196.04 	5.98 	0 	5.98 
28200	 183.74 	0 	188.66 	4.92 	0 	4.92 
28300	 194.95 	1 	192.43 	2.52 	0 	-3 
28400	 213.73 	0 	205.21 	8.52 	0 	8.52 
28500	 205.18 	1 	205.19 	0.01 	0 	-3 
28600	 201.00 	1 	202.68 	1.68 	0 	-3 
28700	 201.00 	1 	202.68 	1.68 	1 	-3 
28800	 196.37 	1 	198.89 	2.52 	0 	-3 
28900	 199.04 	1 	198.98 	0.06 	0 	-3 
29000	 199.04 	1 	198.98 	0.06 	1 	-3 
29100	 200.11 	1 	199.66 	0.45 	0 	-3 
29200	 200.11 	1 	199.66 	0.45 	1 	-3 
29300	 206.25 	1 	203.61 	2.64 	0 	-3 
29400	 206.25 	1 	203.61 	2.64 	1 	-3 
29500	 206.25 	1 	203.61 	2.64 	2 	-3 
29600	 206.25 	1 	203.61 	2.64 	3 	-3 
29700	 268.19 	0 	242.36 	25.83 	3 	25.83 
29800	 266.23 	0 	256.68 	9.55 	0 	9.55 
29900	 265.70 	0 	262.09 	3.61 	0 	3.61 
30000	 254.84 	1 	257.74 	2.90 	0 	-3 
30100	 257.15 	1 	257.39 	0.24 	0 	-3 
