#Time(ms)	 Value 	 Validity 	 avgValue 	 Diff 	 Outliers 	 invalidReason 
200	 -1.00 	0 	0.00 	1.00 	1 	0 
300	 -1.00 	0 	0.00 	1.00 	2 	0 
400	 -1.00 	0 	0.00 	1.00 	3 	0 
500	 133.82 	0 	80.29 	53.53 	3 	53.53 
600	 115.93 	0 	101.67 	14.26 	0 	14.26 
700	 120.20 	0 	112.79 	7.41 	0 	7.41 
800	 120.20 	0 	112.79 	7.41 	1 	7.41 
900	 138.26 	0 	128.07 	10.19 	0 	10.19 
1000	 139.96 	0 	135.20 	4.76 	0 	4.76 
1100	 122.07 	0 	127.32 	5.25 	0 	5.25 
1200	 120.38 	0 	123.16 	2.78 	0 	-1 
1300	 105.25 	0 	112.41 	7.16 	0 	7.16 
1400	 105.25 	0 	112.41 	7.16 	1 	7.16 
1500	 111.75 	0 	112.02 	0.27 	0 	-1 
1600	 120.20 	0 	116.93 	3.27 	0 	3.27 
1700	 120.20 	0 	116.93 	3.27 	1 	3.27 
1800	 138.00 	0 	129.57 	8.43 	0 	8.43 
1900	 138.00 	0 	129.57 	8.43 	1 	8.43 
2000	 118.69 	0 	123.04 	4.35 	0 	4.35 
2100	 136.75 	0 	131.27 	5.48 	0 	5.48 
2200	 133.73 	0 	132.74 	0.99 	0 	-1 
2300	 133.73 	0 	132.74 	0.99 	1 	-1 
2400	 133.73 	0 	132.74 	0.99 	2 	-1 
2500	 133.73 	0 	132.74 	0.99 	3 	-1 
2600	 128.48 	1 	130.19 	1.71 	0 	-3 
2700	 128.12 	1 	128.95 	0.83 	0 	-3 
2800	 125.09 	1 	126.63 	1.54 	0 	-3 
2900	 127.23 	1 	126.99 	0.24 	0 	-3 
3000	 125.27 	1 	125.96 	0.69 	0 	-3 
3100	 124.56 	1 	125.12 	0.56 	0 	-3 
3200	 119.93 	1 	122.01 	2.08 	0 	-3 
3300	 126.87 	1 	124.92 	1.95 	0 	-3 
3400	 125.45 	1 	125.24 	0.21 	0 	-3 
3500	 126.96 	1 	126.27 	0.69 	0 	-3 
3600	 126.61 	1 	126.47 	0.14 	0 	-3 
3700	 129.90 	1 	128.53 	1.37 	0 	-3 
3800	 128.65 	1 	128.60 	0.05 	0 	-3 
3900	 128.74 	1 	128.68 	0.06 	0 	-3 
4000	 129.28 	1 	129.04 	0.24 	0 	-3 
4100	 127.14 	1 	127.90 	0.76 	0 	-3 
4200	 126.96 	1 	127.34 	0.38 	0 	-3 
4300	 125.63 	1 	126.31 	0.68 	0 	-3 
4400	 125.63 	1 	126.31 	0.68 	1 	-3 
4500	 125.72 	1 	125.96 	0.24 	0 	-3 
4600	 129.28 	1 	127.95 	1.33 	0 	-3 
4700	 128.57 	1 	128.32 	0.25 	0 	-3 
4800	 128.74 	1 	128.57 	0.17 	0 	-3 
4900	 129.63 	1 	129.21 	0.42 	0 	-3 
5000	 131.59 	1 	130.64 	0.95 	0 	-3 
5100	 132.30 	1 	131.63 	0.67 	0 	-3 
5200	 127.23 	1 	128.99 	1.76 	0 	-3 
5300	 132.12 	1 	130.87 	1.25 	0 	-3 
5400	 130.97 	1 	130.93 	0.04 	0 	-3 
5500	 131.68 	1 	131.38 	0.30 	0 	-3 
5600	 130.97 	1 	131.13 	0.16 	0 	-3 
5700	 122.87 	0 	126.18 	3.31 	0 	3.31 
5800	 120.56 	1 	122.81 	2.25 	0 	-3 
5900	 126.25 	1 	124.87 	1.38 	0 	-3 
6000	 123.85 	1 	124.26 	0.41 	0 	-3 
6100	 106.76 	0 	113.76 	7.00 	0 	7.00 
6200	 124.56 	0 	120.24 	4.32 	0 	4.32 
6300	 124.56 	0 	120.24 	4.32 	1 	4.32 
6400	 124.56 	0 	120.24 	4.32 	2 	4.32 
6500	 112.73 	0 	115.73 	3.00 	0 	3.00 
6600	 110.06 	1 	112.33 	2.27 	0 	-3 
6700	 110.06 	1 	112.33 	2.27 	1 	-3 
6800	 106.05 	1 	108.56 	2.51 	0 	-3 
6900	 115.57 	1 	112.77 	2.80 	0 	-3 
7000	 115.57 	1 	112.77 	2.80 	1 	-3 
7100	 132.04 	0 	124.33 	7.71 	0 	7.71 
7200	 135.15 	0 	130.82 	4.33 	0 	4.33 
7300	 150.90 	0 	142.87 	8.03 	0 	8.03 
7400	 150.90 	0 	142.87 	8.03 	1 	8.03 
7500	 136.31 	1 	138.93 	2.62 	0 	-3 
7600	 136.31 	1 	138.93 	2.62 	1 	-3 
7700	 136.31 	1 	138.93 	2.62 	2 	-3 
7800	 136.31 	1 	138.93 	2.62 	3 	-3 
7900	 144.94 	1 	142.54 	2.40 	0 	-3 
8000	 144.76 	1 	143.87 	0.89 	0 	-3 
8100	 142.27 	1 	142.91 	0.64 	0 	-3 
8200	 138.44 	1 	140.23 	1.79 	0 	-3 
8300	 142.09 	1 	141.35 	0.74 	0 	-3 
8400	 142.09 	1 	141.35 	0.74 	1 	-3 
8500	 150.28 	0 	146.71 	3.57 	0 	3.57 
8600	 150.28 	0 	146.71 	3.57 	1 	3.57 
8700	 150.28 	0 	146.71 	3.57 	2 	3.57 
8800	 146.81 	1 	146.77 	0.04 	0 	-3 
8900	 146.81 	1 	146.77 	0.04 	1 	-3 
9000	 149.03 	1 	148.13 	0.90 	0 	-3 
9100	 141.74 	1 	144.29 	2.55 	0 	-3 
9200	 154.02 	0 	150.13 	3.89 	0 	3.89 
9300	 154.02 	0 	150.13 	3.89 	1 	3.89 
9400	 154.02 	0 	150.13 	3.89 	2 	3.89 
9500	 154.02 	0 	150.13 	3.89 	3 	3.89 
9600	 106.23 	0 	123.79 	17.56 	3 	17.56 
9700	 152.32 	0 	140.91 	11.41 	3 	11.41 
9800	 138.00 	1 	139.16 	1.16 	0 	-3 
9900	 148.50 	0 	144.77 	3.73 	0 	3.73 
10000	 148.50 	0 	144.77 	3.73 	1 	3.73 
10100	 148.50 	0 	144.77 	3.73 	2 	3.73 
10200	 148.50 	0 	144.77 	3.73 	3 	3.73 
10300	 126.61 	0 	133.87 	7.26 	3 	7.26 
10400	 86.03 	0 	105.17 	19.14 	3 	19.14 
10500	 104.45 	1 	104.74 	0.29 	0 	-3 
10600	 91.99 	0 	97.09 	5.10 	0 	5.10 
10700	 91.99 	0 	97.09 	5.10 	1 	5.10 
10800	 91.99 	0 	97.09 	5.10 	2 	5.10 
10900	 91.99 	0 	97.09 	5.10 	3 	5.10 
11000	 106.67 	0 	102.84 	3.83 	0 	3.83 
11100	 106.67 	0 	102.84 	3.83 	1 	3.83 
11200	 106.67 	0 	102.84 	3.83 	2 	3.83 
11300	 106.67 	0 	102.84 	3.83 	3 	3.83 
11400	 106.41 	1 	104.98 	1.43 	0 	-3 
11500	 106.41 	1 	104.98 	1.43 	1 	-3 
11600	 126.16 	0 	117.69 	8.47 	0 	8.47 
11700	 144.05 	0 	133.51 	10.54 	0 	10.54 
11800	 131.86 	1 	132.52 	0.66 	0 	-3 
11900	 131.86 	1 	132.52 	0.66 	1 	-3 
12000	 149.12 	0 	142.48 	6.64 	0 	6.64 
12100	 149.12 	0 	142.48 	6.64 	1 	6.64 
12200	 138.98 	1 	140.38 	1.40 	0 	-3 
12300	 144.32 	1 	142.74 	1.58 	0 	-3 
12400	 144.32 	1 	142.74 	1.58 	1 	-3 
12500	 140.22 	1 	141.23 	1.01 	0 	-3 
12600	 139.87 	1 	140.41 	0.54 	0 	-3 
12700	 139.42 	1 	139.82 	0.40 	0 	-3 
12800	 139.33 	1 	139.53 	0.20 	0 	-3 
12900	 140.31 	1 	140.00 	0.31 	0 	-3 
13000	 127.14 	0 	132.28 	5.14 	0 	5.14 
13100	 138.44 	1 	135.98 	2.46 	0 	-3 
13200	 127.94 	0 	131.15 	3.21 	0 	3.21 
13300	 113.88 	0 	120.79 	6.91 	0 	6.91 
13400	 113.88 	0 	120.79 	6.91 	1 	6.91 
13500	 118.78 	1 	119.58 	0.80 	0 	-3 
13600	 118.78 	1 	119.58 	0.80 	1 	-3 
13700	 112.99 	1 	115.63 	2.64 	0 	-3 
13800	 112.99 	1 	115.63 	2.64 	1 	-3 
13900	 105.16 	0 	109.35 	4.19 	0 	4.19 
14000	 105.16 	0 	109.35 	4.19 	1 	4.19 
14100	 121.45 	0 	116.61 	4.84 	0 	4.84 
14200	 105.61 	0 	110.01 	4.40 	0 	4.40 
14300	 105.61 	0 	110.01 	4.40 	1 	4.40 
14400	 112.64 	1 	111.59 	1.05 	0 	-3 
14500	 112.64 	1 	111.59 	1.05 	1 	-3 
14600	 101.60 	0 	105.60 	4.00 	0 	4.00 
14700	 101.60 	0 	105.60 	4.00 	1 	4.00 
14800	 101.60 	0 	105.60 	4.00 	2 	4.00 
14900	 101.60 	0 	105.60 	4.00 	3 	4.00 
15000	 121.27 	0 	115.00 	6.27 	0 	6.27 
15100	 121.27 	0 	115.00 	6.27 	1 	6.27 
15200	 110.32 	1 	112.19 	1.87 	0 	-3 
15300	 104.63 	0 	107.65 	3.02 	0 	3.02 
15400	 104.63 	0 	107.65 	3.02 	1 	3.02 
15500	 104.63 	0 	107.65 	3.02 	2 	3.02 
15600	 118.60 	0 	114.22 	4.38 	0 	4.38 
15700	 118.60 	0 	114.22 	4.38 	1 	4.38 
15800	 106.05 	0 	109.32 	3.27 	0 	3.27 
15900	 106.05 	0 	109.32 	3.27 	1 	3.27 
16000	 106.05 	0 	109.32 	3.27 	2 	3.27 
16100	 106.05 	0 	109.32 	3.27 	3 	3.27 
16200	 103.65 	1 	105.92 	2.27 	0 	-3 
16300	 103.56 	1 	104.50 	0.94 	0 	-3 
16400	 103.56 	1 	104.50 	0.94 	1 	-3 
16500	 103.56 	1 	104.50 	0.94 	2 	-3 
16600	 103.56 	1 	104.50 	0.94 	3 	-3 
16700	 137.02 	0 	124.01 	13.01 	3 	13.01 
16800	 75.35 	0 	94.82 	19.47 	3 	19.47 
16900	 74.02 	0 	82.34 	8.32 	0 	8.32 
17000	 74.02 	0 	82.34 	8.32 	1 	8.32 
17100	 74.02 	0 	82.34 	8.32 	2 	8.32 
17200	 74.02 	0 	82.34 	8.32 	3 	8.32 
17300	 134.17 	0 	113.44 	20.73 	3 	20.73 
17400	 151.79 	0 	136.45 	15.34 	0 	15.34 
17500	 151.79 	0 	136.45 	15.34 	1 	15.34 
17600	 154.55 	0 	147.31 	7.24 	0 	7.24 
17700	 142.09 	1 	144.18 	2.09 	0 	-3 
17800	 156.60 	0 	151.63 	4.97 	0 	4.97 
17900	 158.55 	1 	155.78 	2.77 	0 	-3 
18000	 157.84 	1 	157.02 	0.82 	0 	-3 
18100	 158.46 	1 	157.88 	0.58 	0 	-3 
18200	 158.46 	1 	157.88 	0.58 	1 	-3 
18300	 158.46 	1 	157.88 	0.58 	2 	-3 
18400	 158.46 	1 	157.88 	0.58 	3 	-3 
18500	 140.22 	0 	147.29 	7.07 	0 	7.07 
18600	 153.93 	1 	151.27 	2.66 	0 	-3 
18700	 150.55 	1 	150.84 	0.29 	0 	-3 
18800	 146.54 	1 	148.26 	1.72 	0 	-3 
18900	 146.54 	1 	148.26 	1.72 	1 	-3 
19000	 140.67 	0 	143.71 	3.04 	0 	3.04 
19100	 140.67 	0 	143.71 	3.04 	1 	3.04 
19200	 140.67 	0 	143.71 	3.04 	2 	3.04 
19300	 134.53 	0 	138.20 	3.67 	0 	3.67 
19400	 134.53 	0 	138.20 	3.67 	1 	3.67 
19500	 134.88 	1 	136.21 	1.33 	0 	-3 
19600	 135.95 	1 	136.05 	0.10 	0 	-3 
19700	 135.95 	1 	136.05 	0.10 	1 	-3 
19800	 135.95 	1 	136.05 	0.10 	2 	-3 
19900	 135.95 	1 	136.05 	0.10 	3 	-3 
20000	 97.69 	0 	113.04 	15.35 	3 	15.35 
20100	 108.36 	1 	110.23 	1.87 	0 	-3 
20200	 108.36 	1 	110.23 	1.87 	1 	-3 
20300	 93.06 	0 	99.93 	6.87 	0 	6.87 
20400	 111.03 	0 	106.59 	4.44 	0 	4.44 
20500	 109.79 	1 	108.51 	1.28 	0 	-3 
20600	 109.79 	1 	108.51 	1.28 	1 	-3 
20700	 109.79 	1 	108.51 	1.28 	2 	-3 
20800	 109.79 	1 	108.51 	1.28 	3 	-3 
20900	 108.36 	1 	108.42 	0.06 	0 	-3 
21000	 108.10 	1 	108.23 	0.13 	0 	-3 
21100	 108.10 	1 	108.23 	0.13 	1 	-3 
21200	 108.10 	1 	108.23 	0.13 	2 	-3 
21300	 108.10 	1 	108.23 	0.13 	3 	-3 
21400	 84.69 	0 	94.11 	9.42 	3 	9.42 
21500	 212.12 	0 	164.91 	47.21 	3 	47.21 
21600	 165.94 	1 	165.53 	0.41 	3 	-3 
21700	 158.46 	1 	161.29 	2.83 	0 	-3 
21800	 152.06 	0 	155.75 	3.69 	0 	3.69 
21900	 152.06 	0 	155.75 	3.69 	1 	3.69 
22000	 152.06 	0 	155.75 	3.69 	2 	3.69 
22100	 150.55 	1 	152.63 	2.08 	0 	-3 
22200	 150.55 	1 	152.63 	2.08 	1 	-3 
22300	 152.95 	1 	152.82 	0.13 	0 	-3 
22400	 154.55 	1 	153.86 	0.69 	0 	-3 
22500	 140.31 	0 	145.73 	5.42 	0 	5.42 
22600	 153.13 	1 	150.17 	2.96 	0 	-3 
22700	 162.91 	0 	157.81 	5.10 	0 	5.10 
22800	 166.38 	0 	162.95 	3.43 	0 	3.43 
22900	 153.48 	0 	157.27 	3.79 	0 	3.79 
23000	 153.48 	0 	157.27 	3.79 	1 	3.79 
23100	 158.82 	1 	158.20 	0.62 	0 	-3 
23200	 151.35 	1 	154.09 	2.74 	0 	-3 
23300	 157.31 	1 	156.02 	1.29 	0 	-3 
23400	 157.31 	1 	156.02 	1.29 	1 	-3 
23500	 157.31 	0 	156.02 	1.29 	2 	-2 
23600	 157.31 	0 	156.02 	1.29 	3 	-2 
23700	 130.70 	0 	140.83 	10.13 	3 	10.13 
23800	 107.03 	0 	120.55 	13.52 	3 	13.52 
23900	 105.70 	0 	111.64 	5.94 	0 	5.94 
24000	 102.05 	0 	105.89 	3.84 	0 	3.84 
24100	 99.73 	0 	102.19 	2.46 	0 	-2 
24200	 101.07 	0 	101.52 	0.45 	0 	-2 
24300	 98.75 	1 	99.86 	1.11 	0 	-3 
24400	 99.91 	1 	99.89 	0.02 	0 	-3 
24500	 98.84 	1 	99.26 	0.42 	0 	-3 
24600	 100.53 	1 	100.02 	0.51 	0 	-3 
24700	 99.56 	1 	99.74 	0.18 	0 	-3 
24800	 100.18 	1 	100.01 	0.17 	0 	-3 
24900	 98.84 	1 	99.31 	0.47 	0 	-3 
25000	 100.00 	1 	99.72 	0.28 	0 	-3 
25100	 98.31 	1 	98.88 	0.57 	0 	-3 
25200	 99.29 	1 	99.12 	0.17 	0 	-3 
25300	 98.84 	1 	98.95 	0.11 	0 	-3 
25400	 99.29 	1 	99.16 	0.13 	0 	-3 
25500	 98.49 	1 	98.76 	0.27 	0 	-3 
25600	 98.49 	1 	98.60 	0.11 	0 	-3 
25700	 101.16 	1 	100.13 	1.03 	0 	-3 
25800	 99.47 	1 	99.74 	0.27 	0 	-3 
25900	 99.29 	1 	99.47 	0.18 	0 	-3 
26000	 97.95 	1 	98.56 	0.61 	0 	-3 
26100	 98.04 	1 	98.25 	0.21 	0 	-3 
26200	 101.07 	1 	99.94 	1.13 	0 	-3 
26300	 101.07 	1 	100.62 	0.45 	0 	-3 
26400	 99.38 	1 	99.88 	0.50 	0 	-3 
26500	 100.00 	1 	99.95 	0.05 	0 	-3 
26600	 99.91 	1 	99.93 	0.02 	0 	-3 
26700	 101.07 	1 	100.61 	0.46 	0 	-3 
26800	 98.49 	1 	99.34 	0.85 	0 	-3 
26900	 100.98 	1 	100.32 	0.66 	0 	-3 
27000	 101.07 	1 	100.77 	0.30 	0 	-3 
27100	 99.38 	1 	99.94 	0.56 	0 	-3 
27200	 98.49 	1 	99.07 	0.58 	0 	-3 
27300	 99.11 	1 	99.09 	0.02 	0 	-3 
27400	 99.38 	1 	99.27 	0.11 	0 	-3 
27500	 99.47 	1 	99.39 	0.08 	0 	-3 
27600	 100.44 	1 	100.02 	0.42 	0 	-3 
27700	 99.38 	1 	99.64 	0.26 	0 	-3 
27800	 101.16 	1 	100.55 	0.61 	0 	-3 
27900	 100.18 	1 	100.33 	0.15 	0 	-3 
28000	 101.07 	1 	100.77 	0.30 	0 	-3 
28100	 101.07 	1 	100.95 	0.12 	0 	-3 
28200	 100.62 	1 	100.75 	0.13 	0 	-3 
28300	 101.16 	1 	101.00 	0.16 	0 	-3 
28400	 100.53 	1 	100.72 	0.19 	0 	-3 
28500	 99.11 	1 	99.75 	0.64 	0 	-3 
28600	 101.07 	1 	100.54 	0.53 	0 	-3 
28700	 98.31 	1 	99.20 	0.89 	0 	-3 
28800	 99.64 	1 	99.47 	0.17 	0 	-3 
28900	 100.62 	1 	100.16 	0.46 	0 	-3 
29000	 100.44 	1 	100.33 	0.11 	0 	-3 
29100	 100.62 	1 	100.50 	0.12 	0 	-3 
29200	 100.53 	1 	100.52 	0.01 	0 	-3 
29300	 99.64 	1 	99.99 	0.35 	0 	-3 
29400	 100.62 	1 	100.37 	0.25 	0 	-3 
29500	 99.91 	1 	100.09 	0.18 	0 	-3 
29600	 100.53 	1 	100.36 	0.17 	0 	-3 
29700	 99.47 	1 	99.82 	0.35 	0 	-3 
29800	 97.95 	1 	98.70 	0.75 	0 	-3 
29900	 98.58 	1 	98.63 	0.05 	0 	-3 
30000	 99.91 	1 	99.40 	0.51 	0 	-3 
30100	 101.07 	1 	100.40 	0.67 	0 	-3 
