#Time(ms)	 Value 	 Validity 	 avgValue 	 Diff 	 Outliers 	 invalidReason	 SD 
200	 -1.00 	0 	0.00 	1.00 	1 	0	 0.00	 0.00 
300	 46.61 	0 	23.30 	23.30 	1 	23.30	 4.76	 32.63 
400	 42.78 	1 	33.04 	9.74 	0 	-3	 4.67	 39.73 
500	 42.96 	1 	38.00 	4.96 	0 	-3	 4.22	 41.99 
600	 43.40 	1 	40.70 	2.70 	0 	-3	 3.84	 42.98 
700	 32.90 	1 	36.80 	3.90 	0 	-3	 4.51	 35.92 
800	 47.41 	1 	42.11 	5.30 	0 	-3	 5.51	 43.96 
900	 46.43 	1 	44.27 	2.16 	0 	-3	 5.05	 45.69 
1000	 32.90 	1 	38.58 	5.68 	0 	-3	 5.90	 36.74 
1100	 33.17 	1 	35.88 	2.71 	0 	-3	 5.34	 34.24 
1200	 43.23 	1 	39.55 	3.68 	0 	-3	 5.81	 40.53 
1300	 46.43 	1 	42.99 	3.44 	0 	-3	 5.55	 44.66 
1400	 32.90 	1 	37.95 	5.05 	0 	-3	 6.35	 36.43 
1500	 32.90 	1 	37.95 	5.05 	1 	-3	 6.35	 36.43 
1600	 50.17 	1 	44.06 	6.11 	1 	-3	 7.44	 46.05 
1700	 33.62 	1 	38.84 	5.22 	0 	-3	 8.35	 37.35 
1800	 40.20 	1 	39.52 	0.68 	0 	-3	 8.17	 39.34 
1900	 33.62 	1 	36.57 	2.95 	0 	-3	 8.01	 35.34 
2000	 43.14 	1 	39.85 	3.29 	0 	-3	 8.17	 40.80 
2100	 46.70 	1 	43.28 	3.42 	0 	-3	 7.70	 44.93 
2200	 47.32 	1 	45.30 	2.02 	0 	-3	 7.00	 46.60 
2300	 46.43 	1 	45.86 	0.57 	0 	-3	 6.39	 46.48 
2400	 33.53 	1 	39.70 	6.17 	0 	-3	 7.04	 37.42 
2500	 33.53 	1 	39.70 	6.17 	1 	-3	 7.04	 37.42 
2600	 49.72 	1 	44.71 	5.01 	1 	-3	 7.95	 46.03 
2700	 33.79 	1 	39.25 	5.46 	0 	-3	 8.75	 37.46 
2800	 42.60 	1 	40.92 	1.68 	0 	-3	 8.76	 41.06 
2900	 46.52 	1 	43.72 	2.80 	0 	-3	 8.27	 44.88 
3000	 42.51 	1 	43.12 	0.61 	0 	-3	 7.85	 43.22 
3100	 33.35 	1 	38.23 	4.88 	0 	-3	 7.98	 36.31 
3200	 36.64 	1 	37.44 	0.80 	0 	-3	 7.51	 36.54 
3300	 50.17 	1 	43.80 	6.37 	0 	-3	 8.11	 46.08 
3400	 50.52 	1 	47.16 	3.36 	0 	-3	 7.33	 49.19 
3500	 33.88 	1 	40.52 	6.64 	0 	-3	 8.27	 38.47 
3600	 42.96 	1 	41.74 	1.22 	0 	-3	 8.35	 41.61 
3700	 46.70 	1 	44.22 	2.48 	0 	-3	 7.89	 45.17 
3800	 42.60 	1 	43.41 	0.81 	0 	-3	 7.51	 43.37 
3900	 42.69 	1 	43.05 	0.36 	0 	-3	 6.77	 42.89 
4000	 42.78 	1 	42.92 	0.14 	0 	-3	 6.10	 42.81 
4100	 33.44 	1 	38.18 	4.74 	0 	-3	 6.42	 36.25 
4200	 33.53 	1 	35.85 	2.32 	0 	-3	 5.79	 34.35 
4300	 46.25 	1 	41.05 	5.20 	0 	-3	 6.48	 42.68 
4400	 46.96 	1 	44.01 	2.95 	0 	-3	 5.91	 45.68 
4500	 33.26 	1 	38.63 	5.37 	0 	-3	 6.68	 36.98 
4600	 33.26 	1 	38.63 	5.37 	1 	-3	 6.68	 36.98 
4700	 33.62 	1 	36.13 	2.51 	0 	-3	 6.05	 34.63 
4800	 42.87 	1 	39.50 	3.37 	0 	-3	 6.37	 40.40 
4900	 33.97 	1 	36.73 	2.76 	0 	-3	 6.62	 35.90 
5000	 43.31 	1 	40.02 	3.29 	0 	-3	 6.90	 41.09 
5100	 50.52 	1 	45.27 	5.25 	0 	-3	 6.93	 47.69 
5200	 32.81 	1 	39.04 	6.23 	0 	-3	 8.01	 37.27 
5300	 42.60 	1 	40.82 	1.78 	0 	-3	 8.18	 41.00 
5400	 33.44 	1 	37.13 	3.69 	0 	-3	 8.28	 35.71 
5500	 33.53 	1 	35.33 	1.80 	0 	-3	 7.46	 34.18 
5600	 33.97 	1 	34.65 	0.68 	0 	-3	 6.76	 34.03 
5700	 33.97 	1 	34.65 	0.68 	1 	-3	 6.76	 34.03 
5800	 42.16 	1 	38.41 	3.75 	0 	-3	 6.90	 39.72 
5900	 42.87 	1 	40.64 	2.23 	0 	-3	 6.28	 41.93 
6000	 42.78 	1 	41.71 	1.07 	0 	-3	 5.66	 42.52 
6100	 42.69 	1 	42.20 	0.49 	0 	-3	 5.11	 42.64 
6200	 43.05 	1 	42.62 	0.43 	0 	-3	 4.63	 42.93 
6300	 50.52 	1 	46.57 	3.95 	0 	-3	 4.92	 48.24 
6400	 40.56 	1 	43.57 	3.01 	0 	-3	 5.42	 42.86 
6500	 50.52 	1 	47.04 	3.48 	0 	-3	 5.87	 48.22 
6600	 33.35 	1 	40.20 	6.85 	0 	-3	 7.00	 37.81 
6700	 33.35 	1 	40.20 	6.85 	1 	-3	 7.00	 37.81 
6800	 33.53 	1 	36.86 	3.33 	0 	-3	 6.32	 34.81 
6900	 33.53 	1 	35.20 	1.67 	0 	-3	 5.69	 33.92 
7000	 33.53 	1 	35.20 	1.67 	1 	-3	 5.69	 33.92 
7100	 33.53 	1 	34.36 	0.83 	0 	-3	 5.12	 33.65 
7200	 33.53 	1 	34.36 	0.83 	1 	-3	 5.12	 33.65 
7300	 47.32 	1 	40.84 	6.48 	1 	-3	 5.99	 43.22 
7400	 50.08 	1 	45.46 	4.62 	0 	-3	 5.66	 48.02 
7500	 42.51 	1 	43.99 	1.48 	0 	-3	 5.86	 44.16 
7600	 50.08 	1 	47.03 	3.05 	0 	-3	 6.03	 48.31 
7700	 33.53 	1 	40.28 	6.75 	0 	-3	 7.08	 37.96 
7800	 47.32 	1 	43.80 	3.52 	0 	-3	 7.75	 44.51 
7900	 33.62 	1 	38.71 	5.09 	0 	-3	 8.35	 36.89 
8000	 33.62 	1 	38.71 	5.09 	1 	-3	 8.35	 36.89 
8100	 43.31 	1 	41.01 	2.30 	0 	-3	 8.48	 41.38 
8200	 33.79 	1 	37.40 	3.61 	0 	-3	 8.58	 36.07 
8300	 42.60 	1 	40.00 	2.60 	0 	-3	 8.61	 40.64 
8400	 43.05 	1 	41.53 	1.52 	0 	-3	 7.79	 42.33 
8500	 37.09 	1 	39.31 	2.22 	0 	-3	 7.61	 38.66 
8600	 42.96 	1 	41.13 	1.83 	0 	-3	 7.43	 41.67 
8700	 33.35 	1 	37.24 	3.89 	0 	-3	 7.65	 35.85 
8800	 33.35 	1 	37.24 	3.89 	1 	-3	 7.65	 35.85 
8900	 36.20 	1 	36.72 	0.52 	0 	-3	 7.17	 36.09 
9000	 43.14 	1 	39.93 	3.21 	0 	-3	 7.15	 41.03 
9100	 32.81 	1 	36.37 	3.56 	0 	-3	 7.47	 35.27 
9200	 36.28 	1 	36.33 	0.05 	0 	-3	 7.07	 35.98 
9300	 49.63 	1 	42.98 	6.65 	0 	-3	 7.70	 45.53 
9400	 43.14 	1 	43.06 	0.08 	0 	-3	 7.57	 43.86 
9500	 33.35 	1 	38.20 	4.85 	0 	-3	 7.80	 36.50 
9600	 43.23 	1 	40.72 	2.51 	0 	-3	 8.00	 41.21 
9700	 42.96 	1 	41.84 	1.12 	0 	-3	 7.23	 42.44 
9800	 50.52 	1 	46.18 	4.34 	0 	-3	 7.26	 48.09 
9900	 47.05 	1 	46.61 	0.44 	0 	-3	 6.88	 47.36 
10000	 33.62 	1 	40.12 	6.50 	0 	-3	 7.54	 37.74 
10100	 33.62 	1 	36.87 	3.25 	0 	-3	 6.79	 34.86 
10200	 42.69 	1 	39.78 	2.91 	0 	-3	 7.01	 40.34 
10300	 49.81 	1 	44.79 	5.02 	0 	-3	 7.02	 46.97 
10400	 46.61 	1 	45.70 	0.91 	0 	-3	 6.64	 46.72 
10500	 33.53 	1 	39.62 	6.09 	0 	-3	 7.29	 37.49 
10600	 36.82 	1 	38.22 	1.40 	0 	-3	 6.89	 37.02 
10700	 43.31 	1 	40.76 	2.55 	0 	-3	 6.85	 41.42 
10800	 33.26 	1 	37.01 	3.75 	0 	-3	 7.17	 35.71 
10900	 33.44 	1 	35.23 	1.79 	0 	-3	 6.47	 34.12 
11000	 33.17 	1 	34.20 	1.03 	0 	-3	 5.85	 33.46 
11100	 39.84 	1 	37.02 	2.82 	0 	-3	 5.93	 37.92 
11200	 47.68 	1 	42.35 	5.33 	0 	-3	 6.12	 44.75 
11300	 43.31 	1 	42.83 	0.48 	0 	-3	 5.95	 43.74 
11400	 42.87 	1 	42.85 	0.02 	0 	-3	 5.40	 43.13 
11500	 33.26 	1 	38.05 	4.79 	0 	-3	 5.82	 36.22 
11600	 33.88 	1 	35.97 	2.09 	0 	-3	 5.30	 34.58 
11700	 32.81 	1 	34.39 	1.58 	0 	-3	 4.87	 33.34 
11800	 33.70 	1 	34.04 	0.34 	0 	-3	 4.48	 33.59 
11900	 33.53 	1 	33.79 	0.26 	0 	-3	 4.05	 33.55 
12000	 42.60 	1 	38.19 	4.41 	0 	-3	 4.55	 39.88 
12100	 50.08 	1 	44.14 	5.94 	0 	-3	 4.84	 47.02 
12200	 43.05 	1 	43.59 	0.54 	0 	-3	 5.06	 44.24 
12300	 33.53 	1 	38.56 	5.03 	0 	-3	 5.51	 36.74 
12400	 33.53 	1 	38.56 	5.03 	1 	-3	 5.51	 36.74 
12500	 43.05 	1 	40.81 	2.24 	0 	-3	 5.91	 41.16 
12600	 33.62 	1 	37.21 	3.59 	0 	-3	 6.26	 35.88 
12700	 32.73 	1 	34.97 	2.24 	0 	-3	 5.72	 33.68 
12800	 33.62 	1 	34.30 	0.68 	0 	-3	 5.24	 33.64 
12900	 33.62 	1 	33.96 	0.34 	0 	-3	 4.72	 33.62 
13000	 33.62 	1 	33.96 	0.34 	1 	-3	 4.72	 33.62 
13100	 33.88 	1 	33.92 	0.04 	0 	-3	 4.27	 33.80 
13200	 33.88 	1 	33.90 	0.02 	0 	-3	 3.84	 33.86 
13300	 33.88 	1 	33.90 	0.02 	1 	-3	 3.84	 33.86 
13400	 33.79 	1 	33.84 	0.05 	0 	-3	 3.47	 33.81 
13500	 42.60 	1 	38.22 	4.38 	0 	-3	 4.00	 39.96 
13600	 33.70 	1 	35.96 	2.26 	0 	-3	 4.49	 35.58 
13700	 33.70 	1 	35.96 	2.26 	1 	-3	 4.49	 35.58 
13800	 33.70 	1 	34.83 	1.13 	0 	-3	 4.04	 34.26 
13900	 42.87 	1 	38.85 	4.02 	0 	-3	 4.56	 40.29 
14000	 33.62 	1 	36.24 	2.62 	0 	-3	 5.02	 35.62 
14100	 33.62 	1 	36.24 	2.62 	1 	-3	 5.02	 35.62 
14200	 43.05 	1 	39.64 	3.41 	0 	-3	 5.47	 40.82 
14300	 33.35 	1 	36.50 	3.15 	0 	-3	 5.89	 35.59 
14400	 33.35 	1 	36.50 	3.15 	1 	-3	 5.89	 35.59 
14500	 49.99 	1 	43.24 	6.75 	1 	-3	 6.96	 45.67 
14600	 40.38 	1 	41.81 	1.43 	0 	-3	 7.23	 41.97 
14700	 46.79 	1 	44.30 	2.49 	0 	-3	 7.15	 45.34 
14800	 43.31 	1 	43.81 	0.50 	0 	-3	 6.78	 43.92 
14900	 50.26 	1 	47.03 	3.23 	0 	-3	 6.80	 48.36 
15000	 46.61 	1 	46.82 	0.21 	0 	-3	 6.48	 47.13 
15100	 43.31 	1 	45.07 	1.76 	0 	-3	 6.16	 44.46 
