#Time(ms)	  xPos 	 yPos 	 zPos 	 xVal 	 yVal 	 zVal 	 State 	 oRoll 	 oPitch 	 oYaw 	 oThrottle 	 spX 	 spY 	 spZ 
200	 0.00	 0.00	 0.00	 0	 0	 0	 hover	 1500	 1500	 1500	 1000	 0.00	 0.00	 0.00
300	 0.00	 0.00	 0.00	 0	 0	 0	 hover	 1500	 1500	 1500	 1000	 0.00	 0.00	 0.00
400	 0.00	 0.00	 0.00	 1	 1	 1	 hover	 1500	 1500	 1500	 1000	 0.00	 0.00	 0.00
500	 0.42	 0.27	 -0.39	 1	 1	 1	 hover	 1499	 1500	 1500	 995	 0.00	 0.00	 0.00
600	 0.36	 0.19	 0.67	 1	 1	 1	 hover	 1499	 1500	 1500	 1007	 0.00	 0.00	 0.00
700	 -0.89	 0.00	 0.08	 1	 1	 1	 hover	 1499	 1498	 1500	 1001	 0.00	 0.00	 0.00
800	 0.12	 -25.19	 -0.19	 1	 1	 1	 hover	 1550	 1500	 1500	 998	 0.00	 0.00	 0.00
900	 1.06	 -4.29	 -0.46	 1	 1	 1	 hover	 1508	 1502	 1500	 994	 0.00	 0.00	 0.00
1000	 0.19	 -2.80	 -0.19	 1	 1	 1	 hover	 1505	 1500	 1500	 997	 0.00	 0.00	 0.00
1100	 0.05	 -2.29	 -0.78	 1	 1	 1	 hover	 1504	 1500	 1500	 989	 0.00	 0.00	 0.00
1200	 0.73	 -2.04	 -0.61	 1	 1	 1	 hover	 1504	 1501	 1500	 990	 0.00	 0.00	 0.00
1300	 1.03	 -1.97	 -0.88	 1	 1	 1	 hover	 1503	 1502	 1500	 985	 0.00	 0.00	 0.00
1400	 0.39	 -1.87	 -1.01	 1	 1	 1	 hover	 1503	 1500	 1500	 982	 0.00	 0.00	 0.00
1500	 0.41	 -2.14	 -1.08	 1	 1	 1	 hover	 1504	 1500	 1500	 979	 0.00	 0.00	 0.00
1600	 1.37	 -2.10	 -1.09	 1	 1	 1	 hover	 1504	 1502	 1500	 977	 0.00	 0.00	 0.00
1700	 1.06	 -1.94	 -1.18	 1	 1	 1	 hover	 1503	 1502	 1500	 974	 0.00	 0.00	 0.00
1800	 0.41	 -2.27	 -0.41	 1	 1	 1	 hover	 1504	 1500	 1500	 980	 0.00	 0.00	 0.00
1900	 0.64	 -1.97	 -0.28	 1	 1	 1	 hover	 1503	 1501	 1500	 981	 0.00	 0.00	 0.00
2000	 1.17	 -1.92	 -0.91	 1	 1	 1	 hover	 1503	 1502	 1500	 973	 0.00	 0.00	 0.00
2100	 1.45	 -1.75	 -1.06	 1	 1	 1	 hover	 1503	 1502	 1500	 969	 0.00	 0.00	 0.00
2200	 0.94	 -2.21	 -1.03	 1	 1	 1	 hover	 1504	 1501	 1500	 968	 0.00	 0.00	 0.00
2300	 1.44	 -2.15	 -1.16	 1	 1	 1	 hover	 1504	 1502	 1500	 964	 0.00	 0.00	 0.00
2400	 0.91	 -2.21	 -0.64	 1	 1	 1	 hover	 1504	 1501	 1500	 968	 0.00	 0.00	 0.00
2500	 1.02	 -1.74	 -0.19	 1	 1	 1	 hover	 1503	 1502	 1500	 972	 0.00	 0.00	 0.00
2600	 1.45	 -1.77	 -0.94	 1	 1	 1	 hover	 1503	 1502	 1500	 963	 0.00	 0.00	 0.00
2700	 1.11	 -1.31	 -1.30	 1	 1	 1	 hover	 1502	 1502	 1500	 956	 0.00	 0.00	 0.00
2800	 1.21	 -1.50	 -1.49	 1	 1	 1	 hover	 1503	 1502	 1500	 952	 0.00	 0.00	 0.00
2900	 1.34	 -1.59	 -1.55	 1	 1	 1	 hover	 1503	 1502	 1500	 948	 0.00	 0.00	 0.00
3000	 1.27	 3.01	 -1.71	 1	 1	 1	 hover	 1493	 1502	 1500	 943	 0.00	 0.00	 0.00
3100	 1.10	 1.80	 -1.18	 1	 1	 1	 hover	 1496	 1502	 1500	 946	 0.00	 0.00	 0.00
3200	 0.30	 1.43	 -2.06	 1	 1	 1	 hover	 1497	 1500	 1500	 933	 0.00	 0.00	 0.00
3300	 1.24	 1.12	 0.94	 1	 1	 1	 hover	 1497	 1502	 1500	 965	 0.00	 0.00	 0.00
3400	 1.54	 0.97	 1.41	 1	 1	 1	 hover	 1498	 1503	 1500	 972	 0.00	 0.00	 0.00
3500	 1.08	 1.02	 2.12	 1	 1	 1	 hover	 1497	 1502	 1500	 984	 0.00	 0.00	 0.00
3600	 0.51	 0.86	 0.99	 1	 1	 1	 hover	 1498	 1501	 1500	 974	 0.00	 0.00	 0.00
3700	 1.22	 0.39	 0.88	 1	 1	 1	 hover	 1499	 1502	 1500	 975	 0.00	 0.00	 0.00
3800	 1.32	 0.50	 0.72	 1	 1	 1	 hover	 1498	 1502	 1500	 975	 0.00	 0.00	 0.00
3900	 1.30	 0.54	 1.29	 1	 1	 1	 hover	 1498	 1502	 1500	 983	 0.00	 0.00	 0.00
4000	 0.69	 -0.13	 0.88	 1	 1	 1	 hover	 1500	 1501	 1500	 981	 0.00	 0.00	 0.00
4100	 0.70	 -0.14	 0.72	 1	 1	 1	 hover	 1500	 1501	 1500	 980	 0.00	 0.00	 0.00
4200	 0.65	 0.05	 0.65	 1	 1	 1	 hover	 1499	 1501	 1500	 981	 0.00	 0.00	 0.00
4300	 1.29	 -0.04	 0.78	 1	 1	 1	 hover	 1500	 1502	 1500	 984	 0.00	 0.00	 0.00
4400	 1.54	 -0.06	 0.80	 1	 1	 1	 hover	 1500	 1503	 1500	 986	 0.00	 0.00	 0.00
4500	 1.06	 -0.03	 0.80	 1	 1	 1	 hover	 1500	 1502	 1500	 987	 0.00	 0.00	 0.00
4600	 1.03	 -0.25	 0.83	 1	 1	 1	 hover	 1500	 1502	 1500	 989	 0.00	 0.00	 0.00
4700	 0.91	 -0.25	 0.75	 1	 1	 1	 hover	 1500	 1501	 1500	 990	 0.00	 0.00	 0.00
4800	 0.46	 -0.55	 0.85	 1	 1	 1	 hover	 1501	 1500	 1500	 993	 0.00	 0.00	 0.00
4900	 0.71	 -0.60	 0.86	 1	 1	 1	 hover	 1501	 1501	 1500	 995	 0.00	 0.00	 0.00
5000	 0.46	 -0.97	 0.96	 1	 1	 1	 hover	 1501	 1500	 1500	 997	 0.00	 0.00	 0.00
5100	 0.69	 -0.88	 0.96	 1	 1	 1	 hover	 1501	 1501	 1500	 999	 0.00	 0.00	 0.00
5200	 0.02	 -1.08	 0.57	 1	 1	 1	 hover	 1502	 1500	 1500	 997	 0.00	 0.00	 0.00
5300	 0.90	 -0.86	 0.73	 1	 1	 1	 hover	 1501	 1501	 1500	 1000	 0.00	 0.00	 0.00
5400	 0.84	 -0.69	 0.84	 1	 1	 1	 hover	 1501	 1501	 1500	 1002	 0.00	 0.00	 0.00
5500	 0.83	 -0.62	 0.85	 1	 1	 1	 hover	 1501	 1501	 1500	 1004	 0.00	 0.00	 0.00
5600	 0.84	 -0.27	 1.03	 1	 1	 1	 hover	 1500	 1501	 1500	 1008	 0.00	 0.00	 0.00
5700	 0.92	 -0.73	 0.81	 1	 1	 1	 hover	 1501	 1501	 1500	 1008	 0.00	 0.00	 0.00
5800	 1.16	 -0.79	 1.00	 1	 1	 1	 hover	 1501	 1502	 1500	 1012	 0.00	 0.00	 0.00
5900	 0.55	 -1.50	 0.99	 1	 1	 1	 hover	 1502	 1501	 1500	 1013	 0.00	 0.00	 0.00
6000	 0.37	 -1.44	 0.53	 1	 1	 1	 hover	 1502	 1500	 1500	 1010	 0.00	 0.00	 0.00
6100	 1.10	 -1.49	 0.43	 1	 1	 1	 hover	 1502	 1502	 1500	 1010	 0.00	 0.00	 0.00
6200	 0.64	 -1.42	 1.88	 1	 1	 1	 hover	 1502	 1501	 1500	 1028	 0.00	 0.00	 0.00
6300	 1.71	 -0.81	 2.27	 1	 1	 1	 hover	 1501	 1503	 1500	 1036	 0.00	 0.00	 0.00
6400	 0.65	 -0.91	 2.43	 1	 1	 1	 hover	 1501	 1501	 1500	 1043	 0.00	 0.00	 0.00
6500	 1.70	 -0.69	 2.64	 1	 1	 1	 hover	 1501	 1503	 1500	 1050	 0.00	 0.00	 0.00
6600	 0.93	 -0.57	 2.90	 1	 1	 1	 hover	 1501	 1501	 1500	 1059	 0.00	 0.00	 0.00
6700	 0.24	 -1.60	 3.17	 1	 1	 1	 hover	 1503	 1500	 1500	 1068	 0.00	 0.00	 0.00
6800	 0.39	 -1.68	 2.69	 1	 1	 1	 hover	 1503	 1500	 1500	 1068	 0.00	 0.00	 0.00
6900	 0.44	 -0.86	 2.49	 1	 1	 1	 hover	 1501	 1500	 1500	 1071	 0.00	 0.00	 0.00
7000	 0.59	 -0.77	 2.77	 1	 1	 1	 hover	 1501	 1501	 1500	 1079	 0.00	 0.00	 0.00
7100	 0.53	 -0.69	 2.88	 1	 1	 1	 hover	 1501	 1501	 1500	 1086	 0.00	 0.00	 0.00
7200	 0.63	 -1.86	 2.92	 1	 1	 1	 hover	 1503	 1501	 1500	 1093	 0.00	 0.00	 0.00
7300	 1.41	 -2.01	 2.87	 1	 1	 1	 hover	 1504	 1502	 1500	 1098	 0.00	 0.00	 0.00
7400	 1.67	 -1.91	 2.51	 1	 1	 1	 hover	 1503	 1503	 1500	 1099	 0.00	 0.00	 0.00
7500	 1.38	 -1.86	 2.50	 1	 1	 1	 hover	 1503	 1502	 1500	 1104	 0.00	 0.00	 0.00
7600	 1.63	 -1.83	 2.73	 1	 1	 1	 hover	 1503	 1503	 1500	 1112	 0.00	 0.00	 0.00
7700	 1.14	 -1.91	 2.79	 1	 1	 1	 hover	 1503	 1502	 1500	 1118	 0.00	 0.00	 0.00
7800	 1.39	 -2.16	 2.88	 1	 1	 1	 hover	 1504	 1502	 1500	 1125	 0.00	 0.00	 0.00
7900	 1.10	 -2.33	 2.88	 1	 1	 1	 hover	 1504	 1502	 1500	 1131	 0.00	 0.00	 0.00
8000	 1.09	 -2.68	 2.88	 1	 1	 1	 hover	 1505	 1502	 1500	 1136	 0.00	 0.00	 0.00
8100	 0.49	 -1.76	 2.77	 1	 1	 1	 hover	 1503	 1500	 1500	 1141	 0.00	 0.00	 0.00
8200	 0.77	 -1.71	 2.60	 1	 1	 1	 hover	 1503	 1501	 1500	 1144	 0.00	 0.00	 0.00
8300	 1.12	 -2.02	 2.65	 1	 1	 1	 hover	 1504	 1502	 1500	 1150	 0.00	 0.00	 0.00
8400	 1.23	 -2.20	 2.84	 1	 1	 1	 hover	 1504	 1502	 1500	 1158	 0.00	 0.00	 0.00
8500	 0.36	 -0.24	 2.50	 1	 1	 1	 hover	 1500	 1500	 1500	 1159	 0.00	 0.00	 0.00
8600	 0.00	 -1.25	 2.73	 1	 1	 1	 hover	 1502	 1500	 1500	 1167	 0.00	 0.00	 0.00
8700	 0.56	 -1.56	 2.81	 1	 1	 1	 hover	 1503	 1501	 1500	 1173	 0.00	 0.00	 0.00
8800	 0.86	 -1.93	 2.88	 1	 1	 1	 hover	 1503	 1501	 1500	 1180	 0.00	 0.00	 0.00
8900	 -0.10	 -2.24	 2.97	 1	 1	 1	 hover	 1504	 1499	 1500	 1187	 0.00	 0.00	 0.00
9000	 0.22	 -2.22	 3.05	 1	 1	 1	 hover	 1504	 1500	 1500	 1194	 0.00	 0.00	 0.00
9100	 -0.16	 -2.35	 2.60	 1	 1	 1	 hover	 1504	 1499	 1500	 1194	 0.00	 0.00	 0.00
9200	 -0.17	 -12.89	 2.77	 1	 1	 1	 hover	 1525	 1499	 1500	 1202	 0.00	 0.00	 0.00
9300	 1.17	 -4.52	 3.24	 1	 1	 1	 hover	 1509	 1502	 1500	 1213	 0.00	 0.00	 0.00
9400	 0.61	 -3.18	 3.16	 1	 1	 1	 hover	 1506	 1501	 1500	 1218	 0.00	 0.00	 0.00
9500	 0.63	 -3.30	 2.54	 1	 1	 1	 hover	 1506	 1501	 1500	 1217	 0.00	 0.00	 0.00
9600	 0.45	 -4.00	 2.58	 1	 1	 1	 hover	 1507	 1500	 1500	 1223	 0.00	 0.00	 0.00
9700	 0.39	 -2.27	 2.96	 1	 1	 1	 hover	 1504	 1500	 1500	 1232	 0.00	 0.00	 0.00
9800	 1.56	 -2.63	 2.84	 1	 1	 1	 hover	 1505	 1503	 1500	 1237	 0.00	 0.00	 0.00
9900	 1.64	 0.30	 2.70	 1	 1	 1	 hover	 1499	 1503	 1500	 1241	 0.00	 0.00	 0.00
10000	 0.96	 1.24	 2.75	 1	 1	 1	 hover	 1497	 1501	 1500	 1247	 0.00	 0.00	 0.00
10100	 0.78	 1.70	 2.71	 1	 1	 1	 hover	 1496	 1501	 1500	 1252	 0.00	 0.00	 0.00
10200	 1.16	 1.09	 2.81	 1	 1	 1	 hover	 1497	 1502	 1500	 1259	 0.00	 0.00	 0.00
10300	 1.51	 2.29	 2.98	 1	 1	 1	 hover	 1495	 1503	 1500	 1266	 0.00	 0.00	 0.00
10400	 1.49	 2.56	 2.90	 1	 1	 1	 hover	 1494	 1502	 1500	 1271	 0.00	 0.00	 0.00
10500	 1.05	 2.64	 2.48	 1	 1	 1	 hover	 1494	 1502	 1500	 1272	 0.00	 0.00	 0.00
10600	 0.27	 3.50	 2.94	 1	 1	 1	 hover	 1492	 1500	 1500	 1282	 0.00	 0.00	 0.00
10700	 0.29	 2.76	 2.93	 1	 1	 1	 hover	 1494	 1500	 1500	 1288	 0.00	 0.00	 0.00
10800	 0.62	 2.76	 2.81	 1	 1	 1	 hover	 1494	 1501	 1500	 1293	 0.00	 0.00	 0.00
10900	 0.77	 2.84	 2.70	 1	 1	 1	 hover	 1494	 1501	 1500	 1297	 0.00	 0.00	 0.00
11000	 0.75	 2.79	 2.09	 1	 1	 1	 hover	 1494	 1501	 1500	 1295	 0.00	 0.00	 0.00
11100	 0.29	 2.91	 2.62	 1	 1	 1	 hover	 1494	 1500	 1500	 1306	 0.00	 0.00	 0.00
11200	 1.33	 2.41	 2.30	 1	 1	 1	 hover	 1495	 1502	 1500	 1307	 0.00	 0.00	 0.00
11300	 0.76	 2.10	 2.50	 1	 1	 1	 hover	 1495	 1501	 1500	 1314	 0.00	 0.00	 0.00
11400	 0.50	 2.00	 2.00	 1	 1	 1	 hover	 1496	 1500	 1500	 1313	 0.00	 0.00	 0.00
11500	 0.51	 2.05	 1.90	 1	 1	 1	 hover	 1495	 1501	 1500	 1316	 0.00	 0.00	 0.00
11600	 0.60	 2.33	 1.86	 1	 1	 1	 hover	 1495	 1501	 1500	 1319	 0.00	 0.00	 0.00
11700	 0.10	 2.56	 1.73	 1	 1	 1	 hover	 1494	 1500	 1500	 1321	 0.00	 0.00	 0.00
11800	 0.31	 2.77	 1.70	 1	 1	 1	 hover	 1494	 1500	 1500	 1324	 0.00	 0.00	 0.00
11900	 0.42	 2.97	 1.64	 1	 1	 1	 hover	 1494	 1500	 1500	 1327	 0.00	 0.00	 0.00
12000	 1.10	 2.69	 -0.25	 1	 1	 1	 hover	 1494	 1502	 1500	 1308	 0.00	 0.00	 0.00
12100	 1.66	 2.60	 -0.74	 1	 1	 1	 hover	 1494	 1503	 1500	 1301	 0.00	 0.00	 0.00
12200	 1.41	 2.67	 -0.99	 1	 1	 1	 hover	 1494	 1502	 1500	 1297	 0.00	 0.00	 0.00
12300	 1.01	 2.68	 -0.60	 1	 1	 1	 hover	 1494	 1502	 1500	 1299	 0.00	 0.00	 0.00
12400	 1.05	 2.07	 -0.38	 1	 1	 1	 hover	 1495	 1502	 1500	 1301	 0.00	 0.00	 0.00
12500	 0.58	 1.45	 -0.60	 1	 1	 1	 hover	 1497	 1501	 1500	 1297	 0.00	 0.00	 0.00
12600	 0.72	 2.10	 -1.78	 1	 1	 1	 hover	 1495	 1501	 1500	 1282	 0.00	 0.00	 0.00
12700	 -0.13	 3.66	 -1.69	 1	 1	 1	 hover	 1492	 1499	 1500	 1280	 0.00	 0.00	 0.00
12800	 0.30	 3.78	 -1.48	 1	 1	 1	 hover	 1492	 1500	 1500	 1279	 0.00	 0.00	 0.00
12900	 0.41	 3.73	 -1.12	 1	 1	 1	 hover	 1492	 1500	 1500	 1280	 0.00	 0.00	 0.00
13000	 0.51	 3.29	 0.65	 1	 1	 1	 hover	 1493	 1501	 1500	 1299	 0.00	 0.00	 0.00
13100	 0.54	 3.30	 0.81	 1	 1	 1	 hover	 1493	 1501	 1500	 1302	 0.00	 0.00	 0.00
13200	 0.55	 3.40	 0.78	 1	 1	 1	 hover	 1493	 1501	 1500	 1304	 0.00	 0.00	 0.00
13300	 0.61	 3.09	 1.52	 1	 1	 1	 hover	 1493	 1501	 1500	 1314	 0.00	 0.00	 0.00
13400	 0.64	 3.13	 1.70	 1	 1	 1	 hover	 1493	 1501	 1500	 1319	 0.00	 0.00	 0.00
13500	 1.20	 2.84	 1.34	 1	 1	 1	 hover	 1494	 1502	 1500	 1318	 0.00	 0.00	 0.00
13600	 0.91	 2.79	 1.43	 1	 1	 1	 hover	 1494	 1501	 1500	 1322	 0.00	 0.00	 0.00
13700	 0.97	 2.59	 0.71	 1	 1	 1	 hover	 1494	 1501	 1500	 1316	 0.00	 0.00	 0.00
13800	 0.85	 2.63	 0.76	 1	 1	 1	 hover	 1494	 1501	 1500	 1318	 0.00	 0.00	 0.00
13900	 0.46	 2.51	 1.23	 1	 1	 1	 hover	 1494	 1500	 1500	 1326	 0.00	 0.00	 0.00
14000	 0.65	 2.48	 0.57	 1	 1	 1	 hover	 1495	 1501	 1500	 1320	 0.00	 0.00	 0.00
14100	 0.78	 2.34	 1.12	 1	 1	 1	 hover	 1495	 1501	 1500	 1328	 0.00	 0.00	 0.00
14200	 1.17	 2.38	 0.48	 1	 1	 1	 hover	 1495	 1502	 1500	 1322	 0.00	 0.00	 0.00
14300	 0.93	 2.89	 1.43	 1	 1	 1	 hover	 1494	 1501	 1500	 1335	 0.00	 0.00	 0.00
14400	 0.96	 2.67	 0.52	 1	 1	 1	 hover	 1494	 1501	 1500	 1327	 0.00	 0.00	 0.00
14500	 1.35	 3.09	 0.54	 1	 1	 1	 hover	 1493	 1502	 1500	 1328	 0.00	 0.00	 0.00
14600	 0.52	 3.95	 -0.98	 1	 1	 1	 hover	 1492	 1501	 1500	 1311	 0.00	 0.00	 0.00
14700	 1.21	 3.82	 -1.19	 1	 1	 1	 hover	 1492	 1502	 1500	 1306	 0.00	 0.00	 0.00
14800	 0.62	 3.69	 0.02	 1	 1	 1	 hover	 1492	 1501	 1500	 1318	 0.00	 0.00	 0.00
14900	 1.56	 3.59	 -0.56	 1	 1	 1	 hover	 1492	 1503	 1500	 1312	 0.00	 0.00	 0.00
15000	 1.57	 3.70	 -0.69	 1	 1	 1	 hover	 1492	 1503	 1500	 1309	 0.00	 0.00	 0.00
15100	 0.83	 2.81	 -1.69	 1	 1	 1	 hover	 1494	 1501	 1500	 1295	 0.00	 0.00	 0.00
