#Time(ms)	 Value 	 Validity 	 avgValue 	 Diff 	 Outliers 	 invalidReason	 SD 
200	 -1.00 	0 	0.00 	1.00 	1 	0	 0.00	 0.00 
300	 246.56 	0 	123.28 	123.28 	1 	123.28	 24.76	 172.59 
400	 249.86 	1 	186.57 	63.29 	0 	-3	 22.61	 226.68 
500	 248.97 	1 	217.77 	31.20 	0 	-3	 20.44	 242.28 
600	 251.10 	1 	234.44 	16.66 	0 	-3	 18.61	 248.45 
700	 249.05 	1 	241.74 	7.31 	0 	-3	 16.95	 248.87 
800	 253.15 	1 	247.45 	5.70 	0 	-3	 15.67	 251.87 
900	 249.32 	1 	248.38 	0.94 	0 	-3	 14.48	 250.08 
1000	 248.43 	1 	248.41 	0.02 	0 	-3	 13.12	 248.93 
1100	 247.99 	1 	248.20 	0.21 	0 	-3	 11.86	 248.27 
1200	 246.56 	1 	247.38 	0.82 	0 	-3	 10.81	 247.07 
1300	 246.56 	1 	246.97 	0.41 	0 	-3	 9.73	 246.71 
1400	 246.83 	1 	246.90 	0.07 	0 	-3	 8.79	 246.80 
1500	 248.16 	1 	247.53 	0.63 	0 	-3	 8.04	 247.75 
1600	 247.01 	1 	247.27 	0.26 	0 	-3	 7.35	 247.23 
1700	 246.83 	1 	247.05 	0.22 	0 	-3	 6.63	 246.95 
1800	 246.74 	1 	246.89 	0.15 	0 	-3	 5.98	 246.80 
1900	 245.14 	1 	246.02 	0.88 	0 	-3	 5.54	 245.64 
2000	 244.87 	1 	245.44 	0.57 	0 	-3	 5.01	 245.10 
2100	 243.72 	1 	244.58 	0.86 	0 	-3	 4.63	 244.13 
2200	 246.92 	1 	245.75 	1.17 	0 	-3	 4.49	 246.08 
2300	 246.03 	1 	245.89 	0.14 	0 	-3	 4.13	 246.05 
2400	 248.43 	1 	247.16 	1.27 	0 	-3	 3.95	 247.71 
2500	 244.78 	1 	245.97 	1.19 	0 	-3	 3.92	 245.66 
2600	 247.72 	1 	246.85 	0.87 	0 	-3	 3.82	 247.10 
2700	 245.14 	1 	245.99 	0.85 	0 	-3	 3.70	 245.73 
2800	 246.47 	1 	246.23 	0.24 	0 	-3	 3.46	 246.25 
2900	 248.25 	1 	247.24 	1.01 	0 	-3	 3.29	 247.65 
3000	 182.67 	1 	214.96 	32.29 	0 	-3	 9.52	 202.16 
3100	 245.67 	1 	230.31 	15.36 	0 	-3	 14.87	 232.62 
3200	 245.58 	1 	237.95 	7.63 	0 	-3	 13.39	 241.69 
3300	 245.50 	1 	241.72 	3.78 	0 	-3	 12.06	 244.36 
3400	 245.50 	1 	243.61 	1.89 	0 	-3	 10.86	 245.16 
3500	 248.97 	1 	246.29 	2.68 	0 	-3	 10.12	 247.83 
3600	 250.12 	1 	248.21 	1.91 	0 	-3	 9.22	 249.43 
3700	 247.01 	1 	247.61 	0.60 	0 	-3	 8.61	 247.74 
3800	 247.01 	1 	247.31 	0.30 	0 	-3	 7.75	 247.23 
3900	 248.70 	1 	248.00 	0.70 	0 	-3	 7.14	 248.26 
4000	 251.46 	1 	249.73 	1.73 	0 	-3	 6.70	 250.50 
4100	 250.75 	1 	250.24 	0.51 	0 	-3	 6.10	 250.67 
4200	 248.52 	1 	249.38 	0.86 	0 	-3	 5.72	 249.17 
4300	 246.47 	1 	247.93 	1.46 	0 	-3	 5.35	 247.28 
4400	 246.47 	1 	247.20 	0.73 	0 	-3	 4.82	 246.71 
4500	 248.43 	1 	247.81 	0.62 	0 	-3	 4.53	 247.91 
4600	 246.56 	1 	247.19 	0.63 	0 	-3	 4.26	 246.97 
4700	 248.43 	1 	247.81 	0.62 	0 	-3	 4.02	 247.99 
4800	 249.59 	1 	248.70 	0.89 	0 	-3	 3.74	 249.11 
4900	 250.21 	1 	249.45 	0.76 	0 	-3	 3.43	 249.88 
5000	 244.78 	1 	247.12 	2.34 	0 	-3	 3.63	 246.31 
5100	 244.34 	1 	245.73 	1.39 	0 	-3	 3.31	 244.93 
5200	 246.74 	1 	246.23 	0.51 	0 	-3	 3.22	 246.20 
5300	 245.32 	1 	245.78 	0.46 	0 	-3	 3.04	 245.58 
5400	 244.52 	1 	245.15 	0.63 	0 	-3	 2.81	 244.84 
5500	 247.27 	1 	246.21 	1.06 	0 	-3	 2.81	 246.54 
5600	 244.52 	1 	245.36 	0.84 	0 	-3	 2.80	 245.13 
5700	 244.25 	1 	244.81 	0.56 	0 	-3	 2.55	 244.51 
5800	 244.78 	1 	244.79 	0.01 	0 	-3	 2.35	 244.70 
5900	 247.01 	1 	245.90 	1.11 	0 	-3	 2.33	 246.32 
6000	 245.67 	1 	245.79 	0.12 	0 	-3	 2.24	 245.86 
6100	 247.01 	1 	246.40 	0.61 	0 	-3	 2.15	 246.67 
6200	 247.27 	1 	246.83 	0.44 	0 	-3	 1.96	 247.09 
6300	 244.16 	1 	245.50 	1.34 	0 	-3	 2.07	 245.04 
6400	 245.58 	1 	245.54 	0.04 	0 	-3	 2.01	 245.42 
6500	 243.80 	1 	244.67 	0.87 	0 	-3	 1.98	 244.29 
6600	 244.52 	1 	244.59 	0.07 	0 	-3	 1.86	 244.45 
6700	 245.94 	1 	245.27 	0.67 	0 	-3	 1.81	 245.49 
6800	 249.50 	1 	247.38 	2.12 	0 	-3	 1.99	 248.30 
6900	 244.52 	1 	245.95 	1.43 	0 	-3	 2.29	 245.65 
7000	 247.01 	1 	246.48 	0.53 	0 	-3	 2.31	 246.60 
7100	 246.21 	1 	246.35 	0.14 	0 	-3	 2.16	 246.33 
7200	 245.85 	1 	246.10 	0.25 	0 	-3	 1.98	 245.99 
7300	 245.85 	1 	245.97 	0.12 	0 	-3	 1.78	 245.89 
7400	 245.41 	1 	245.69 	0.28 	0 	-3	 1.65	 245.55 
7500	 248.61 	1 	247.15 	1.46 	0 	-3	 1.80	 247.69 
7600	 249.77 	1 	248.46 	1.31 	0 	-3	 1.74	 249.15 
7700	 248.43 	1 	248.45 	0.02 	0 	-3	 1.70	 248.65 
7800	 247.72 	1 	248.08 	0.36 	0 	-3	 1.60	 248.00 
7900	 250.21 	1 	249.15 	1.06 	0 	-3	 1.69	 249.55 
8000	 247.63 	1 	248.39 	0.76 	0 	-3	 1.78	 248.20 
8100	 244.34 	1 	246.36 	2.02 	0 	-3	 1.93	 245.50 
8200	 244.61 	1 	245.49 	0.88 	0 	-3	 1.76	 244.88 
8300	 244.87 	1 	245.18 	0.31 	0 	-3	 1.61	 244.87 
8400	 244.78 	1 	244.98 	0.20 	0 	-3	 1.46	 244.81 
8500	 236.15 	1 	240.56 	4.41 	0 	-3	 2.18	 238.75 
8600	 245.50 	1 	243.03 	2.47 	0 	-3	 2.89	 243.47 
8700	 246.21 	1 	244.62 	1.59 	0 	-3	 2.68	 245.39 
8800	 245.94 	1 	245.28 	0.66 	0 	-3	 2.44	 245.77 
8900	 246.21 	1 	245.75 	0.46 	0 	-3	 2.22	 246.08 
9000	 249.05 	1 	247.40 	1.65 	0 	-3	 2.28	 248.16 
9100	 247.90 	1 	247.65 	0.25 	0 	-3	 2.17	 247.98 
9200	 235.97 	1 	241.81 	5.84 	0 	-3	 3.14	 239.57 
9300	 246.03 	1 	243.92 	2.11 	0 	-3	 3.84	 244.09 
9400	 243.80 	1 	243.86 	0.06 	0 	-3	 3.68	 243.89 
9500	 247.27 	1 	245.56 	1.71 	0 	-3	 3.65	 246.26 
9600	 249.86 	1 	247.71 	2.15 	0 	-3	 3.55	 248.78 
9700	 244.61 	1 	246.16 	1.55 	0 	-3	 3.72	 245.86 
9800	 259.38 	1 	252.77 	6.61 	0 	-3	 4.82	 255.32 
9900	 244.16 	1 	248.47 	4.31 	0 	-3	 5.86	 247.51 
10000	 241.67 	1 	245.07 	3.40 	0 	-3	 5.53	 243.42 
10100	 240.69 	1 	242.88 	2.19 	0 	-3	 5.07	 241.51 
10200	 252.26 	1 	247.57 	4.69 	0 	-3	 5.72	 249.03 
10300	 241.05 	1 	244.31 	3.26 	0 	-3	 6.27	 243.45 
10400	 240.33 	1 	242.32 	1.99 	0 	-3	 5.71	 241.26 
10500	 242.20 	1 	242.26 	0.06 	0 	-3	 5.33	 241.92 
10600	 232.95 	1 	237.60 	4.65 	0 	-3	 5.72	 235.64 
10700	 239.44 	1 	238.52 	0.92 	0 	-3	 5.80	 238.30 
10800	 240.69 	1 	239.61 	1.08 	0 	-3	 5.34	 239.97 
10900	 240.42 	1 	240.01 	0.41 	0 	-3	 4.84	 240.29 
11000	 242.20 	1 	241.11 	1.09 	0 	-3	 4.53	 241.63 
11100	 239.35 	1 	240.23 	0.88 	0 	-3	 4.36	 240.03 
11200	 249.23 	1 	244.73 	4.50 	0 	-3	 4.91	 246.47 
11300	 248.97 	1 	246.85 	2.12 	0 	-3	 4.45	 248.22 
11400	 244.52 	1 	245.68 	1.16 	0 	-3	 4.45	 245.63 
11500	 248.34 	1 	247.01 	1.33 	0 	-3	 4.39	 247.53 
11600	 245.58 	1 	246.30 	0.72 	0 	-3	 4.22	 246.16 
11700	 244.43 	1 	245.36 	0.93 	0 	-3	 3.92	 244.95 
11800	 243.36 	1 	244.36 	1.00 	0 	-3	 3.63	 243.84 
11900	 242.20 	1 	243.28 	1.08 	0 	-3	 3.38	 242.69 
12000	 243.54 	1 	243.41 	0.13 	0 	-3	 3.18	 243.29 
12100	 242.91 	1 	243.16 	0.25 	0 	-3	 2.93	 243.02 
12200	 242.29 	1 	242.73 	0.44 	0 	-3	 2.69	 242.51 
12300	 246.03 	1 	244.38 	1.65 	0 	-3	 2.80	 244.97 
12400	 246.83 	1 	245.60 	1.23 	0 	-3	 2.60	 246.27 
12500	 246.92 	1 	246.26 	0.66 	0 	-3	 2.35	 246.73 
12600	 242.56 	1 	244.41 	1.85 	0 	-3	 2.55	 243.81 
12700	 231.35 	1 	237.88 	6.53 	0 	-3	 3.42	 235.09 
12800	 240.96 	1 	239.42 	1.54 	0 	-3	 4.03	 239.20 
12900	 239.89 	1 	239.66 	0.23 	0 	-3	 3.74	 239.68 
13000	 242.47 	1 	241.06 	1.41 	0 	-3	 3.62	 241.63 
13100	 241.67 	1 	241.37 	0.30 	0 	-3	 3.34	 241.66 
13200	 241.22 	1 	241.29 	0.07 	0 	-3	 3.05	 241.35 
13300	 243.00 	1 	242.15 	0.85 	0 	-3	 2.92	 242.51 
13400	 242.11 	1 	242.13 	0.02 	0 	-3	 2.72	 242.23 
13500	 242.47 	1 	242.30 	0.17 	0 	-3	 2.48	 242.40 
13600	 243.27 	1 	242.78 	0.49 	0 	-3	 2.32	 243.01 
13700	 243.00 	1 	242.89 	0.11 	0 	-3	 2.11	 243.00 
13800	 246.65 	1 	244.77 	1.88 	0 	-3	 2.27	 245.56 
13900	 240.78 	1 	242.78 	2.00 	0 	-3	 2.63	 242.21 
14000	 241.67 	1 	242.22 	0.55 	0 	-3	 2.45	 241.83 
14100	 241.31 	1 	241.77 	0.46 	0 	-3	 2.24	 241.47 
14200	 244.07 	1 	242.92 	1.15 	0 	-3	 2.29	 243.29 
14300	 240.60 	1 	241.76 	1.16 	0 	-3	 2.41	 241.41 
14400	 241.94 	1 	241.85 	0.09 	0 	-3	 2.31	 241.78 
14500	 239.00 	1 	240.42 	1.42 	0 	-3	 2.37	 239.83 
14600	 230.81 	1 	235.62 	4.81 	0 	-3	 2.95	 233.52 
14700	 244.61 	1 	240.11 	4.50 	0 	-3	 4.04	 241.28 
14800	 244.87 	1 	242.49 	2.38 	0 	-3	 3.66	 243.79 
14900	 244.07 	1 	243.28 	0.79 	0 	-3	 3.37	 243.99 
15000	 242.38 	1 	242.83 	0.45 	0 	-3	 3.20	 242.86 
15100	 245.14 	1 	243.99 	1.15 	0 	-3	 3.16	 244.46 
